Pair_name	fs_name	L	pop1_size	pop2_size	divergence_time	mig_pop1	mig_pop2	theta	nu1	nu2	Ts	m12	fs_sanitycheck	-2LL_model	AIC
KY14_US-Vir18-VA4	dadi_objects_duos/probs.KY14.US-Vir18-VA4.delim	3920367	7205.099969561572	12681.890888297554	70.47865219528767	4.084933817654413e-13	7.190002245667986e-13	929742.467207314	0.00034026876911066563	0.0005989162427706546	2.4963237637191705e-05	2.401004258093325e-09	3622857.941590929	-120074.07154602434	240156.14309204867
KY14_US-Vir18-VA4	dadi_objects_duos/probs.KY14.US-Vir18-VA4.delim	3920367	7533193.465770921	11322856.469280375	11965927.749156155	2.4780216754970703	3.724620094639719	984519.9886459456	0.3359690957768655	0.5049823646346587	4.002467622071219	14.751485816081447	3622857.941590929	-266796.2588958605	533600.517791721
KY14_US-Vir18-VA4	dadi_objects_duos/probs.KY14.US-Vir18-VA4.delim	3920367	3021.921613618365	4991.912007741417	29.40380751366115	7.537877944422218e-10	1.245181981361695e-09	933097.3225943511	0.00014220045928540806	0.0002349009243039947	1.0377258063075926e-05	1.060176314802623e-05	3622857.941590929	-120036.52412076811	240081.04824153622
KY14_US-Vir18-VA4	dadi_objects_duos/probs.KY14.US-Vir18-VA4.delim	3920367	22188910.41972164	51801106.537713766	644249.242061883	101.506945298617	236.9729738084862	228021.49703051383	4.272724901172238	9.974887167746845	0.9304308738288306	47.51391566106593	3622857.941590929	-1844438.0561134063	3688884.1122268126
KY14_US-Vir18-VA4	dadi_objects_duos/probs.KY14.US-Vir18-VA4.delim	3920367	13158753.719590697	12360780.50996341	1606690.3731726867	88.14548065349241	82.80016196981732	106300.57473915548	5.435304676987574	5.105696903271076	4.977400281912196	32.434421211635026	3622857.941590929	-913570.3343187547	1827148.6686375095
KY14_US-Vir18-VA4	dadi_objects_duos/probs.KY14.US-Vir18-VA4.delim	3920367	1481153.6482821163	2739507.645342009	39396.16563995415	1.5930895964901672	2.9465417948782324	1010009.1233524664	0.06439016876626624	0.11909457187283658	0.012845015929338144	49.48238611621036	3622857.941590929	-93191.9523280778	186391.9046561556
KY14_US-Vir18-VA4	dadi_objects_duos/probs.KY14.US-Vir18-VA4.delim	3920367	12926976.76793423	18166539.875176143	1657010.2958108974	12.867560656741574	18.08304122173331	163568.5520945461	3.470099330197696	4.876600227922619	3.336041055856701	7.416249180399394	3622857.941590929	-1093005.856337114	2186019.712674228
KY14_US-Vir18-VA4	dadi_objects_duos/probs.KY14.US-Vir18-VA4.delim	3920367	10818744.086495133	9971541.257098828	2131292.2972144196	71.87333659169106	66.2450221004884	164974.75039671917	2.87941402303599	2.6539305761759597	4.254333431783028	49.92219668077425	3622857.941590929	-736762.3233353765	1473532.646670753
KY14_US-Vir18-VA4	dadi_objects_duos/probs.KY14.US-Vir18-VA4.delim	3920367	12726908.100801812	11801107.294111649	2144451.461125012	33.795602916475524	31.337189907216633	145349.4624634917	3.8446271246515344	3.5649551992134128	4.85857353023726	17.58069212994935	3622857.941590929	-836916.1953715805	1673840.390743161
KY14_US-Vir18-VA4	dadi_objects_duos/probs.KY14.US-Vir18-VA4.delim	3920367	7208978.343622467	21743201.88489546	1873936.0690054584	56.8752452720067	171.54302333231576	124962.97606979564	2.5330111921005405	7.639886139381372	4.93832194988065	44.907219872836	3622857.941590929	-791426.5765579838	1582861.1531159675
KY14_US-Vir18-VA4	dadi_objects_duos/probs.KY14.US-Vir18-VA4.delim	3920367	12484224.98875958	9352383.656897258	2518621.3585468647	46.03575136427116	34.48704337512694	167738.36775043455	3.2679388527284288	2.4481309769340873	4.944660274536039	28.17418161042734	3622857.941590929	-737021.2508060767	1474050.5016121534
KY14_US-Vir18-VA4	dadi_objects_duos/probs.KY14.US-Vir18-VA4.delim	3920367	16795987.841095664	15334436.743316567	1472720.4806885386	44.90927904025842	41.00136920472262	105025.57359838713	7.0219096467301885	6.410878021214637	4.6177588947384685	12.791186813738284	3622857.941590929	-1258389.1855038363	2516786.3710076725
KY14_US-Vir18-VA4	dadi_objects_duos/probs.KY14.US-Vir18-VA4.delim	3920367	21297616.804649744	15634286.11312936	1017736.1012420701	130.95467326135505	96.13201553952304	169591.89924725887	5.514049397796168	4.047787445788431	1.9762235278661753	47.498549183724926	3622857.941590929	-1298636.7815177692	2597281.5630355384
KY14_US-Vir18-VA4	dadi_objects_duos/probs.KY14.US-Vir18-VA4.delim	3920367	909879.7111332049	1780361.568837405	16876.198542804188	0.9427632338082843	1.8447047554173	971179.1763038973	0.041136692159321524	0.08049216274790535	0.005722440074238653	45.835636475435734	3622857.941590929	-100479.28394061017	200966.56788122034
KY14_US-Vir18-VA4	dadi_objects_duos/probs.KY14.US-Vir18-VA4.delim	3920367	22732517.4760661	6572746.025690772	2602773.100024096	94.41101891582515	27.297445169182883	178056.25465970743	5.605767058936743	1.6208184243723653	4.8137669942967465	33.68353266314005	3622857.941590929	-721439.1447936688	1442886.2895873375
KY14_US-Vir18-VA4	dadi_objects_duos/probs.KY14.US-Vir18-VA4.delim	3920367	12235487.761731366	9073547.419995783	2120822.2100034812	85.3272834867218	63.27668892430311	142118.99639623603	3.7801923814751777	2.803300979737016	4.914259886478126	45.144413234028995	3622857.941590929	-740356.8239361328	1480721.6478722657
KY14_US-Vir18-VA4	dadi_objects_duos/probs.KY14.US-Vir18-VA4.delim	3920367	13904282.740217509	8442889.460908242	3830078.707288035	2.3439843909483944	1.4233025522150768	280573.78799642634	2.175936625976126	1.3212614235698925	4.495381897021475	2.1544601648468342	3622857.941590929	-383735.5325383262	767479.0650766524
KY14_US-Vir18-VA4	dadi_objects_duos/probs.KY14.US-Vir18-VA4.delim	3920367	1225714.9383051984	2462224.1100648213	34012.520410294455	1.312591644641559	2.636742600669319	1015044.1625833268	0.053021167761866474	0.1065092653497161	0.011034683131559754	49.51198549744475	3622857.941590929	-94918.1096189187	189844.2192378374
KY14_US-Vir18-VA4	dadi_objects_duos/probs.KY14.US-Vir18-VA4.delim	3920367	11240590.09212821	11203459.006710965	3298612.715713768	1.776633188695606	1.770764429302737	225516.1505378076	2.18854866735395	2.1813192259419525	4.816811690688538	1.6235720184770965	3622857.941590929	-369975.97733454796	739959.9546690959
KY14_US-Vir18-VA4	dadi_objects_duos/probs.KY14.US-Vir18-VA4.delim	3920367	26642273.196399704	7874662.768887261	1872136.521684141	122.70732562973473	36.26863224031406	127522.57187178623	9.173371079675459	2.7113753835415677	4.834554292701695	26.75294056328002	3622857.941590929	-852508.7467348862	1705025.4934697724
KY14_US-Vir18-VA4	dadi_objects_duos/probs.KY14.US-Vir18-VA4.delim	3920367	1416532.255056683	2304591.3991518104	31583.437597271637	1.5259668242153004	2.4826332093206456	1000493.8768249562	0.06216655202085925	0.10114030272926113	0.010395633303835973	49.092856998190285	3622857.941590929	-89930.68728703959	179869.37457407918
KY14_US-Vir18-VA4	dadi_objects_duos/probs.KY14.US-Vir18-VA4.delim	3920367	6243255.966992656	37202304.923403494	2582524.2084406726	12.429449922414028	74.06458881207112	186089.37705606234	1.4731070445336942	8.777948196468795	4.5701326767984884	16.875148304444522	3622857.941590929	-808307.506108873	1616623.012217746
KY14_US-Vir18-VA4	dadi_objects_duos/probs.KY14.US-Vir18-VA4.delim	3920367	14773963.988155343	18259990.757411942	1096089.9270868339	151.24802131702896	186.9361177230422	105931.81845928713	6.123720438980884	7.568657856917325	3.4074206282264248	49.3974285155969	3622857.941590929	-1059163.0308908245	2118334.061781649
KY14_US-Vir18-VA4	dadi_objects_duos/probs.KY14.US-Vir18-VA4.delim	3920367	1205472922.176412	1269806.3360660225	123144510.14598176	122.09232604534603	0.12860812245995104	9018981.270938924	5.868738004998896	0.006181939524617956	4.496385717404308	41.60769349095146	3622857.941590929	-4819723.064379578	9639454.128759157
KY14_US-Vir18-VA4	dadi_objects_duos/probs.KY14.US-Vir18-VA4.delim	3920367	44486240.5003688	33343125.46726937	590935.6000485276	168.20144276978058	126.06958347046721	230846.53256525032	8.461494905144521	6.342021332653529	0.8429907083901205	39.756909306301296	3622857.941590929	-2072433.96124187	4144875.92248374
KY14_US-Vir18-VA4	dadi_objects_duos/probs.KY14.US-Vir18-VA4.delim	3920367	96335.80283111412	151866.44350084482	921.5515548397402	0.09446211886798754	0.14891271590049	933086.1009417229	0.004533261252002484	0.007146359334428587	0.0003252399645529301	41.67512685321661	3622857.941590929	-118923.48638033611	237854.97276067222
KY14_US-Vir18-VA4	dadi_objects_duos/probs.KY14.US-Vir18-VA4.delim	3920367	10463027.86798003	9307070.07821456	5097657.344482393	2.1228796694343828	1.8883434222236435	345270.26837419183	1.3305859925582972	1.1835825378740534	4.862027897567951	3.1908943597891852	3622857.941590929	-283572.9108594627	567153.8217189254
KY14_US-Vir18-VA4	dadi_objects_duos/probs.KY14.US-Vir18-VA4.delim	3920367	1721302.6033866773	2808141.5260677203	46593.75046490458	1.8401147650499772	3.0019722704772978	1020047.6746501006	0.07409373759636773	0.12087688762949307	0.015042263375871234	49.66991340278088	3622857.941590929	-96664.42601524066	193336.85203048133
KY14_US-Vir18-VA4	dadi_objects_duos/probs.KY14.US-Vir18-VA4.delim	3920367	9683889.207233503	19736924.153494976	1687182.6263107534	46.58329346616339	94.94232227222295	113959.05204801969	3.731175968657648	7.604582778759114	4.875501067200127	24.969764952105702	3622857.941590929	-942844.1056861718	1885696.2113723436
KY14_US-Vir18-VA4	dadi_objects_duos/probs.KY14.US-Vir18-VA4.delim	3920367	9143572.11136582	10536521.25012312	4130969.7902745707	2.1210475826402906	2.444171999172149	502585.7802700295	0.7988227870285264	0.920516967339954	2.706747917397808	5.310433345373627	3622857.941590929	-267558.4222431726	535124.8444863452
KY14_US-Vir18-VA4	dadi_objects_duos/probs.KY14.US-Vir18-VA4.delim	3920367	13145009.911512915	13189621.80219334	1708338.130869848	59.36100914860202	59.56247014928927	112632.65581022124	5.124380156464585	5.141771416637384	4.99477005318877	23.16807392742556	3622857.941590929	-939384.3492747493	1878776.6985494986
KY14_US-Vir18-VA4	dadi_objects_duos/probs.KY14.US-Vir18-VA4.delim	3920367	16437065.437731648	9440122.72935588	2049697.5083807707	60.93731456542511	34.99747144490077	136803.7111883859	5.275591412122574	3.02987358595354	4.933985664727602	23.10160503537088	3622857.941590929	-828139.4787268104	1656286.9574536209
KY14_US-Vir18-VA4	dadi_objects_duos/probs.KY14.US-Vir18-VA4.delim	3920367	8589986.125275744	10182809.958965575	7165617.775202415	1.8377072597055089	2.17846961716622	475713.59278220497	0.7928511290106328	0.9398679176804151	4.960369937921868	4.635693114289212	3622857.941590929	-254553.81342094298	509115.62684188597
KY14_US-Vir18-VA4	dadi_objects_duos/probs.KY14.US-Vir18-VA4.delim	3920367	12653820.705212977	12543879.695527948	2556906.981129889	2.5749569554006304	2.5525847901734426	188924.55624663937	2.9408848036724207	2.9153333238296644	4.456896073767998	1.7511443849722783	3622857.941590929	-459328.1928208845	918664.385641769
KY14_US-Vir18-VA4	dadi_objects_duos/probs.KY14.US-Vir18-VA4.delim	3920367	11341391.32650692	12154736.966230161	2979643.4565797076	1.6030711747353223	1.7180351075192701	196690.48319643736	2.53179032539429	2.71335716870038	4.988694871371277	1.2663538197900863	3622857.941590929	-423942.03629880137	847892.0725976027
KY14_US-Vir18-VA4	dadi_objects_duos/probs.KY14.US-Vir18-VA4.delim	3920367	5627548.232921892	30210694.19053022	3085669.261079939	19.166612640950135	102.89324039492992	225373.16442880762	1.0963816819926373	5.885769493188535	4.508718911004849	34.963394510779224	3622857.941590929	-728328.4856130504	1456664.9712261008
KY14_US-Vir18-VA4	dadi_objects_duos/probs.KY14.US-Vir18-VA4.delim	3920367	43411345.12055811	5050900.086710283	3413004.449190132	163.65201820898474	19.04087492950384	272367.2930485367	6.9983077367013085	0.8142515062817163	4.126557386364425	46.76902598916664	3622857.941590929	-685790.346367253	1371588.692734506
KY14_US-Vir18-VA4	dadi_objects_duos/probs.KY14.US-Vir18-VA4.delim	3920367	32610344.85511777	5167009.0839265175	4674569.914207201	13.03930342192577	2.0660376186911455	382137.77609048027	3.7469695792167808	0.5936958329948795	4.02835445312702	6.959919554324934	3622857.941590929	-532177.2672971347	1064362.5345942695
KY14_US-Vir18-VA4	dadi_objects_duos/probs.KY14.US-Vir18-VA4.delim	3920367	14703971.59440846	10404212.837931853	1986124.0933597668	52.19485929429792	36.93195553712084	151092.39555936458	4.273038399421521	3.0235097155072883	4.328822337954583	24.429857359280458	3622857.941590929	-841866.2002564449	1683740.4005128897
KY14_US-Vir18-VA4	dadi_objects_duos/probs.KY14.US-Vir18-VA4.delim	3920367	7908371.643330015	22359655.341407515	1738106.9768161164	49.444711908515586	139.7970108880809	153713.86978025787	2.259013163197076	6.386998236658562	3.7236549953967395	43.77549694180515	3622857.941590929	-839695.8910745033	1679399.7821490066
KY14_US-Vir18-VA4	dadi_objects_duos/probs.KY14.US-Vir18-VA4.delim	3920367	6785651.259074819	25143739.853368167	1986597.3256118714	46.31723120814973	171.62514956372905	138252.74121033243	2.1550757114180747	7.985477146315417	4.731971111474348	42.984319263356404	3622857.941590929	-778973.6972249445	1557955.394449889
KY14_US-Vir18-VA4	dadi_objects_duos/probs.KY14.US-Vir18-VA4.delim	3920367	19333378.052789297	11535786.53215865	1607811.4657931956	63.62846113090008	37.96565416409057	115482.23757592861	7.350845599858333	4.386082216945494	4.584858327209361	17.311875284695503	3622857.941590929	-1062747.3771209675	2125502.754241935
KY14_US-Vir18-VA4	dadi_objects_duos/probs.KY14.US-Vir18-VA4.delim	3920367	43584247.97313061	5260635.525245017	3081701.441871657	168.1164567640716	20.291721113935914	231669.38374819673	8.260487168149991	0.9970439843172335	4.380542591820005	40.703763190209706	3622857.941590929	-697463.9272112998	1394935.8544225995
KY14_US-Vir18-VA4	dadi_objects_duos/probs.KY14.US-Vir18-VA4.delim	3920367	20065256.520625688	10580544.81149477	1606213.8479988524	89.38409325721439	47.13283396953521	105805.67657445335	8.326845279345584	4.390801559199422	4.9991985582189615	21.468897345535687	3622857.941590929	-1001580.8980381228	2003169.7960762456
KY14_US-Vir18-VA4	dadi_objects_duos/probs.KY14.US-Vir18-VA4.delim	3920367	22034306.476964023	8416505.525782125	1677397.6259694004	152.0697171349537	58.08649416347828	113596.85808245162	8.516826765364806	3.2531960834693185	4.86268003181059	35.71041687811998	3622857.941590929	-865994.7613942067	1731997.5227884133
KY14_US-Vir18-VA4	dadi_objects_duos/probs.KY14.US-Vir18-VA4.delim	3920367	9155300.624985455	15321552.5848652	2796139.3858688665	1.5460587815252835	2.587355881661164	200110.58738532336	2.008848986150812	3.361843224717889	4.601450339810832	1.5392483876926077	3622857.941590929	-437226.1365499527	874460.2730999053
KY14_US-Vir18-VA4	dadi_objects_duos/probs.KY14.US-Vir18-VA4.delim	3920367	1288205.0674638276	2228228.173713026	27815.69844355347	1.4062113478500988	2.432345456956947	993049.8122952508	0.056958522744500695	0.09852203528607408	0.009224119590408789	49.37667903214247	3622857.941590929	-90082.49927788335	180172.9985557667
KY14_US-Vir18-VA4	dadi_objects_duos/probs.KY14.US-Vir18-VA4.delim	3920367	14857983.509341542	6529061.099080388	3521576.2721931986	64.18637544066225	28.20549415182174	239156.5192453958	2.727861997272765	1.198707593049593	4.849096916678616	47.05984064064375	3622857.941590929	-674463.806674541	1348935.613349082
KY14_US-Vir18-VA4	dadi_objects_duos/probs.KY14.US-Vir18-VA4.delim	3920367	19042978.01670719	6439896.79368734	4667742.451679577	7.58739720738437	2.5658830727735014	334793.529806834	2.497483095281982	0.8445912904737916	4.591301557360838	6.07603488625632	3622857.941590929	-419259.93913046474	838527.8782609295
KY14_US-Vir18-VA4	dadi_objects_duos/probs.KY14.US-Vir18-VA4.delim	3920367	12686115.837660769	14249031.766552782	2058901.6550023248	17.790199711330054	19.981933324897213	138615.95948520195	4.018464950326755	4.513535542533961	4.891345681958358	8.854226641883972	3622857.941590929	-905800.130952437	1811608.261904874
KY14_US-Vir18-VA4	dadi_objects_duos/probs.KY14.US-Vir18-VA4.delim	3920367	1579291.310267406	2822703.8489126796	41476.69421070158	1.663848078247611	2.9738341140370586	1008900.5565977133	0.06873194464162821	0.1228461927333263	0.013538226082810063	48.41556824626447	3622857.941590929	-94074.25599363593	188156.51198727186
KY14_US-Vir18-VA4	dadi_objects_duos/probs.KY14.US-Vir18-VA4.delim	3920367	8677479.78776859	17014451.29013031	1766566.2242339042	64.38819208356034	126.24976198844095	119133.82367221553	3.1981827559184737	6.270867354160956	4.883158611046149	40.26548636997384	3622857.941590929	-828059.4580682218	1656126.9161364436
KY14_US-Vir18-VA4	dadi_objects_duos/probs.KY14.US-Vir18-VA4.delim	3920367	1430053.5828942375	2201971.3081655796	30765.296942903333	1.5550922766830464	2.3945036855721833	1001054.6295416194	0.06272479916943949	0.09658254049615478	0.01012067134438531	49.5846075961838	3622857.941590929	-90130.26528670648	180268.53057341295
KY14_US-Vir18-VA4	dadi_objects_duos/probs.KY14.US-Vir18-VA4.delim	3920367	13651439.582617719	15761508.270976108	1429353.3663696218	76.97154304414788	88.86884089974463	94291.1524468981	6.357000638528388	7.3395862419040645	4.992000891215922	24.21630810531628	3622857.941590929	-1088873.1879873564	2177754.375974713
KY14_US-Vir18-VA4	dadi_objects_duos/probs.KY14.US-Vir18-VA4.delim	3920367	41694768.934928566	4709694.805690038	6311703.466893062	21.23285623314897	2.3983889410034065	475987.5419697632	3.846189986236301	0.4344521258324891	4.366736537359736	11.04098149552224	3622857.941590929	-551856.2964548842	1103720.5929097685
KY14_US-Vir18-VA4	dadi_objects_duos/probs.KY14.US-Vir18-VA4.delim	3920367	24209008.563825287	9622887.881288534	2142009.2574400366	7.4493508521798715	2.961057568711158	145809.28714936916	7.2901516870188265	2.897777169883565	4.837735789485719	2.0436751310523547	3622857.941590929	-742639.5099257898	1485287.0198515796
KY14_US-Vir18-VA4	dadi_objects_duos/probs.KY14.US-Vir18-VA4.delim	3920367	3421.7288298189437	5856.98376814071	33.39650408082739	9.83510013615124e-17	1.6834771169907212e-16	931240.7277454719	0.00016133491882629222	0.0002761574770522925	1.1809867774895149e-05	1.2192153078454887e-12	3622857.941590929	-119935.02599281119	239878.05198562238
KY14_US-Vir18-VA4	dadi_objects_duos/probs.KY14.US-Vir18-VA4.delim	3920367	17452603.561961383	6005018.319849515	10092852.4909798	6.443370571716312	2.21700780558997	669892.5764891495	1.1439309388711307	0.39359893898786286	4.9615200423944135	11.265313932456175	3622857.941590929	-382777.4427628614	765562.8855257228
KY14_US-Vir18-VA4	dadi_objects_duos/probs.KY14.US-Vir18-VA4.delim	3920367	9335322.10423581	17131959.98105289	1881866.340787485	42.17701547987856	77.40225064046442	136582.0674039164	3.0010993490100937	5.507545789242333	4.537337467966459	28.107710258769384	3622857.941590929	-858360.2402699218	1716728.4805398437
KY14_US-Vir18-VA4	dadi_objects_duos/probs.KY14.US-Vir18-VA4.delim	3920367	17960712.24071329	11368768.607219687	1953365.3200111315	22.715445247018284	14.378418704238598	144082.37346485895	5.473403282881176	3.464553887569074	4.464559427271123	8.300300223834768	3622857.941590929	-939511.8163395305	1879031.632679061
KY14_US-Vir18-VA4	dadi_objects_duos/probs.KY14.US-Vir18-VA4.delim	3920367	6304272.7381573245	34485520.31439394	2703958.124673568	7.959706007202521	43.54104186301718	189388.38396361866	1.4615928262627595	7.995179015080074	4.701675075080112	10.89182413073989	3622857.941590929	-788695.1374204542	1577398.2748409084
KY14_US-Vir18-VA4	dadi_objects_duos/probs.KY14.US-Vir18-VA4.delim	3920367	17830698.785096142	11372236.824285349	2000070.3176444413	20.70737508566067	13.2069514673353	138901.24326897404	5.63646712109757	3.5948809256425216	4.741820619661757	7.347643352039421	3622857.941590929	-923501.182521504	1847010.365043008
KY14_US-Vir18-VA4	dadi_objects_duos/probs.KY14.US-Vir18-VA4.delim	3920367	8798246.140241431	14458133.386246018	1795081.623573452	77.94120942507881	128.08057244488526	118995.50122852753	3.2464619154819028	5.334901826935827	4.967749033589943	48.016093491433594	3622857.941590929	-806513.2484184165	1613034.496836833
KY14_US-Vir18-VA4	dadi_objects_duos/probs.KY14.US-Vir18-VA4.delim	3920367	17733825.995885916	11192040.373687513	1728789.2642946984	59.14990499811448	37.33024813665465	116117.74248864377	6.705769273097097	4.232095231933993	4.902859661197996	17.641497221032704	3622857.941590929	-986374.5073195889	1972757.0146391778
KY14_US-Vir18-VA4	dadi_objects_duos/probs.KY14.US-Vir18-VA4.delim	3920367	20091793.68936911	11011405.286765635	1572298.790682572	81.25533234850603	44.53238023609893	112838.93842639608	7.818158410115576	4.2847797554017735	4.588619832435479	20.78631004543814	3622857.941590929	-1037565.5649362663	2075139.1298725326
KY14_US-Vir18-VA4	dadi_objects_duos/probs.KY14.US-Vir18-VA4.delim	3920367	1442890.9128128234	2314100.223928021	33122.07984457625	1.558703162077638	2.4998392493647144	1005542.0071389654	0.06300543691377246	0.10104776069773296	0.010847342941307037	49.47837007180307	3622857.941590929	-89902.3508228559	179812.7016457118
KY14_US-Vir18-VA4	dadi_objects_duos/probs.KY14.US-Vir18-VA4.delim	3920367	10037777.7432474	15364624.206363272	2016268.2675994304	32.20683146054125	49.29834819283445	158400.42378565227	2.782441124763527	4.259026584552726	4.191775019319674	23.150054226774294	3622857.941590929	-850983.8273275034	1701975.6546550067
KY14_US-Vir18-VA4	dadi_objects_duos/probs.KY14.US-Vir18-VA4.delim	3920367	40358590.08682585	6884645.348139258	1719753.2209363345	195.93064943857158	33.42319519371634	217696.40386760456	8.14009509407609	1.388593300763886	2.601482242076765	48.139646324564204	3622857.941590929	-825272.7047362893	1650553.4094725787
KY14_US-Vir18-VA4	dadi_objects_duos/probs.KY14.US-Vir18-VA4.delim	3920367	16299671.474733168	12636556.875388952	1997308.919339695	14.174814110279037	10.98923036456716	133091.00288748852	5.37743167508729	4.168931951241737	4.941997632017249	5.271964375093225	3622857.941590929	-919281.505278268	1838571.010556536
KY14_US-Vir18-VA4	dadi_objects_duos/probs.KY14.US-Vir18-VA4.delim	3920367	19203110.54021148	12187891.911705516	1518659.4995912358	66.84745988215201	42.426960669194116	116686.40061494523	7.225968863375973	4.586201140682807	4.285940689054484	18.5020060689608	3622857.941590929	-1110959.2420975051	2221926.4841950103
KY14_US-Vir18-VA4	dadi_objects_duos/probs.KY14.US-Vir18-VA4.delim	3920367	12384301.47312003	8276117.019391034	4577754.100795818	2.801941856597851	1.872467230958924	392289.8587446603	1.3861466570885157	0.926326928087296	3.8428317335613253	4.042778362980861	3622857.941590929	-308626.7879551346	617261.5759102692
KY14_US-Vir18-VA4	dadi_objects_duos/probs.KY14.US-Vir18-VA4.delim	3920367	49942735.82672544	25806430.15143404	598975.7479630449	133.4186194947017	68.94012167928375	257539.22146698635	8.51478522714646	4.3997631803989385	0.7658996114362925	31.33810564460097	3622857.941590929	-2045097.0561170774	4090202.1122341547
KY14_US-Vir18-VA4	dadi_objects_duos/probs.KY14.US-Vir18-VA4.delim	3920367	5115963.752179348	50363740.83082168	3511170.66779463	10.685822439745161	105.19581802944667	237364.76570488288	0.9463590797312177	9.31636456653438	4.871264101113613	22.58301878982367	3622857.941590929	-742788.6185306719	1485585.2370613439
KY14_US-Vir18-VA4	dadi_objects_duos/probs.KY14.US-Vir18-VA4.delim	3920367	18000394.834483	17868420.294206563	1355818.585906008	37.09897139783986	36.826970714522666	91216.58726326008	8.664688598302881	8.601161197658929	4.8947864880058365	8.563255557760332	3622857.941590929	-1530562.9266472403	3061133.8532944806
KY14_US-Vir18-VA4	dadi_objects_duos/probs.KY14.US-Vir18-VA4.delim	3920367	7539507.6410828065	20863166.391107004	1949524.5189475766	45.831858433896045	126.82495118244978	143022.7227952364	2.314635936139047	6.405011702272017	4.488793730770283	39.60178593817769	3622857.941590929	-796227.411506364	1592462.823012728
KY14_US-Vir18-VA4	dadi_objects_duos/probs.KY14.US-Vir18-VA4.delim	3920367	9079829.318453757	15909549.823832838	2086544.073806135	36.20156093989866	63.43186829550664	151205.8387635276	2.63665842131481	4.61991597541174	4.544279029608849	27.46018266700334	3622857.941590929	-813996.9233116203	1628001.8466232405
KY14_US-Vir18-VA4	dadi_objects_duos/probs.KY14.US-Vir18-VA4.delim	3920367	12318270.331791557	15554943.57466789	1978239.54969761	17.050325327838515	21.53036434991811	133243.59457027627	4.059271857755817	5.125861261436188	4.889208172606663	8.400681661791848	3622857.941590929	-951713.0781064823	1903434.1562129646
KY14_US-Vir18-VA4	dadi_objects_duos/probs.KY14.US-Vir18-VA4.delim	3920367	14968099.99161552	6550439.682992013	7633814.047070802	3.5228987060149173	1.541714412381518	522331.87424316996	1.2582440768378729	0.5506411592937843	4.812835714049694	5.59970640174744	3622857.941590929	-360509.22446770436	721026.4489354087
KY14_US-Vir18-VA4	dadi_objects_duos/probs.KY14.US-Vir18-VA4.delim	3920367	24213253.841745768	7269735.108563514	1816931.831698613	185.4409874635656	55.676402103641074	124477.55167942948	8.540963478817277	2.5643204531175896	4.806772690552043	43.423903620120576	3622857.941590929	-799330.9957803128	1598669.9915606256
KY14_US-Vir18-VA4	dadi_objects_duos/probs.KY14.US-Vir18-VA4.delim	3920367	6051595.571800289	19363657.248688333	4271483.63006702	9.149762484726844	29.277049756391833	353611.5472048122	0.751429438781467	2.4043943331146886	3.9779406294636592	24.35295188744344	3622857.941590929	-632580.2375896282	1265168.4751792564
KY14_US-Vir18-VA4	dadi_objects_duos/probs.KY14.US-Vir18-VA4.delim	3920367	12872965.889779275	10729097.484255698	2954528.690051691	2.0883180814636586	1.7405288311955283	229751.86522890066	2.460165478529322	2.050448627965272	4.23482194433291	1.697705377698453	3622857.941590929	-404318.7280211438	808645.4560422876
KY14_US-Vir18-VA4	dadi_objects_duos/probs.KY14.US-Vir18-VA4.delim	3920367	8567761.509842971	16262681.222223379	1948196.9314740663	52.112896891631635	98.91678576038395	131819.28301367213	2.853863332089566	5.416988972935995	4.86698378162265	36.52094780129164	3622857.941590929	-797813.6279300229	1595635.2558600458
KY14_US-Vir18-VA4	dadi_objects_duos/probs.KY14.US-Vir18-VA4.delim	3920367	184007972.52967915	7381008.0402007215	73457.32454528083	0.08434800703281771	0.003383404042364077	816741.385215059	9.892289675251233	0.39680383749267784	0.029618054866641742	0.017053282870161307	3622857.941590929	-447718.05530173035	895444.1106034607
KY14_US-Vir18-VA4	dadi_objects_duos/probs.KY14.US-Vir18-VA4.delim	3920367	14900731.160090283	16749782.570362741	1578808.9077010183	28.105802861536972	31.59348906026239	108414.44399239396	6.034831934975983	6.783702200484283	4.7956602783419875	9.314527120016251	3622857.941590929	-1234850.016949727	2469708.033899454
KY14_US-Vir18-VA4	dadi_objects_duos/probs.KY14.US-Vir18-VA4.delim	3920367	7432093.277489781	19135836.14528183	1848820.9993510526	64.47743910951793	166.01375464488953	124494.16895490723	2.6212406160911694	6.749058314270757	4.890484018562916	49.196123937425924	3622857.941590929	-790462.1411280474	1580932.2822560947
KY14_US-Vir18-VA4	dadi_objects_duos/probs.KY14.US-Vir18-VA4.delim	3920367	12412684.88301403	13013129.500929639	1673948.7645411538	72.52653362246822	76.0348935929432	110612.8190061617	4.9272547531170945	5.165603154409133	4.98359440678793	29.438921775492236	3622857.941590929	-903274.8998543047	1806557.7997086095
KY14_US-Vir18-VA4	dadi_objects_duos/probs.KY14.US-Vir18-VA4.delim	3920367	5848160.403416664	31422337.46869894	3219433.162625217	10.564756846445961	56.76474857116205	214198.50409929932	1.198802361902057	6.441200270764183	4.94958707542407	17.625518904856996	3622857.941590929	-733975.7750605888	1467959.5501211777
KY14_US-Vir18-VA4	dadi_objects_duos/probs.KY14.US-Vir18-VA4.delim	3920367	1447586.8078586562	2170987.858093023	28750.362062025575	1.5932251220303513	2.389405855565378	992327.4858102628	0.064052243117243	0.0960610039662192	0.009541008586318107	49.74767609977586	3622857.941590929	-91449.23042402262	182906.46084804524
KY14_US-Vir18-VA4	dadi_objects_duos/probs.KY14.US-Vir18-VA4.delim	3920367	23121136.315496396	48069088.8107617	585551.4609480959	88.86916884362059	184.7599491388086	281236.86482053425	3.60978780844431	7.5047873246531225	0.6856442057233693	49.23789073459143	3622857.941590929	-1786820.6117826884	3573649.223565377
KY14_US-Vir18-VA4	dadi_objects_duos/probs.KY14.US-Vir18-VA4.delim	3920367	52978027.30742566	6584127.932566731	1669368.4808949085	189.92811094560244	23.604332664181634	296321.87552078103	7.850129416535523	0.9756168546206082	1.8552160154473536	48.38852988730036	3622857.941590929	-825831.848401237	1651671.696802474
KY14_US-Vir18-VA4	dadi_objects_duos/probs.KY14.US-Vir18-VA4.delim	3920367	4610854.510780412	54202641.95918662	4740000.8569745915	5.6764601311095495	66.72930914709173	364353.35858225735	0.5556526490807077	6.531943595569568	4.284120050266904	20.431685660100406	3622857.941590929	-701517.0815369079	1403042.1630738159
KY14_US-Vir18-VA4	dadi_objects_duos/probs.KY14.US-Vir18-VA4.delim	3920367	12652039.008798907	7189621.729126247	12525744.122611288	3.7186649896689445	2.1131609374956373	827289.278339734	0.6715028710372294	0.38158684378244306	4.985998332249866	11.075648817182122	3622857.941590929	-302857.08311634656	605722.1662326931
KY14_US-Vir18-VA4	dadi_objects_duos/probs.KY14.US-Vir18-VA4.delim	3920367	22756281.47228832	9347903.104975056	1656511.1420176849	105.6658808206229	43.40579178614364	120899.15672943144	8.264617770782767	3.3949679439065	4.512082989251494	25.5706637018774	3622857.941590929	-943242.4435039742	1886492.8870079485
KY14_US-Vir18-VA4	dadi_objects_duos/probs.KY14.US-Vir18-VA4.delim	3920367	9196065.005288294	11187294.408054858	4364884.287128468	1.8809129831889209	2.288188185573567	293245.2445689649	1.37694249088774	1.675092664053936	4.901711497354701	2.732013857712041	3622857.941590929	-286411.5591271936	572831.1182543872
KY14_US-Vir18-VA4	dadi_objects_duos/probs.KY14.US-Vir18-VA4.delim	3920367	14609266.350282438	9332663.60576623	2109094.1623013667	60.5600974051637	38.686885669922944	167309.71841090822	3.8339989204678755	2.449227862075757	4.151268179677786	31.59108735365703	3622857.941590929	-785366.5106835101	1570741.0213670202
KY14_US-Vir18-VA4	dadi_objects_duos/probs.KY14.US-Vir18-VA4.delim	3920367	14684470.293839538	15001625.036661388	1345312.2584811037	99.65505549270115	101.80740235052033	93729.80250508244	6.879000334951787	7.027572774981737	4.7266276015427	28.97370275921046	3622857.941590929	-1118269.347960062	2236546.695920124
KY14_US-Vir18-VA4	dadi_objects_duos/probs.KY14.US-Vir18-VA4.delim	3920367	11748819.126192983	14140596.303570008	1843618.422731778	42.61523547463312	51.2906731098538	129998.25221346464	3.968272176578399	4.77611700963065	4.670243396447746	21.477980127551458	3622857.941590929	-908857.610937493	1817723.221874986
KY14_US-Vir18-VA4	dadi_objects_duos/probs.KY14.US-Vir18-VA4.delim	3920367	1127298.207742487	2970317.2706968733	25702.753652101343	1.2677187872511433	3.340311358872611	964507.28196926	0.051318984402293814	0.13522035663484153	0.008775666935932524	49.4054511022038	3622857.941590929	-109754.43343059202	219516.86686118404
KY14_US-Vir18-VA4	dadi_objects_duos/probs.KY14.US-Vir18-VA4.delim	3920367	17855340.997976955	7284012.547553707	2059674.6847749825	136.695707075516	55.76444861218829	139440.8617994216	5.622414216691755	2.293640637082609	4.8642351545122535	48.62527085595916	3622857.941590929	-742014.9378362056	1484037.8756724112
KY14_US-Vir18-VA4	dadi_objects_duos/probs.KY14.US-Vir18-VA4.delim	3920367	1295614.682328431	2431146.209388646	30191.67315586691	1.4127284365950454	2.6509034131591864	994867.1897580463	0.057181494266961355	0.10729777528027562	0.00999374036142423	49.412085315556354	3622857.941590929	-91271.71999393514	182551.43998787028
