Pair_name	fs_name	L	pop1_size	pop2_size	divergence_time	mig_pop1	mig_pop2	theta	nu1	nu2	Ts	m12	fs_sanitycheck	-2LL_model	AIC
KY14_US-Vir17-VA1	dadi_objects_duos/probs.KY14.US-Vir17-VA1.delim	324819	931871.9585623915	1895783.0064949659	40903.17579178418	0.9044690723135695	1.8400350836155448	93583.85734741179	0.03622553006922477	0.07369654562033985	0.011925504922138137	49.93544997603538	301576.49634114443	-3483.1559939260937	6974.3119878521875
KY14_US-Vir17-VA1	dadi_objects_duos/probs.KY14.US-Vir17-VA1.delim	324819	7753215.138542897	11464521.28743895	8077766.949267839	1.0633922823652646	1.5724165059562683	44166.9014171082	0.6386226989344923	0.9443183757638087	4.9901669633752475	3.3302677281577293	301576.49634114443	-25550.21714273941	51108.43428547882
KY14_US-Vir17-VA1	dadi_objects_duos/probs.KY14.US-Vir17-VA1.delim	324819	1104163.8751926469	2237260.0487831878	61634.142360051024	0.9634865969965278	1.952219339382309	97885.33215299925	0.04103697720936184	0.083149242332632	0.01718005016539833	46.95699647081831	301576.49634114443	-3823.5413632843765	7655.082726568753
KY14_US-Vir17-VA1	dadi_objects_duos/probs.KY14.US-Vir17-VA1.delim	324819	4105633.284922291	37667390.007267766	9459906.209700739	1.4375808857134809	13.18917597634101	54265.823747859366	0.27524104833866336	2.5252162563705207	4.756430113445385	10.445977403375139	301576.49634114443	-67105.66569746718	134219.33139493436
KY14_US-Vir17-VA1	dadi_objects_duos/probs.KY14.US-Vir17-VA1.delim	324819	24663185.985107932	5573245.5011992	5258500.68266928	5.924569322370066	1.3388002402600891	39936.872538142925	2.246645620271598	0.5076841087574021	3.592597569617008	5.274146726935814	301576.49634114443	-53803.88190112923	107615.76380225846
KY14_US-Vir17-VA1	dadi_objects_duos/probs.KY14.US-Vir17-VA1.delim	324819	10919038.414985968	17854649.485255394	2002220.6386699586	22.131664821291253	36.18936969458593	11307.118287725478	3.513111276017677	5.744587394243959	4.831485578504539	12.599467015106237	301576.49634114443	-123472.69641171247	246953.39282342495
KY14_US-Vir17-VA1	dadi_objects_duos/probs.KY14.US-Vir17-VA1.delim	324819	15799.49111449172	31503.44356014987	258.64197058001935	0.00390232417556066	0.007781051207745723	82283.7913961195	0.0006985351301042896	0.0013928462560314804	8.576407250720078e-05	11.17287880704884	301576.49634114443	-8816.396013989355	17640.79202797871
KY14_US-Vir17-VA1	dadi_objects_duos/probs.KY14.US-Vir17-VA1.delim	324819	13758732.75493017	12384639.610318007	1969264.648666659	38.90845779887401	35.02264606888698	12679.652831653413	3.9475761828392306	3.553329309432235	4.237575132041365	19.71258108609305	301576.49634114443	-117215.17936450466	234438.3587290093
KY14_US-Vir17-VA1	dadi_objects_duos/probs.KY14.US-Vir17-VA1.delim	324819	30916612.680386856	7883182.741429591	2000724.1016794757	94.3213630023187	24.050258954781793	13221.517469085591	8.506874968199943	2.169100820522815	4.128826087079691	22.175326040386633	301576.49634114443	-113666.96564797436	227341.9312959487
KY14_US-Vir17-VA1	dadi_objects_duos/probs.KY14.US-Vir17-VA1.delim	324819	18072423.35860132	16289496.33189637	1160013.0011157154	177.00562213599756	159.54320985608632	8375.06779892537	7.850322670475866	7.075852518918436	3.7791594372902195	45.095120179376764	301576.49634114443	-114345.80999241176	228699.6199848235
KY14_US-Vir17-VA1	dadi_objects_duos/probs.KY14.US-Vir17-VA1.delim	324819	9896730.320406867	12378640.819839614	2135235.2752805003	53.36298800823705	66.74540380930765	13027.786990832741	2.7636340492756304	3.456700561287553	4.47193802186472	38.61798418804682	301576.49634114443	-104085.64183326418	208179.28366652835
KY14_US-Vir17-VA1	dadi_objects_duos/probs.KY14.US-Vir17-VA1.delim	324819	1077374.6227684354	2152297.1309452443	49201.22780462247	1.0051356103210978	2.00798352271007	94047.50312621848	0.04167531771451321	0.08325578202101144	0.014274120543899229	48.23649418615301	301576.49634114443	-3651.9374182393376	7311.874836478675
KY14_US-Vir17-VA1	dadi_objects_duos/probs.KY14.US-Vir17-VA1.delim	324819	21258990.87492315	52830323.66280504	739579.1051906603	65.10596463593275	161.79362436966565	19339.304852000176	3.999090512832975	9.938065611526014	1.0434327477876983	32.56038563118761	301576.49634114443	-213940.52339913498	427889.04679826996
KY14_US-Vir17-VA1	dadi_objects_duos/probs.KY14.US-Vir17-VA1.delim	324819	13157054.046922958	7061590.627190944	7687969.738112075	1.1214237235861826	0.601885135330715	51356.352516419334	0.9320172170625345	0.5002277881444596	4.084493255303966	2.4064442223945304	301576.49634114443	-51446.879677865196	102901.75935573039
KY14_US-Vir17-VA1	dadi_objects_duos/probs.KY14.US-Vir17-VA1.delim	324819	7122447.053686349	18401711.19926687	3470325.994247161	1.5608303030059545	4.032595574313778	19089.57553760999	1.357351744133917	3.506883884583729	4.960148636391795	2.299816992539205	301576.49634114443	-50045.68817106413	100099.37634212826
KY14_US-Vir17-VA1	dadi_objects_duos/probs.KY14.US-Vir17-VA1.delim	324819	25550347.93992433	9425734.509651585	2219340.1997517715	17.193104763396082	6.342678435434154	13776.897882602441	6.746908602215923	2.488990341536621	4.395346622521065	5.096587423090113	301576.49634114443	-107888.6604347132	215785.3208694264
KY14_US-Vir17-VA1	dadi_objects_duos/probs.KY14.US-Vir17-VA1.delim	324819	5537122.367454003	30273086.18406494	3628705.717134868	14.449058538737367	78.99727789886691	20242.85264252223	0.995111752221863	5.4405703610339415	4.891034481852443	29.040072145617483	301576.49634114443	-92304.95207291428	184617.90414582856
KY14_US-Vir17-VA1	dadi_objects_duos/probs.KY14.US-Vir17-VA1.delim	324819	3468.1924994083593	6983.993593287338	56.756624772572884	7.3345174419959415e-09	1.4769717319177714e-08	82235.44498083605	0.00015342763671980989	0.0003089614062850212	1.883120899387649e-05	9.56088172744297e-05	301576.49634114443	-8817.281605612226	17642.563211224453
KY14_US-Vir17-VA1	dadi_objects_duos/probs.KY14.US-Vir17-VA1.delim	324819	5327256.0604575835	45552274.88380299	3287521.2745703994	13.520444392397536	115.61054931922378	19896.370095009046	0.9740677597991289	8.329053802983307	4.5083270168887255	27.76078821289744	301576.49634114443	-95552.52398941299	191113.04797882598
KY14_US-Vir17-VA1	dadi_objects_duos/probs.KY14.US-Vir17-VA1.delim	324819	59351332.13290181	4670822.75286518	6438721.361467987	99.80164459240562	7.854175729227748	35216.907640745114	6.131104245321365	0.4825047758845509	4.988489956491245	32.55584658132802	301576.49634114443	-81837.97115077925	163683.9423015585
KY14_US-Vir17-VA1	dadi_objects_duos/probs.KY14.US-Vir17-VA1.delim	324819	10585360.6594598	12170656.385978235	2218973.395722318	44.93559709577426	51.66528844368536	12729.179665060803	3.025273833081754	3.478348020482876	4.7563342648608815	29.706796524927952	301576.49634114443	-104552.15212622548	209112.30425245097
KY14_US-Vir17-VA1	dadi_objects_duos/probs.KY14.US-Vir17-VA1.delim	324819	9098222.209156455	15215900.325268295	2136631.6001821803	42.32852962195363	70.79038880745557	11730.308778863906	2.8216720931426993	4.718974798905371	4.969822663857688	30.002444100306	301576.49634114443	-106625.32387238782	213258.64774477563
KY14_US-Vir17-VA1	dadi_objects_duos/probs.KY14.US-Vir17-VA1.delim	324819	1195553.9332804242	4224061.725678167	64697.311414827935	1.2011801453064608	4.243939931268209	89433.65224304274	0.0486326184956351	0.17182594334599222	0.01973812777590923	49.39812753098087	301576.49634114443	-10567.019391348502	21142.038782697004
KY14_US-Vir17-VA1	dadi_objects_duos/probs.KY14.US-Vir17-VA1.delim	324819	24819954.207541145	9647339.386119034	2251708.7963242885	1.2263606515741718	0.476677648821907	12438.469564057616	7.259278791435567	2.821629952006785	4.939306380969377	0.33787396428995714	301576.49634114443	-121700.73683824523	243409.47367649045
KY14_US-Vir17-VA1	dadi_objects_duos/probs.KY14.US-Vir17-VA1.delim	324819	40897071.61997772	12042778.693769054	950825.6620128055	148.33280882073512	43.6789021534897	24718.513914157706	6.019068730014335	1.7724083849255239	1.0495405594577882	49.287627529842766	301576.49634114443	-151854.14491243957	303716.28982487915
KY14_US-Vir17-VA1	dadi_objects_duos/probs.KY14.US-Vir17-VA1.delim	324819	20753009.050154567	5681001.1321783895	9121413.055899737	5.086938781580614	1.392516377149963	56766.66403482181	1.3299862467927235	0.36407507728402766	4.384190726189254	7.649611105149129	301576.49634114443	-47932.64271595883	95873.28543191765
KY14_US-Vir17-VA1	dadi_objects_duos/probs.KY14.US-Vir17-VA1.delim	324819	7696689.033954802	15284031.597136833	2222283.0110310814	51.334540880103376	101.93977454132128	13221.748143930803	2.1177491093293046	4.2054114644626495	4.585969640206404	48.480285652308574	301576.49634114443	-101443.17032717388	202894.34065434776
KY14_US-Vir17-VA1	dadi_objects_duos/probs.KY14.US-Vir17-VA1.delim	324819	26486038.698033392	5478406.771970251	3463137.1478234185	109.41464189822047	22.63146716509246	21391.422310438575	4.504398396930035	0.9316956364345161	4.417237175843369	48.58124537687068	301576.49634114443	-89353.80835580877	178715.61671161753
KY14_US-Vir17-VA1	dadi_objects_duos/probs.KY14.US-Vir17-VA1.delim	324819	18941771.017664313	8593069.079158032	2826167.687443903	20.47560427615429	9.288903440888147	15565.660854816475	4.427030011049509	2.0083536362559755	4.953943534897708	9.25026675900043	301576.49634114443	-93330.33990275311	186668.67980550622
KY14_US-Vir17-VA1	dadi_objects_duos/probs.KY14.US-Vir17-VA1.delim	324819	36066138.15809274	20220598.093982507	857982.3027593626	161.18909209432863	90.37119067437504	16234.762076807394	8.081894209439858	4.5311403713596246	1.4419595939350847	39.88893888416794	301576.49634114443	-195852.54020068282	391713.08040136565
KY14_US-Vir17-VA1	dadi_objects_duos/probs.KY14.US-Vir17-VA1.delim	324819	10452410.776629891	8754837.501762496	8737790.446104331	1.6496009116711845	1.381689663090043	47900.71436582734	0.793841732910232	0.6649141066370776	4.97714535260349	4.1559944338621015	301576.49634114443	-27611.36099313503	55230.72198627006
KY14_US-Vir17-VA1	dadi_objects_duos/probs.KY14.US-Vir17-VA1.delim	324819	12719450.341773717	11836395.84974127	2209062.6005268744	35.512893605900594	33.04739239467548	12239.648826750077	3.780583497885379	3.518114511364231	4.924472935954197	18.78699075196423	301576.49634114443	-109678.44649820696	219364.89299641392
KY14_US-Vir17-VA1	dadi_objects_duos/probs.KY14.US-Vir17-VA1.delim	324819	934921.4106820945	2050362.379563342	40945.329864256266	0.8805580910720907	1.9311389837966237	92509.51636991465	0.036766148993783	0.08063129999694318	0.012076432355050317	47.90047993446305	301576.49634114443	-3685.3999991581754	7378.799998316351
KY14_US-Vir17-VA1	dadi_objects_duos/probs.KY14.US-Vir17-VA1.delim	324819	5719906.253094728	26201410.92329497	3166584.925772106	11.578296761960068	53.03718239924573	37714.19022290291	0.5517515620598377	2.5274311790124147	2.290904799645352	41.96923962928228	301576.49634114443	-89901.53972910192	179811.07945820384
KY14_US-Vir17-VA1	dadi_objects_duos/probs.KY14.US-Vir17-VA1.delim	324819	8826593.609690638	88420658.50701669	675669.6202184581	18.01451341772634	180.46091272742743	41146.45641401517	0.7804051737920947	7.817731553112518	0.44804603934260845	46.167078391321716	301576.49634114443	-138044.4517570942	276096.9035141884
KY14_US-Vir17-VA1	dadi_objects_duos/probs.KY14.US-Vir17-VA1.delim	324819	6470670.824474403	33938392.466751546	2664012.4875004278	11.839124854475322	62.09570486174339	16787.06832307482	1.4022772770177006	7.354884503570789	4.329942085756416	16.885568993393708	301576.49634114443	-103379.27094707079	206766.54189414158
KY14_US-Vir17-VA1	dadi_objects_duos/probs.KY14.US-Vir17-VA1.delim	324819	66496520.32021002	4507259.644300949	4839246.81739192	30.867472637210618	2.092255550655914	53609.611437826214	4.5124843424789525	0.3058647050169594	2.462951177279582	13.680921769250258	301576.49634114443	-69908.92971091751	139825.85942183502
KY14_US-Vir17-VA1	dadi_objects_duos/probs.KY14.US-Vir17-VA1.delim	324819	7734169.709728065	12481434.575881885	3868786.3191953194	18.516367875728953	29.88178988795397	23564.528950614036	1.194027646109235	1.9269266781101786	4.479573533174002	31.014973457381732	301576.49634114443	-87360.64867039704	174729.2973407941
KY14_US-Vir17-VA1	dadi_objects_duos/probs.KY14.US-Vir17-VA1.delim	324819	17461639.03809952	9422167.40629248	1941513.7729835147	79.30536354078914	42.79257003697208	11149.061708193134	5.69778601344914	3.0744819284612035	4.751413703220093	27.83725585818617	301576.49634114443	-112590.2549717056	225188.5099434112
KY14_US-Vir17-VA1	dadi_objects_duos/probs.KY14.US-Vir17-VA1.delim	324819	16690872.921164412	5981894.06836671	12426694.44010127	1.9986992240055117	0.7163200564164157	74938.83278208769	0.8102733848553689	0.2903964087148299	4.524487414761965	4.933394731612153	301576.49634114443	-51350.843224964454	102709.68644992891
KY14_US-Vir17-VA1	dadi_objects_duos/probs.KY14.US-Vir17-VA1.delim	324819	14620122.479394142	11262505.799867522	1888806.9536354565	56.22601544148904	43.31330506332755	12488.441072680484	4.25894694166887	3.2808490284180865	4.126672779781786	26.403717262303743	301576.49634114443	-115716.01530436482	231440.03060872963
KY14_US-Vir17-VA1	dadi_objects_duos/probs.KY14.US-Vir17-VA1.delim	324819	17744554.4625685	14776983.533959895	1266235.715477876	154.19950069307663	128.4114226419752	7131.997264436051	9.051350426737343	7.537617047423924	4.844222477419964	34.07215352917443	301576.49634114443	-121772.700910372	243553.401820744
KY14_US-Vir17-VA1	dadi_objects_duos/probs.KY14.US-Vir17-VA1.delim	324819	4824876.196998672	52920478.9125217	3684051.3215513993	16.06968527673135	176.2564273353014	25253.189479294317	0.6950713446489812	7.6237206791079535	3.980431217155706	46.238952016779564	301576.49634114443	-92038.93435059015	184085.8687011803
KY14_US-Vir17-VA1	dadi_objects_duos/probs.KY14.US-Vir17-VA1.delim	324819	8086177.740853255	14513561.234851787	3657599.8117938424	0.7808281776386503	1.4014776737841608	20727.65224088619	1.4192294590490429	2.5473189336597923	4.8146726201695325	1.1003550872765078	301576.49634114443	-42284.921549359045	84577.84309871809
KY14_US-Vir17-VA1	dadi_objects_duos/probs.KY14.US-Vir17-VA1.delim	324819	58433899.57483446	110587535.21687548	243236.50650292335	112.2840681301708	212.50025120669838	46246.434734464594	4.59669893412899	8.69936131180757	0.1435063733227881	48.854218968529004	301576.49634114443	-171042.6498324594	342093.2996649188
KY14_US-Vir17-VA1	dadi_objects_duos/probs.KY14.US-Vir17-VA1.delim	324819	29929149.087470878	9278921.326757833	2202804.1337786396	9.6387208808914	2.988288523772628	12160.50717743233	8.953691545812154	2.7759091711841353	4.942479580497615	2.1530160675234895	301576.49634114443	-100681.10442705058	201370.20885410116
KY14_US-Vir17-VA1	dadi_objects_duos/probs.KY14.US-Vir17-VA1.delim	324819	15216588.447951347	7983512.8442615755	2503189.3124405276	68.68815551408471	36.03782632822411	13802.503502412192	4.010687979377558	2.1042416378158073	4.948305668782006	34.252555106390915	301576.49634114443	-97895.69882469244	195799.3976493849
KY14_US-Vir17-VA1	dadi_objects_duos/probs.KY14.US-Vir17-VA1.delim	324819	6682476.410451101	20995723.12672762	3502038.5025156545	9.610582932587793	30.195563133375277	19474.109204746917	1.2483583799528497	3.9222266265584844	4.906637851469665	15.397153713104055	301576.49634114443	-89720.34763685602	179448.69527371204
KY14_US-Vir17-VA1	dadi_objects_duos/probs.KY14.US-Vir17-VA1.delim	324819	1091269.1010459827	2000405.0596804125	47625.54406312623	1.025038688063309	1.8789981096364001	94325.67475938957	0.04208830010718312	0.07715205022029585	0.013776240588720495	48.70896118174978	301576.49634114443	-3626.310073836412	7260.620147672824
KY14_US-Vir17-VA1	dadi_objects_duos/probs.KY14.US-Vir17-VA1.delim	324819	5733018.662990229	32752176.466465306	2481497.376381456	32.83263524485406	187.569642907402	14798.734205550705	1.4093479663975548	8.051467474908062	4.575198484094021	46.59265990751427	301576.49634114443	-98000.04702853937	196008.09405707874
KY14_US-Vir17-VA1	dadi_objects_duos/probs.KY14.US-Vir17-VA1.delim	324819	13989407.582393488	14950033.574862344	1282956.380609269	171.6675669170372	183.4556520002068	7158.414405949051	7.10954708497544	7.597746151610976	4.89007752086424	48.29212462206521	301576.49634114443	-101176.56932722771	202361.13865445543
KY14_US-Vir17-VA1	dadi_objects_duos/probs.KY14.US-Vir17-VA1.delim	324819	29705551.041658837	6033410.81746836	3719128.568074116	7.2015600130536175	1.462688573744058	22794.956809144383	4.740872623861001	0.9629052877332271	4.451671483895228	3.0380736140464433	301576.49634114443	-62922.23094238367	125852.46188476734
KY14_US-Vir17-VA1	dadi_objects_duos/probs.KY14.US-Vir17-VA1.delim	324819	6216352.6854249975	22077472.956501395	3720366.5924350773	11.740052656548036	41.694979057502	20515.33012511125	1.1023425821991477	3.9149867742160995	4.947979770507536	21.300188972337267	301576.49634114443	-90038.11240593177	180084.22481186353
KY14_US-Vir17-VA1	dadi_objects_duos/probs.KY14.US-Vir17-VA1.delim	324819	45730447.46521367	4411439.163213412	11639361.730311373	13.233960251763031	1.2766288933307792	75704.21311158194	2.1975807841112616	0.2119921075062317	4.194979135900788	12.0441171923653	301576.49634114443	-66545.98609013	133099.97218026
KY14_US-Vir17-VA1	dadi_objects_duos/probs.KY14.US-Vir17-VA1.delim	324819	13122965.032725135	12446987.492065754	2802094.158300712	1.489133936214679	1.4124271025528823	15627.758527256941	3.054884023267851	2.8975237785442993	4.892228372095158	0.974920111449424	301576.49634114443	-52801.96359276657	105611.92718553315
KY14_US-Vir17-VA1	dadi_objects_duos/probs.KY14.US-Vir17-VA1.delim	324819	4988368.800466487	28851789.882327486	9233035.121458221	4.7716449657248345	27.598299855312302	50848.11659561301	0.3568971916263937	2.064226442406292	4.954391313197316	26.739605004905037	301576.49634114443	-75777.11916550655	151562.2383310131
KY14_US-Vir17-VA1	dadi_objects_duos/probs.KY14.US-Vir17-VA1.delim	324819	1043051.7020219166	2265766.2515635802	49430.56413739718	0.9893998233058612	2.149221102466775	93736.37578260922	0.04048154933736454	0.0879359365617327	0.014388254079147803	48.88151958120059	301576.49634114443	-3814.143448733332	7636.286897466664
KY14_US-Vir17-VA1	dadi_objects_duos/probs.KY14.US-Vir17-VA1.delim	324819	15855747.028835718	7565380.917853901	2524520.0675333734	78.4257521070286	37.419913888625025	13854.229733591377	4.163549870602028	1.986588249945018	4.971839858371395	37.67254124216297	301576.49634114443	-97009.62394673197	194027.24789346394
KY14_US-Vir17-VA1	dadi_objects_duos/probs.KY14.US-Vir17-VA1.delim	324819	22982814.270998396	6024494.017751687	4713907.521322504	4.300976000627949	1.1274165069929465	25756.547763346894	3.246197974727313	0.8509271340133742	4.993603950071342	2.6498544045140924	301576.49634114443	-54167.09878241097	108342.19756482194
KY14_US-Vir17-VA1	dadi_objects_duos/probs.KY14.US-Vir17-VA1.delim	324819	13980978.427289167	16952841.44595647	1732257.7956524396	27.83779034001731	33.755122954695565	9569.89902701721	5.314833426379191	6.444579602040495	4.938850250889548	10.475508113518515	301576.49634114443	-143110.44729913585	286228.8945982717
KY14_US-Vir17-VA1	dadi_objects_duos/probs.KY14.US-Vir17-VA1.delim	324819	20123299.941884343	6998339.696947531	2324932.6472248277	107.63509892577767	37.43257754804447	15050.536630170312	4.864146683518513	1.6916187168780876	4.214820466556751	44.25651853406654	301576.49634114443	-98889.56564593098	197787.13129186197
KY14_US-Vir17-VA1	dadi_objects_duos/probs.KY14.US-Vir17-VA1.delim	324819	4545.805825482334	9103.939606520515	74.64412353363751	2.4874954768279197e-06	4.981736893729172e-06	82304.62482746619	0.00020093060361861317	0.0004024061191068302	2.4745262926002203e-05	0.024759747216501083	301576.49634114443	-8820.485915803249	17648.971831606497
KY14_US-Vir17-VA1	dadi_objects_duos/probs.KY14.US-Vir17-VA1.delim	324819	30874710.350611012	5738859.036086206	2648875.2929247473	171.5290541770533	31.883086556496934	14534.000662195947	7.728178845867112	1.4364808122391677	4.972754581687982	44.3905498560722	301576.49634114443	-94857.42746602304	189722.8549320461
KY14_US-Vir17-VA1	dadi_objects_duos/probs.KY14.US-Vir17-VA1.delim	324819	51955963.07929564	4405754.772009217	9418044.919509929	17.410607001026484	1.476382311714227	54612.49905151453	3.4610095447562195	0.29348622206284547	4.705322517045068	10.060999125186072	301576.49634114443	-67077.05613865658	134162.11227731316
KY14_US-Vir17-VA1	dadi_objects_duos/probs.KY14.US-Vir17-VA1.delim	324819	14316111.51448276	21911044.77775709	1623557.1752599203	9.282749589277282	14.207401339784086	9638.926566658512	5.403259785338319	8.269778213353035	4.595783959970423	3.4359812254320667	301576.49634114443	-164865.73834007836	329739.4766801567
KY14_US-Vir17-VA1	dadi_objects_duos/probs.KY14.US-Vir17-VA1.delim	324819	19983817.13131456	8509510.088776667	2292800.191074285	49.847090335899374	21.225890695567774	15004.604254409283	4.845218303077368	2.0631911191658325	4.169292391427797	20.575787185580364	301576.49634114443	-105621.61805148785	211251.2361029757
KY14_US-Vir17-VA1	dadi_objects_duos/probs.KY14.US-Vir17-VA1.delim	324819	8581371.042961856	12687884.3282724	2444629.2441238887	45.11859311717772	66.70956047223359	14241.119410636169	2.192158744044144	3.2411902986592063	4.683705329840678	41.16361850140645	301576.49634114443	-98115.05870227101	196238.11740454202
KY14_US-Vir17-VA1	dadi_objects_duos/probs.KY14.US-Vir17-VA1.delim	324819	8084244.26073135	10807710.084978094	13610559.180048764	1.2432468133090138	1.66207881515707	84103.02644398113	0.34969325091631726	0.46749988653053776	4.4155523030178525	7.110499330777915	301576.49634114443	-24360.394339278715	48728.78867855743
KY14_US-Vir17-VA1	dadi_objects_duos/probs.KY14.US-Vir17-VA1.delim	324819	26506656.680098064	6864690.936064901	3241582.658143867	4.54609960140906	1.1773483583719007	17886.437561204024	5.3912633911122905	1.3962287806253106	4.9448593002185035	1.6864691155336553	301576.49634114443	-64962.615634758215	129933.23126951643
KY14_US-Vir17-VA1	dadi_objects_duos/probs.KY14.US-Vir17-VA1.delim	324819	5164622.472798136	41551641.72541955	3916806.9717059988	11.000170373308988	88.5011713204027	21900.68247608602	0.8579073322863037	6.902238894038184	4.879723450061698	25.6441924653885	301576.49634114443	-91979.83384484178	183967.66768968356
KY14_US-Vir17-VA1	dadi_objects_duos/probs.KY14.US-Vir17-VA1.delim	324819	8770492.181630427	11967072.386495393	4588090.503860932	0.9869124132585588	1.3466122589257556	25133.4954969831	1.2694936127453536	1.7321857933739124	4.980807670908887	1.5548127274532773	301576.49634114443	-32355.137506866147	64718.275013732295
KY14_US-Vir17-VA1	dadi_objects_duos/probs.KY14.US-Vir17-VA1.delim	324819	8750047.390293058	16354650.922065305	2114714.933282629	41.142887389229706	76.89987621360284	11854.300773262261	2.6853067940030813	5.019087700403853	4.867394861275593	30.642969720339895	301576.49634114443	-107089.24009818259	214186.48019636518
KY14_US-Vir17-VA1	dadi_objects_duos/probs.KY14.US-Vir17-VA1.delim	324819	17661043.262325976	5899713.995184078	8919980.928073023	2.3780418640274266	0.7943906063728484	54724.54504897148	1.1740690571382415	0.39220059340927116	4.447361737947329	4.050940359204821	301576.49634114443	-50118.62759783497	100245.25519566995
KY14_US-Vir17-VA1	dadi_objects_duos/probs.KY14.US-Vir17-VA1.delim	324819	27469864.425324198	8725530.737709112	2010550.2618307953	55.00014813242632	17.470253062684215	13958.674020657112	7.159320394696959	2.274087312474925	3.92999012067658	15.364628232916058	301576.49634114443	-117550.67753366055	235109.3550673211
KY14_US-Vir17-VA1	dadi_objects_duos/probs.KY14.US-Vir17-VA1.delim	324819	8007355.567665807	11020243.51529773	6460614.58939248	1.2944128695524726	1.7814551772129963	67333.63839764391	0.4326298481460951	0.5954133344357101	2.6179565888205234	5.983927716033875	301576.49634114443	-24670.299923289986	49348.59984657997
KY14_US-Vir17-VA1	dadi_objects_duos/probs.KY14.US-Vir17-VA1.delim	324819	7458369.843987744	29721979.945322987	1679659.4677992868	27.113115557771245	108.04713278102032	24769.440313139163	1.0954364039616407	4.36536931138784	1.8502300842301818	49.50194362669853	301576.49634114443	-111999.6027158605	224007.205431721
KY14_US-Vir17-VA1	dadi_objects_duos/probs.KY14.US-Vir17-VA1.delim	324819	14663402.021880452	10513073.258379998	2706984.9943444217	14.775653157579036	10.593552836800793	14899.0036467707	3.580444637492818	2.5670357203170115	4.957346907474648	8.253529744800405	301576.49634114443	-95241.72524324042	190491.45048648084
KY14_US-Vir17-VA1	dadi_objects_duos/probs.KY14.US-Vir17-VA1.delim	324819	4083109.9459997606	65484340.969041154	5709197.210487298	2.168904291924757	34.78458088564679	32783.59655997186	0.4530998572955031	7.266751554714161	4.751591947461881	9.573626020854114	301576.49634114443	-82538.65180548896	165085.30361097792
KY14_US-Vir17-VA1	dadi_objects_duos/probs.KY14.US-Vir17-VA1.delim	324819	15009269.888783308	11472377.08972267	2743644.139822814	1.1839647165163492	0.9049667165324872	15036.75191358799	3.631323833567428	2.7756124489916765	4.978453281591049	0.6520843476265883	301576.49634114443	-63255.23755688544	126518.47511377088
KY14_US-Vir17-VA1	dadi_objects_duos/probs.KY14.US-Vir17-VA1.delim	324819	1024588.2987447777	2015505.1778225135	44617.00877529435	0.9579965003595953	1.8845100116564777	93539.13940960674	0.039848820350050794	0.07838807435536886	0.013014508465434877	48.08154881093609	301576.49634114443	-3536.792689875106	7081.585379750212
KY14_US-Vir17-VA1	dadi_objects_duos/probs.KY14.US-Vir17-VA1.delim	324819	547196.866148645	1087540.141110534	15645.317023642305	0.55994885999006	1.1128844112254983	87916.98982137979	0.02264280566632768	0.04500201224253189	0.0048554808674493	49.459317740183145	301576.49634114443	-5363.714016051474	10735.428032102947
KY14_US-Vir17-VA1	dadi_objects_duos/probs.KY14.US-Vir17-VA1.delim	324819	18581495.99866234	17396034.054349117	1109797.703299413	211.51299047055105	198.01888854523918	7370.124168334284	9.17202688617937	8.586870081443838	4.108560687737583	46.121319332210824	301576.49634114443	-106661.22549604354	213330.45099208708
KY14_US-Vir17-VA1	dadi_objects_duos/probs.KY14.US-Vir17-VA1.delim	324819	64058560.92132997	4379118.999048494	8090102.118054082	25.643176455843435	1.7529978756726272	46624.28648211192	4.998324260219012	0.3416913589147117	4.734373253264125	10.260709438134702	301576.49634114443	-68881.89748995434	137771.79497990868
KY14_US-Vir17-VA1	dadi_objects_duos/probs.KY14.US-Vir17-VA1.delim	324819	32124844.92227517	16104422.124115402	835576.4621150212	109.98886321193982	55.138229815654384	25080.986162192556	4.659677704683944	2.3359308628607924	0.9089966408757209	47.20878574987199	301576.49634114443	-164858.63408656392	329725.26817312784
KY14_US-Vir17-VA1	dadi_objects_duos/probs.KY14.US-Vir17-VA1.delim	324819	51817841.18878075	74904485.08771007	471465.9124294161	160.17386505930386	231.53687246571712	27962.451327349918	6.74160840166118	9.74522856229574	0.4600401605640308	47.51799734313725	301576.49634114443	-214984.02151079744	429976.0430215949
KY14_US-Vir17-VA1	dadi_objects_duos/probs.KY14.US-Vir17-VA1.delim	324819	1188896.1864965963	1686367.3062678557	53526.886528881136	1.090117780110954	1.5462569442480647	98469.00532099893	0.04392419700390722	0.06230344635870332	0.014831774746491862	49.63632141136168	301576.49634114443	-4853.145773009244	9714.291546018489
KY14_US-Vir17-VA1	dadi_objects_duos/probs.KY14.US-Vir17-VA1.delim	324819	28483340.590818245	24702706.057712134	796739.3555649836	129.45490714371226	112.2721721738776	19257.743143495256	5.380776841316075	4.666578635654244	1.12883786707693	48.11755289671114	301576.49634114443	-188794.8742605626	377597.7485211252
KY14_US-Vir17-VA1	dadi_objects_duos/probs.KY14.US-Vir17-VA1.delim	324819	7837407.29205606	10990463.831438957	4761688.426120063	16.702341644760025	23.421837720891883	34558.269766210586	0.825049249974301	1.156973678041375	3.7594964014429233	40.48810818331216	301576.49634114443	-82830.51201153497	165669.02402306994
KY14_US-Vir17-VA1	dadi_objects_duos/probs.KY14.US-Vir17-VA1.delim	324819	5478579.4213187285	29930586.442076333	3281905.2967295023	20.86825057286666	114.0074697531262	18641.33161262143	1.069179140823969	5.841141696690751	4.803632803498309	39.03602263842227	301576.49634114443	-93090.9818299047	186189.9636598094
KY14_US-Vir17-VA1	dadi_objects_duos/probs.KY14.US-Vir17-VA1.delim	324819	20750230.548274573	12441829.62970052	1660524.5832010985	44.4984228270025	26.681235869448116	10598.76590594886	7.122411703232521	4.270595102933577	4.274749781466869	12.495324528012555	301576.49634114443	-143456.33452910022	286920.66905820044
KY14_US-Vir17-VA1	dadi_objects_duos/probs.KY14.US-Vir17-VA1.delim	324819	10224941.81579736	15351493.249703193	2336331.8039280274	18.596431305591242	27.920255664955153	14928.312420235265	2.491779322425728	3.7411003541231937	4.270163410082687	14.92622652273056	301576.49634114443	-107685.69145120175	215379.3829024035
KY14_US-Vir17-VA1	dadi_objects_duos/probs.KY14.US-Vir17-VA1.delim	324819	24497113.764107686	7814990.194971463	2338466.2883636774	59.5812575511091	19.007420549608067	14390.553973960246	6.192939737663471	1.9756516540654627	4.433781531698229	19.24167199262574	301576.49634114443	-105239.20059851222	210486.40119702445
KY14_US-Vir17-VA1	dadi_objects_duos/probs.KY14.US-Vir17-VA1.delim	324819	18091916.710920945	10446575.742441438	2052478.0960441956	40.67367973842997	23.48566395150541	11840.046406621523	5.558922544204499	3.209814987117609	4.729833095387482	14.633655862262247	301576.49634114443	-117602.46478650128	235212.92957300256
KY14_US-Vir17-VA1	dadi_objects_duos/probs.KY14.US-Vir17-VA1.delim	324819	33734070.80404197	32054578.04245439	717546.2991834922	159.28041635739405	151.35044229974648	18833.661915841007	6.516185358257699	6.191768948334071	1.039527177580066	48.88762599595003	301576.49634114443	-203699.04705928528	407406.09411857056
KY14_US-Vir17-VA1	dadi_objects_duos/probs.KY14.US-Vir17-VA1.delim	324819	22634516.859600868	6438152.784468729	3912697.0815315163	26.148100627754488	7.437555124740341	24725.30813108432	3.330342992686426	0.9472814085053161	4.317727236220461	15.702947525331068	301576.49634114443	-80730.49018108011	161468.98036216022
KY14_US-Vir17-VA1	dadi_objects_duos/probs.KY14.US-Vir17-VA1.delim	324819	15107947.332262577	11078220.958245445	2135170.177052265	35.494058931243124	26.026767164167026	12723.36531176726	4.31979276801647	3.167579137353947	4.578794868004857	16.433222998121284	301576.49634114443	-113133.13055454116	226274.26110908232
KY14_US-Vir17-VA1	dadi_objects_duos/probs.KY14.US-Vir17-VA1.delim	324819	22578762.347447034	12696867.54816288	1207511.6371981385	222.13304140267957	124.9135697235993	8338.600965167461	9.8506840201133	5.539401510921396	3.951107287525686	45.100023703759945	301576.49634114443	-114604.74334356832	229217.48668713664
KY14_US-Vir17-VA1	dadi_objects_duos/probs.KY14.US-Vir17-VA1.delim	324819	33149049.760455936	6404359.429964408	2471116.3432924906	102.49850296073926	19.802596416411323	19101.341087996403	6.31344892585418	1.2197512886817892	3.529799380954292	32.469892182384825	301576.49634114443	-98547.52499887784	197103.04999775568
KY14_US-Vir17-VA1	dadi_objects_duos/probs.KY14.US-Vir17-VA1.delim	324819	18786507.514606956	6419470.532436061	4761334.50264634	3.240967869515878	1.1074595806992142	37454.149068803614	1.8247592067726777	0.6235319655641529	3.468561890385376	3.552214294890939	301576.49634114443	-47029.50160794841	94067.00321589682
KY14_US-Vir17-VA1	dadi_objects_duos/probs.KY14.US-Vir17-VA1.delim	324819	10978955.477414604	18548984.547027927	1382553.5106255591	103.52888036574645	174.91241366501575	9215.307625025533	4.334216829699669	7.3226748357758655	4.093481210320776	47.77282006582042	301576.49634114443	-113396.87431655599	226801.74863311197
