Pair_name	fs_name	L	pop1_size	pop2_size	divergence_time	mig_pop1	mig_pop2	theta	nu1	nu2	Ts	m12	fs_sanitycheck	-2LL_model	AIC
KY16_US-Vir17-VA2	dadi_objects_duos/probs.KY16.US-Vir17-VA2.delim	4428170	1660059.1849932151	1761147.027945077	28892.006599169446	1.751048586761461	1.857677149248735	1138604.1574752508	0.07230912640625707	0.07671232701513893	0.009438619742014709	48.43229821152807	4033736.2062761635	-80196.1179851704	160400.2359703408
KY16_US-Vir17-VA2	dadi_objects_duos/probs.KY16.US-Vir17-VA2.delim	4428170	52266974.59137699	19496356.303942367	609695.9086371111	171.40918747716358	63.938167819175376	356255.4754693702	7.276258544515777	2.7141522969819807	0.6365833603788332	47.11465004397272	4033736.2062761635	-1878798.6387657986	3757605.2775315973
KY16_US-Vir17-VA2	dadi_objects_duos/probs.KY16.US-Vir17-VA2.delim	4428170	4970551.715480093	36077121.68044382	4818974.12587878	1.7773582364480784	12.900372642010222	367722.8552380639	0.6703880761713998	4.865792286564752	4.874583572549848	5.302475684229374	4033736.2062761635	-539790.7193131215	1079589.438626243
KY16_US-Vir17-VA2	dadi_objects_duos/probs.KY16.US-Vir17-VA2.delim	4428170	8287576.58452057	11881907.262921277	5508063.3321274845	1.6859303543181021	2.4171201216007274	415566.68235953205	0.9890748106035415	1.418037595891798	4.930168399406536	3.409105835562294	4033736.2062761635	-260887.6150548774	521783.2301097548
KY16_US-Vir17-VA2	dadi_objects_duos/probs.KY16.US-Vir17-VA2.delim	4428170	46750805.039833985	29023127.122386508	636582.5548430898	237.738758089234	147.58937716822328	242479.55521260598	9.562165916723712	5.936239102833839	0.9765245271540666	49.72487617547856	4033736.2062761635	-2167285.867394244	4334579.734788488
KY16_US-Vir17-VA2	dadi_objects_duos/probs.KY16.US-Vir17-VA2.delim	4428170	14588542.768699747	20421055.313367296	1433888.5830591244	33.42420051591358	46.78722600073552	129529.81457242789	5.585788365617187	7.818991587546942	4.117647950532904	11.96758571150071	4033736.2062761635	-1526765.4301487019	3053538.8602974038
KY16_US-Vir17-VA2	dadi_objects_duos/probs.KY16.US-Vir17-VA2.delim	4428170	1560023.4179574414	1290494.9309061784	23678.604306740966	1.6819599409506967	1.3913642274845284	1140134.0756782147	0.0678605694855475	0.05613615790727484	0.007725093133409813	49.57105293108126	4033736.2062761635	-84111.8395431853	168231.6790863706
KY16_US-Vir17-VA2	dadi_objects_duos/probs.KY16.US-Vir17-VA2.delim	4428170	14251979.6828132	7852695.552616643	2383659.9611314563	73.69491856275043	40.60514904789182	239220.810908523	2.954735052867833	1.6280289002093051	3.7063710336389	49.88258997450411	4033736.2062761635	-822855.3151514506	1645718.6303029011
KY16_US-Vir17-VA2	dadi_objects_duos/probs.KY16.US-Vir17-VA2.delim	4428170	7041.789406810397	7354.64625984045	57.747112300147684	5.732815574545232e-14	5.98751655124858e-14	1071379.797822255	0.0003259731940087998	0.0003404557270352939	2.0048891637391967e-05	3.517353991009746e-10	4033736.2062761635	-101244.73807553173	202497.47615106346
KY16_US-Vir17-VA2	dadi_objects_duos/probs.KY16.US-Vir17-VA2.delim	4428170	10731712.98830077	9096883.38081031	5148579.928663714	2.6666625410944396	2.2604329969275847	426892.1482899883	1.246789655350064	1.0568583139974612	4.486140200198477	4.2776462407297	4033736.2062761635	-266717.6925809734	533443.3851619468
KY16_US-Vir17-VA2	dadi_objects_duos/probs.KY16.US-Vir17-VA2.delim	4428170	1332050.4279266866	1380783.461984805	20479.927845720402	1.3943528294799565	1.4453651954561044	1128999.8145973417	0.05851525524829368	0.06065603450645817	0.006747425549636452	47.657754326231576	4033736.2062761635	-80776.84065319161	161561.68130638322
KY16_US-Vir17-VA2	dadi_objects_duos/probs.KY16.US-Vir17-VA2.delim	4428170	6883578.607021052	32928582.25173283	2651312.1188903204	10.60033747131912	50.708229577625815	197638.79659299762	1.7273660648818314	8.263102492691488	4.9899041770807795	12.273411741528319	4033736.2062761635	-838773.1109770789	1677554.2219541578
KY16_US-Vir17-VA2	dadi_objects_duos/probs.KY16.US-Vir17-VA2.delim	4428170	5187784.661248368	17243420.724471297	2197227.0780700073	1.207847216127816	4.014703592874557	1126290.4571042745	0.2284408904427586	0.7593033716302039	0.7256514840599294	10.574702399266574	4033736.2062761635	-350540.20746063464	701088.4149212693
KY16_US-Vir17-VA2	dadi_objects_duos/probs.KY16.US-Vir17-VA2.delim	4428170	9103.085644519473	9524.944466623048	74.72469173909509	2.7331467991827494e-05	2.859807377185062e-05	1071384.093434303	0.00042139147226642325	0.0004409197637795136	2.5943136911327597e-05	0.1297200811626642	4033736.2062761635	-101267.39152335559	202542.78304671118
KY16_US-Vir17-VA2	dadi_objects_duos/probs.KY16.US-Vir17-VA2.delim	4428170	14272731.444601154	9063632.850399483	1921345.9374343003	89.13188927394064	56.60154979984863	183179.35770331844	3.8643181105488655	2.4539633991651213	3.901508740762493	46.13072046559896	4033736.2062761635	-899917.8350932082	1799843.6701864165
KY16_US-Vir17-VA2	dadi_objects_duos/probs.KY16.US-Vir17-VA2.delim	4428170	20266768.21672663	7717941.841814361	1847801.1158794283	125.08642034372158	47.635109213752834	199908.4602139942	5.028004232956298	1.914752457588466	3.43817201208887	49.755893013707734	4033736.2062761635	-916249.9534693074	1832507.9069386148
KY16_US-Vir17-VA2	dadi_objects_duos/probs.KY16.US-Vir17-VA2.delim	4428170	20961303.47258343	6990885.953328979	2508512.535123461	84.04546211683812	28.030329379188746	189274.04254347328	5.492493298339886	1.831822830022959	4.929793947602865	30.60375590890242	4033736.2062761635	-851814.1874752364	1703636.3749504727
KY16_US-Vir17-VA2	dadi_objects_duos/probs.KY16.US-Vir17-VA2.delim	4428170	22653392.534274496	6902409.904026445	2102162.5167944455	134.13205833795539	40.86957158926956	185645.72664875534	6.051884093043913	1.8439880313133958	4.211966234537795	44.327371864946294	4033736.2062761635	-873140.3891945852	1746288.7783891703
KY16_US-Vir17-VA2	dadi_objects_duos/probs.KY16.US-Vir17-VA2.delim	4428170	11491230.871089043	13288635.511813425	1656416.861289156	79.79063514714086	92.2711134795917	123669.0217060041	4.608376283487257	5.329196969370767	4.982098012234303	34.628524338625226	4033736.2062761635	-1034254.0374572934	2068516.0749145867
KY16_US-Vir17-VA2	dadi_objects_duos/probs.KY16.US-Vir17-VA2.delim	4428170	20842222.464072924	5456128.034496117	14872304.726227906	13.077297026021727	3.423406838790961	1124821.432233557	0.9189730013707508	0.24057100265420372	4.918110047438155	28.460677313730613	4033736.2062761635	-534071.582606031	1068151.165212062
KY16_US-Vir17-VA2	dadi_objects_duos/probs.KY16.US-Vir17-VA2.delim	4428170	12795522.660591109	18110364.37468298	1723251.0887295245	23.2435692133792	32.898187826195006	153855.24871626822	4.124658733389939	5.83790709956504	4.166196930422506	11.27054174214116	4033736.2062761635	-1227720.9584295515	2455449.916859103
KY16_US-Vir17-VA2	dadi_objects_duos/probs.KY16.US-Vir17-VA2.delim	4428170	17377409.419298813	7358405.430499434	2193341.637297648	110.2872575793047	46.70076738740909	169206.84560998128	5.093419094585575	2.1567911430908966	4.82160804937395	43.30578557595729	4033736.2062761635	-852013.6442135029	1704035.2884270058
KY16_US-Vir17-VA2	dadi_objects_duos/probs.KY16.US-Vir17-VA2.delim	4428170	8859631.644016463	9709481.100070847	12875191.977659643	1.5154199616999073	1.6607847897076742	986419.9365724577	0.44544709646292624	0.48817607074095876	4.855069172060739	6.804040137350107	4033736.2062761635	-255168.3506005052	510344.7012010104
KY16_US-Vir17-VA2	dadi_objects_duos/probs.KY16.US-Vir17-VA2.delim	4428170	6287839.98418409	28354475.84561651	2191505.40181383	38.407428990456594	173.19501137773375	188691.35356484415	1.6526914837133466	7.452670690265173	4.32010293929106	46.47864331479573	4033736.2062761635	-839268.7105160533	1678545.4210321065
KY16_US-Vir17-VA2	dadi_objects_duos/probs.KY16.US-Vir17-VA2.delim	4428170	12503267.669335388	18943751.536140803	1882542.8641013098	12.932233384519197	19.593679230314287	143635.0342725736	4.317232664357014	6.541056712547985	4.875150652725511	5.9909828308710145	4033736.2062761635	-1164566.7528468485	2329141.505693697
KY16_US-Vir17-VA2	dadi_objects_duos/probs.KY16.US-Vir17-VA2.delim	4428170	9295270.186310718	10761755.236717392	4859581.667000317	1.9661029037622655	2.276288671161984	431728.87667179713	1.0678081421380383	1.2362728178022397	4.186887934356158	3.682502176515718	4033736.2062761635	-257475.5295585337	514959.0591170674
KY16_US-Vir17-VA2	dadi_objects_duos/probs.KY16.US-Vir17-VA2.delim	4428170	6821770.702126891	25329244.251545515	2006558.4836311056	40.914061926293336	151.91396971622606	202891.58252030666	1.6675366811265073	6.191566052124279	3.678674335173066	49.07125868877891	4033736.2062761635	-868593.941511833	1737195.883023666
KY16_US-Vir17-VA2	dadi_objects_duos/probs.KY16.US-Vir17-VA2.delim	4428170	7800351.905370903	32477544.510950822	1809297.0450127118	22.95330395890628	95.56837435571002	240555.72043823785	1.6082028039884269	6.6959130540260565	2.7976780447060237	28.545285335880383	4033736.2062761635	-995683.2163854281	1991374.4327708562
KY16_US-Vir17-VA2	dadi_objects_duos/probs.KY16.US-Vir17-VA2.delim	4428170	16418261.211786402	17875226.410349738	1614455.6248913703	15.521864441142016	16.89928291535455	124272.20467104038	6.552325532146531	7.133782371384915	4.832319701572892	4.737818463075377	4033736.2062761635	-1481539.2411981244	2963086.4823962487
KY16_US-Vir17-VA2	dadi_objects_duos/probs.KY16.US-Vir17-VA2.delim	4428170	35314260.113105275	26482265.313243814	688487.2273214535	146.34308900323708	109.74310370175826	254158.92768017462	6.891076165148502	5.167637852661963	1.0076137096857556	42.47321767922541	4033736.2062761635	-2082634.5170072818	4165277.0340145635
KY16_US-Vir17-VA2	dadi_objects_duos/probs.KY16.US-Vir17-VA2.delim	4428170	21934980.865764126	13732768.05991454	1466168.5007163833	50.2162166807796	31.4387170312006	112241.82116478239	9.692255702718999	6.068001625229013	4.8588414740325545	10.362132040468618	4033736.2062761635	-1550919.17193884	3101846.34387768
KY16_US-Vir17-VA2	dadi_objects_duos/probs.KY16.US-Vir17-VA2.delim	4428170	8905672.85479221	9933083.648215711	8309284.655799818	1.8832182949493181	2.1004774323723128	618971.0895595151	0.713573446551206	0.7958954757612294	4.9934053471540665	5.2782745884145745	4033736.2062761635	-234004.5606296734	468017.1212593468
KY16_US-Vir17-VA2	dadi_objects_duos/probs.KY16.US-Vir17-VA2.delim	4428170	31004592.635789968	34715010.435382396	593698.6527440917	103.55072757754812	115.94297111636382	331327.16318165185	4.640997083730337	5.196399903874206	0.6665190566925046	44.62434503161385	4033736.2062761635	-2027844.0371923589	4055696.0743847177
KY16_US-Vir17-VA2	dadi_objects_duos/probs.KY16.US-Vir17-VA2.delim	4428170	19580003.119779903	11321565.561607283	1931206.7728307324	21.134666338810526	12.220504211044663	166041.85980751013	5.848405481441942	3.3816698436640817	4.326281120412827	7.2274969325826275	4033736.2062761635	-1113594.4828940583	2227196.9657881167
KY16_US-Vir17-VA2	dadi_objects_duos/probs.KY16.US-Vir17-VA2.delim	4428170	39717181.95714835	6484571.793563707	2151059.390550393	109.71708437694237	17.913363324477224	277015.27873608813	7.110776220040545	1.1609670332746123	2.8883660251761603	30.859383274563733	4033736.2062761635	-926253.3334509481	1852514.6669018962
KY16_US-Vir17-VA2	dadi_objects_duos/probs.KY16.US-Vir17-VA2.delim	4428170	56731976.25563089	4588184.290414372	5902914.288011262	93.87963534665829	7.592491862904475	493432.3818990799	5.702201676519708	0.4611641243572131	4.44981934634202	32.92750438246756	4033736.2062761635	-763852.9907170458	1527713.9814340917
KY16_US-Vir17-VA2	dadi_objects_duos/probs.KY16.US-Vir17-VA2.delim	4428170	16917191.51834077	14924163.730903054	1514687.3924540556	45.30350859202949	39.966266213798505	132677.00362481063	6.323753300830042	5.578746895021414	4.246497819295389	14.328044260070376	4033736.2062761635	-1379235.4070353229	2758478.8140706457
KY16_US-Vir17-VA2	dadi_objects_duos/probs.KY16.US-Vir17-VA2.delim	4428170	11470978.233900988	9002338.756891612	4538502.652457039	1.8200667925529068	1.4283749382687447	349978.30323620274	1.6255549033260752	1.2757234482774311	4.823641489731799	2.239317526376793	4033736.2062761635	-312385.98275302973	624779.9655060595
KY16_US-Vir17-VA2	dadi_objects_duos/probs.KY16.US-Vir17-VA2.delim	4428170	492670.9994275809	531362.0450314239	4755.11012422066	0.4453822386469972	0.4803595450576736	1081102.7154161793	0.022601244242910275	0.024376192987045915	0.0016360522550151757	39.41218756455924	4033736.2062761635	-96161.50517247122	192331.01034494245
KY16_US-Vir17-VA2	dadi_objects_duos/probs.KY16.US-Vir17-VA2.delim	4428170	12296746.988974359	11596508.64960381	1531336.5257453641	121.75738267790038	114.8239077085509	114688.3215160529	5.317571627319555	5.01476247550592	4.966552085685756	45.79435547322379	4033736.2062761635	-1262068.2190248703	2524144.4380497406
KY16_US-Vir17-VA2	dadi_objects_duos/probs.KY16.US-Vir17-VA2.delim	4428170	7477933.790007186	17226613.653029434	2088792.1726180408	53.17838350056264	122.50489145557776	155786.58734588238	2.380640731095899	5.4841857754955035	4.9873370264463635	44.6756898728542	4033736.2062761635	-856760.6827079722	1713529.3654159445
KY16_US-Vir17-VA2	dadi_objects_duos/probs.KY16.US-Vir17-VA2.delim	4428170	24509509.40091286	12443932.942444019	1508395.1170017165	46.49946102244834	23.60863962465055	131455.61992224763	9.24693422959005	4.6948401779075635	4.268148388935728	10.057270846298607	4033736.2062761635	-1499230.0661971741	2998468.1323943483
KY16_US-Vir17-VA2	dadi_objects_duos/probs.KY16.US-Vir17-VA2.delim	4428170	6192868.38771413	66141239.483077385	1748145.0571813819	15.672563004655872	167.38652884357305	418550.4621298837	0.7338145735914613	7.837306141427659	1.5535784574186238	42.7153222862573	4033736.2062761635	-898855.8569566746	1797719.7139133492
KY16_US-Vir17-VA2	dadi_objects_duos/probs.KY16.US-Vir17-VA2.delim	4428170	1503017.6955697644	1444517.9372187357	23130.89622294224	1.5598678963934547	1.4991554408664738	1131299.3046113297	0.06589142221590162	0.06332682681000747	0.007605337469799113	47.34661489874507	4033736.2062761635	-80336.05500746645	160680.1100149329
KY16_US-Vir17-VA2	dadi_objects_duos/probs.KY16.US-Vir17-VA2.delim	4428170	5720996.799215252	28210349.33907273	3519574.5372968456	1.2292064428727305	6.0612414899507066	313555.26398831385	0.9048986007456791	4.462073051146491	4.175222465446066	2.716782724295974	4033736.2062761635	-566247.5399091616	1132503.0798183233
KY16_US-Vir17-VA2	dadi_objects_duos/probs.KY16.US-Vir17-VA2.delim	4428170	40706039.98365216	57976776.754798226	17867.528022738254	0.5543937888909573	0.7896116877418242	930167.72941887	2.170400568609992	3.0912569556096345	0.007145074365523347	0.51086771438326	4033736.2062761635	-901146.9774100602	1802301.9548201205
KY16_US-Vir17-VA2	dadi_objects_duos/probs.KY16.US-Vir17-VA2.delim	4428170	1709191.5044510143	1816002.4356461223	31342.43668155502	1.8379932929229064	1.952853315709244	1145565.2512973063	0.07399684478886709	0.0786210614882927	0.010176922687253764	49.6776125567839	4033736.2062761635	-80736.33525003154	161480.67050006308
KY16_US-Vir17-VA2	dadi_objects_duos/probs.KY16.US-Vir17-VA2.delim	4428170	14410135.058607988	8657793.483629247	3263051.835722272	1.8338402896972605	1.101794705294832	295702.34335772856	2.4168828113585312	1.452094110830406	4.104618104514599	1.5175252031905162	4033736.2062761635	-464887.49956732494	929782.9991346499
KY16_US-Vir17-VA2	dadi_objects_duos/probs.KY16.US-Vir17-VA2.delim	4428170	21548517.09020889	6225156.81105243	3497508.311193525	54.535117643349295	15.754664584009683	263874.7942891601	4.0500630930683235	1.1700237999422325	4.930198408076698	26.930502755221795	4033736.2062761635	-784010.7795926145	1568029.559185229
KY16_US-Vir17-VA2	dadi_objects_duos/probs.KY16.US-Vir17-VA2.delim	4428170	9259875.642588533	21418077.321107354	1701915.4829891494	45.069785571342116	104.24634082266022	141156.591855306	3.2534661926540362	7.52526201922011	4.484772061357502	27.70570394928625	4033736.2062761635	-1051122.6711285487	2102253.3422570974
KY16_US-Vir17-VA2	dadi_objects_duos/probs.KY16.US-Vir17-VA2.delim	4428170	25336306.45855266	5346505.054471003	5610462.094871188	38.126405603139546	8.045490790043187	492869.8450703155	2.549490298257353	0.5379972328743449	4.234186025049642	29.9090415281831	4033736.2062761635	-706698.6244172774	1413405.2488345548
KY16_US-Vir17-VA2	dadi_objects_duos/probs.KY16.US-Vir17-VA2.delim	4428170	9589205.591825694	11308158.915421393	2487548.274904359	42.613384034283186	50.25222516809235	215881.33932667054	2.2029763469577426	2.5978801246631438	4.286076947448687	38.687100833498505	4033736.2062761635	-820151.5679330651	1640311.1358661302
KY16_US-Vir17-VA2	dadi_objects_duos/probs.KY16.US-Vir17-VA2.delim	4428170	23812904.956998542	57641766.85666944	493710.47523730324	67.71394292185951	163.90907862337573	427270.64078950905	2.7640865304111926	6.690776771894713	0.4298063619572218	48.99553047768458	4033736.2062761635	-1865606.1208199784	3731220.241639957
KY16_US-Vir17-VA2	dadi_objects_duos/probs.KY16.US-Vir17-VA2.delim	4428170	13133633.361291297	10699265.671040503	2542631.3075989215	21.506414548338153	17.52012078869063	219459.17854849406	2.9680652694164826	2.417923355472221	4.309562570432503	14.491874400434789	4033736.2062761635	-840122.8748834701	1680253.7497669403
KY16_US-Vir17-VA2	dadi_objects_duos/probs.KY16.US-Vir17-VA2.delim	4428170	28097232.989279293	6195088.733045933	2249092.0133320303	171.7079913690374	37.85946620117903	178882.7831126463	7.789997488082565	1.7175970917595436	4.67672927036635	44.08422252554582	4033736.2062761635	-851653.4107642409	1703314.8215284818
KY16_US-Vir17-VA2	dadi_objects_duos/probs.KY16.US-Vir17-VA2.delim	4428170	24390732.73543237	7580268.910392313	2438372.688527862	31.787874240000274	9.879188027791052	262753.0759290964	4.60383072078477	1.4308005938164035	3.451881085115973	13.809314967419875	4033736.2062761635	-869298.2396295309	1738604.4792590619
KY16_US-Vir17-VA2	dadi_objects_duos/probs.KY16.US-Vir17-VA2.delim	4428170	18858597.967456054	16154325.807547718	1066774.6562322092	187.03916969685173	160.218256482814	93973.5792973715	9.952815226604011	8.525608327317864	4.222507896406831	37.58517875362409	4033736.2062761635	-1199986.6751458107	2399981.3502916214
KY16_US-Vir17-VA2	dadi_objects_duos/probs.KY16.US-Vir17-VA2.delim	4428170	4101872.5071876645	116277995.67603989	12398434.926415639	2.461514162993894	69.77787161828532	1022994.3204930136	0.19886174366996906	5.637241267267039	4.508137918682043	24.756035198796436	4033736.2062761635	-643100.6288035596	1286209.2576071192
KY16_US-Vir17-VA2	dadi_objects_duos/probs.KY16.US-Vir17-VA2.delim	4428170	11601090.13206157	10404145.346809866	3608658.6372912982	2.168859373779608	1.9450868758644952	280913.01142407325	2.0481853408364894	1.836863410307917	4.778344923161221	2.1178350714040697	4033736.2062761635	-325187.3237308411	650382.6474616822
KY16_US-Vir17-VA2	dadi_objects_duos/probs.KY16.US-Vir17-VA2.delim	4428170	5907567.858874889	16361774.103275493	15806186.319665913	1.009970002969679	2.7972426952064793	1480000.2251017638	0.1979653789275304	0.5482907497060009	3.9725453635930075	10.203501323727929	4033736.2062761635	-391800.47124709823	783608.9424941965
KY16_US-Vir17-VA2	dadi_objects_duos/probs.KY16.US-Vir17-VA2.delim	4428170	10437941.299665943	21439998.958578844	1845233.542877247	16.60225004640907	34.10176523185352	196126.9551520606	2.6394890956114887	5.4216288285604435	3.4995935251474677	12.579896673195263	4033736.2062761635	-1089302.4791188976	2178612.958237795
KY16_US-Vir17-VA2	dadi_objects_duos/probs.KY16.US-Vir17-VA2.delim	4428170	1437457.8781780764	1631194.278595441	28854.89726334199	1.5266688384540121	1.732428833151261	1161881.0080459965	0.06135864813463756	0.06962838862897967	0.009237648419975025	49.762140622918736	4033736.2062761635	-81463.57072790997	162935.14145581995
KY16_US-Vir17-VA2	dadi_objects_duos/probs.KY16.US-Vir17-VA2.delim	4428170	15566758.599301055	10317328.133587673	1669416.837392759	101.22621386040703	67.09065714974425	125605.55903416952	6.14655310095507	4.0738092537724375	4.943783893809076	32.9375544952758	4033736.2062761635	-1035570.857677135	2071149.71535427
KY16_US-Vir17-VA2	dadi_objects_duos/probs.KY16.US-Vir17-VA2.delim	4428170	1773469.3793349857	1617225.229454645	30511.328565575735	1.8823597846219655	1.7165222980861197	1147275.591040411	0.07666519568931339	0.06991092721111818	0.009892291708780844	49.10598003950191	4033736.2062761635	-81112.09962793725	162232.1992558745
KY16_US-Vir17-VA2	dadi_objects_duos/probs.KY16.US-Vir17-VA2.delim	4428170	61685671.73244986	4516157.759397169	6470128.683854855	90.38458068586219	6.617274545777319	499305.52074246696	6.127174349284541	0.44858530682327236	4.820033981884662	29.50285907774641	4033736.2062761635	-760316.9224361393	1520641.8448722786
KY16_US-Vir17-VA2	dadi_objects_duos/probs.KY16.US-Vir17-VA2.delim	4428170	4430499.41688854	139220691.88461742	1558091.0457666737	6.055373103937936	190.2795043683337	883410.6709655029	0.2487323945409686	7.815980277553088	0.6560451670612727	48.68986297593464	4033736.2062761635	-698982.4482800732	1397972.8965601465
KY16_US-Vir17-VA2	dadi_objects_duos/probs.KY16.US-Vir17-VA2.delim	4428170	7299804.100578605	12350954.215024453	12210539.88389254	1.5407817428036943	2.6069363641149796	988791.5826947005	0.36614132826942297	0.6194953617077804	4.593393541973605	8.416322462619783	4033736.2062761635	-255813.1968058536	511634.3936117072
KY16_US-Vir17-VA2	dadi_objects_duos/probs.KY16.US-Vir17-VA2.delim	4428170	17456571.505070508	34754114.05018552	847293.3222985509	94.26881996564337	187.67885317633812	202577.59654059377	4.273757200651368	8.508580572714202	1.5557718858751088	44.11519678809819	4033736.2062761635	-1832622.8528837515	3665253.705767503
KY16_US-Vir17-VA2	dadi_objects_duos/probs.KY16.US-Vir17-VA2.delim	4428170	12568092.35445141	10780740.872119367	2012150.3609067914	57.38311372048823	49.222464476626136	178984.63701924004	3.482538417923322	2.987274695473915	4.181655250355924	32.954762781744954	4033736.2062761635	-917978.2278468759	1835964.4556937518
KY16_US-Vir17-VA2	dadi_objects_duos/probs.KY16.US-Vir17-VA2.delim	4428170	1807489.938258713	2128336.9699462065	31232.101158896006	1.9878449410948382	2.3407067387210607	1125367.8401406284	0.07965695416679734	0.09379683774606928	0.010323102801962174	49.91014185484418	4033736.2062761635	-91302.33264657008	182612.66529314016
KY16_US-Vir17-VA2	dadi_objects_duos/probs.KY16.US-Vir17-VA2.delim	4428170	14664395.000373818	14629296.517649412	1175842.6803306292	166.2365419959884	165.838663297463	107530.03316155153	6.763580736611071	6.747392450518599	4.067457183259854	49.15637100216893	4033736.2062761635	-1017487.504018442	2034983.008036884
KY16_US-Vir17-VA2	dadi_objects_duos/probs.KY16.US-Vir17-VA2.delim	4428170	6895.922427940303	7173.8429510076685	55.839341106699464	1.1552491976995892e-23	1.2018082280037803e-23	1070219.315527952	0.0003195669741672406	0.0003324462113604789	1.9407565018901074e-05	7.230091286560837e-20	4033736.2062761635	-101289.98257340681	202587.96514681363
KY16_US-Vir17-VA2	dadi_objects_duos/probs.KY16.US-Vir17-VA2.delim	4428170	6982020.754326812	12918187.64466479	12733954.99763909	1.177106955358166	2.1778921980049284	976632.9301692809	0.3545619111873259	0.6560131316611172	4.849930293163613	6.639782324144031	4033736.2062761635	-304698.4592597496	609404.9185194992
KY16_US-Vir17-VA2	dadi_objects_duos/probs.KY16.US-Vir17-VA2.delim	4428170	8807681.098225165	15243765.851196887	2254202.741931255	32.47981469462957	56.213966488292535	218119.40315678413	2.0026709078410763	3.4660935217426307	3.844166792235793	32.43649724721225	4033736.2062761635	-864559.1565896496	1729126.3131792992
KY16_US-Vir17-VA2	dadi_objects_duos/probs.KY16.US-Vir17-VA2.delim	4428170	6971307.625328385	7597323.634776394	3635682.191650478	1.9731081244594426	2.1502911352615746	2662268.2093033763	0.1298687765601476	0.14153085455519934	0.5079695230356912	30.386181755483232	4033736.2062761635	-194069.30322652115	388146.6064530423
KY16_US-Vir17-VA2	dadi_objects_duos/probs.KY16.US-Vir17-VA2.delim	4428170	1632620.8433911293	1647843.3080845503	30092.673924795596	1.7084885442192694	1.7244183950776426	1152933.7458837945	0.07023010112937508	0.07088492263259485	0.009708675329652852	48.65402489089286	4033736.2062761635	-79422.576066983	158853.152133966
KY16_US-Vir17-VA2	dadi_objects_duos/probs.KY16.US-Vir17-VA2.delim	4428170	8675593.28035194	12260387.40335966	4349846.993987034	2.184335673458873	3.0869129879839066	417223.48687295505	1.0312708530933818	1.457396603106451	3.8780087289654546	4.236201705704721	4033736.2062761635	-281192.41726189054	562392.8345237811
KY16_US-Vir17-VA2	dadi_objects_duos/probs.KY16.US-Vir17-VA2.delim	4428170	12011589.697090471	16054548.894742198	1621230.612356593	54.71985468932693	73.1379113653694	128790.85555987895	4.625490235923153	6.182375607848867	4.682343999709479	23.66013196367972	4033736.2062761635	-1133980.8349334495	2267969.669866899
KY16_US-Vir17-VA2	dadi_objects_duos/probs.KY16.US-Vir17-VA2.delim	4428170	8324072.232695888	21069142.24806385	1883284.527799393	37.50852607080709	94.93820442799107	189826.98493569417	2.1748043770110472	5.504669048999551	3.690298853972154	34.49370110460888	4033736.2062761635	-945624.1318180702	1891256.2636361404
KY16_US-Vir17-VA2	dadi_objects_duos/probs.KY16.US-Vir17-VA2.delim	4428170	37719011.43571167	68303416.91049398	372479.995361444	92.13688949253823	166.84595211545243	490636.92712446646	3.812785542865019	6.904377145951568	0.2823880218994731	48.33048617956328	4033736.2062761635	-1930842.7325837144	3861693.465167429
KY16_US-Vir17-VA2	dadi_objects_duos/probs.KY16.US-Vir17-VA2.delim	4428170	11176700.751159651	14171270.914403558	1677858.9387525306	61.32078778811925	77.75044852479598	171353.83421787282	3.234909270288885	4.101637564915822	3.6422115644849944	37.91190581530168	4033736.2062761635	-1009022.0300760658	2018052.0601521316
KY16_US-Vir17-VA2	dadi_objects_duos/probs.KY16.US-Vir17-VA2.delim	4428170	6319242.2406522995	29451773.18676385	3043045.3382603135	1.8614444157229801	8.67553998467739	286997.9299657424	1.0920148582975837	5.089498502883255	3.9439664177495333	3.409192469459459	4033736.2062761635	-566125.0465294519	1132258.0930589037
KY16_US-Vir17-VA2	dadi_objects_duos/probs.KY16.US-Vir17-VA2.delim	4428170	26796736.19103555	5060302.254602335	11954412.761204114	21.898586532573738	4.1353344681005675	912314.7596496231	1.4567314875623119	0.27508953248298224	4.874017629338207	30.06537130493244	4033736.2062761635	-619544.9530181272	1239097.9060362545
KY16_US-Vir17-VA2	dadi_objects_duos/probs.KY16.US-Vir17-VA2.delim	4428170	7557634.842672947	24950802.30689703	1779401.6264260928	26.92070381639304	88.87610646293014	340941.8456976967	1.0993801840407462	3.6294976144175912	1.9413204300555773	48.97432973086093	4033736.2062761635	-904037.6229565	1808083.245913
KY16_US-Vir17-VA2	dadi_objects_duos/probs.KY16.US-Vir17-VA2.delim	4428170	7546910.287039979	24093685.29541626	2788415.9378602197	1.458945444058475	4.657717006745175	208358.55233643248	1.7963880778177472	5.73501040415233	4.977941342018941	1.6243098716517894	4033736.2062761635	-580384.8186167789	1160777.6372335579
KY16_US-Vir17-VA2	dadi_objects_duos/probs.KY16.US-Vir17-VA2.delim	4428170	7017679.503532978	18951401.683103923	2243954.7313037813	44.34215868517892	119.7469990351793	172097.34291342058	2.0223749303513876	5.461469085277152	4.8500194019707	43.85157076435325	4033736.2062761635	-833094.1409903007	1666196.2819806014
KY16_US-Vir17-VA2	dadi_objects_duos/probs.KY16.US-Vir17-VA2.delim	4428170	21808482.603184298	28248381.13118424	689874.2475406282	75.23648829057059	97.45331827412869	344185.7472486437	3.1424970232680645	4.070455300907853	0.7455565686443473	47.8832519066814	4033736.2062761635	-1735136.8159947472	3470281.6319894944
KY16_US-Vir17-VA2	dadi_objects_duos/probs.KY16.US-Vir17-VA2.delim	4428170	5588.19582889871	5830.554429037989	45.80984195651645	2.2759604942249894e-07	2.3746683090979296e-07	1071399.91546381	0.0002586796812140414	0.00026989855173022826	1.5904159970547556e-05	0.0017596747325057767	4033736.2062761635	-101228.53562641774	202465.07125283548
KY16_US-Vir17-VA2	dadi_objects_duos/probs.KY16.US-Vir17-VA2.delim	4428170	12257449.49067555	15925830.344144711	1631223.3798239434	54.04504857822077	70.21952448203534	121645.46131578529	4.997427595481619	6.4930460536126535	4.987938354140633	21.629147214492967	4033736.2062761635	-1146602.749488852	2293213.498977704
KY16_US-Vir17-VA2	dadi_objects_duos/probs.KY16.US-Vir17-VA2.delim	4428170	7491393.946382649	16197957.17681921	3936043.487832656	1.4992306266573179	3.2416495064309423	338203.9708468967	1.0985662217478533	2.375329443776509	4.328971588409733	2.7294315025852423	4033736.2062761635	-350028.6020264015	700065.204052803
KY16_US-Vir17-VA2	dadi_objects_duos/probs.KY16.US-Vir17-VA2.delim	4428170	24401189.740995303	7528449.63879317	1748185.7103009021	178.25904955106998	54.99790344032738	136692.02858077662	8.853400713774203	2.7315217869776665	4.757161845119678	40.26905712597712	4033736.2062761635	-975526.8651901151	1951061.7303802301
KY16_US-Vir17-VA2	dadi_objects_duos/probs.KY16.US-Vir17-VA2.delim	4428170	9556078.07502229	15718285.435335217	2921157.072172474	1.7525181427216363	2.882624041122432	247471.20377546689	1.9151258860165787	3.150088884234825	4.3907002452251	1.8301858436750986	4033736.2062761635	-420330.74991916725	840669.4998383345
KY16_US-Vir17-VA2	dadi_objects_duos/probs.KY16.US-Vir17-VA2.delim	4428170	5772057.624003958	20699167.56744222	5165153.005440134	1.7182600695316421	6.161849971104168	576137.4476952258	0.4968746748275133	1.7818415588059642	3.3347296911302196	6.916271472793917	4033736.2062761635	-384031.8881878651	768071.7763757302
KY16_US-Vir17-VA2	dadi_objects_duos/probs.KY16.US-Vir17-VA2.delim	4428170	6184343.93116769	15931075.141718347	12946931.340614244	1.5112534831923026	3.8930391108397324	984015.733795607	0.31169791665070246	0.8029441743453962	4.894049436401513	9.696911031239624	4033736.2062761635	-309469.0629170915	618946.125834183
KY16_US-Vir17-VA2	dadi_objects_duos/probs.KY16.US-Vir17-VA2.delim	4428170	17281230.115505606	10955524.966675952	2233881.795981043	2.4247636622807462	1.5371914304046128	199459.51347462524	4.296968855423952	2.7240855692551365	4.165901368099262	1.128592616732621	4033736.2062761635	-667804.3598692459	1335616.7197384918
KY16_US-Vir17-VA2	dadi_objects_duos/probs.KY16.US-Vir17-VA2.delim	4428170	11309134.272734975	8097606.033482267	5812348.423192468	1.9930857649890854	1.4270962680788972	565266.788681197	0.9922433535650274	0.7104695702377337	3.8247382585185457	4.017332558244175	4033736.2062761635	-283846.9160390567	567701.8320781135
KY16_US-Vir17-VA2	dadi_objects_duos/probs.KY16.US-Vir17-VA2.delim	4428170	16316075.1504402	10312284.234499736	1490761.6402834607	138.19666813322638	87.34473878739234	120738.6721632685	6.702110896943723	4.235949632688286	4.59267129613159	41.239743793629685	4033736.2062761635	-1159740.308311489	2319488.616622978
KY16_US-Vir17-VA2	dadi_objects_duos/probs.KY16.US-Vir17-VA2.delim	4428170	9721135.411759015	10508197.398921693	4793945.345645212	1.7989227303169846	1.9445707064950262	358709.08158341923	1.3440546530637973	1.4528746911856836	4.971120105775689	2.6768594955812355	4033736.2062761635	-269687.00943425705	539382.0188685141
KY16_US-Vir17-VA2	dadi_objects_duos/probs.KY16.US-Vir17-VA2.delim	4428170	13488666.755090697	11570727.239740066	2149996.9678628836	28.543777419360197	24.48516735626387	210795.20278220877	3.1735884743921203	2.722339225595845	3.7938545261259473	17.98832939411123	4033736.2062761635	-938462.3437328885	1876932.687465777
KY16_US-Vir17-VA2	dadi_objects_duos/probs.KY16.US-Vir17-VA2.delim	4428170	8377960.991639327	16888106.02610166	3314125.1686427626	2.1160753464082225	4.265537264380273	247174.35594057394	1.6810368385164907	3.388596388904195	4.987340794745154	2.5175835507277187	4033736.2062761635	-402484.76490656123	804977.5298131225
