Pair_name	fs_name	L	pop1_size	pop2_size	divergence_time	mig_pop1	mig_pop2	theta	nu1	nu2	Ts	m12	fs_sanitycheck	-2LL_model	AIC
KY19_US-Vir17-VA1	dadi_objects_duos/probs.KY19.US-Vir17-VA1.delim	323078	15855903.252151182	16761552.484480334	1457267.4948451472	39.046272476267625	41.27649715228216	8712.127139648386	6.5855521163088495	6.961702255708166	4.539434178982208	11.858162166713747	303459.1399531071	-280446.2284607639	560900.4569215277
KY19_US-Vir17-VA1	dadi_objects_duos/probs.KY19.US-Vir17-VA1.delim	323078	7014874.867308814	7057395.214441099	6375234.258998574	0.9917556493433447	0.997767131412256	628841.0464754045	0.04036495336449581	0.040609623705949144	0.27513251364397123	49.139442346819244	303459.1399531071	-27318.727290129107	54645.454580258214
KY19_US-Vir17-VA1	dadi_objects_duos/probs.KY19.US-Vir17-VA1.delim	323078	3540253.159671848	26148555.66793352	5695074.59009801	0.4299604364550448	3.175717639553169	34580.4429826873	0.3704496383115349	2.7361667521124073	4.469464727702549	2.321289546480612	303459.1399531071	-79325.48986049034	158658.9797209807
KY19_US-Vir17-VA1	dadi_objects_duos/probs.KY19.US-Vir17-VA1.delim	323078	281222.8311004476	625459.0750904557	7906.008593547586	0.29125145697507104	0.6477634343753167	86400.41402950564	0.011777691131279999	0.026194401687963543	0.0024832938245791985	49.458158433369924	303459.1399531071	-7784.333063469438	15576.666126938875
KY19_US-Vir17-VA1	dadi_objects_duos/probs.KY19.US-Vir17-VA1.delim	323078	4937154.015220756	21343779.528607838	3728209.908875796	0.5341647916943273	2.3092444575802187	20952.690925561812	0.8526332740113801	3.6860135541954047	4.82888874653304	1.2529766500461437	303459.1399531071	-64915.545843195345	129839.09168639069
KY19_US-Vir17-VA1	dadi_objects_duos/probs.KY19.US-Vir17-VA1.delim	323078	18026241.707692012	8095406.1449600635	1953980.6199918457	126.09645112848692	56.628664026379994	12770.040620863801	5.107852172367663	2.29388568811258	4.152547637522226	49.37357107186481	303459.1399531071	-216004.26070133218	432016.52140266437
KY19_US-Vir17-VA1	dadi_objects_duos/probs.KY19.US-Vir17-VA1.delim	323078	20051841.071116216	7947826.624300493	2134345.206483679	65.48896508830171	25.957463879785067	20997.480240260626	3.455512600417104	1.369640570598841	2.758570781502368	37.90405225574738	303459.1399531071	-206716.19214099523	413440.38428199047
KY19_US-Vir17-VA1	dadi_objects_duos/probs.KY19.US-Vir17-VA1.delim	323078	8133159.688785462	23559683.549686182	1914552.614740301	16.745762968153276	48.50819256281685	22633.74701729261	1.3002541557069458	3.7665037469828153	2.295606779304347	25.757676519862585	303459.1399531071	-208182.7445819994	416373.4891639988
KY19_US-Vir17-VA1	dadi_objects_duos/probs.KY19.US-Vir17-VA1.delim	323078	7274127.567747769	11272441.778998502	15439068.926796027	0.8866646819959969	1.3740308940428345	83890.5917127014	0.31375673993419173	0.4862170137568296	4.994528532909405	5.65192436778868	303459.1399531071	-33357.05938511816	66722.11877023632
KY19_US-Vir17-VA1	dadi_objects_duos/probs.KY19.US-Vir17-VA1.delim	323078	4664655.098274069	17937326.563266806	8038819.477260473	0.5160585559752179	1.984436287201681	44291.571713588084	0.381086754729724	1.465419720110032	4.925585185933274	2.708352098677474	303459.1399531071	-50507.46104246319	101022.92208492638
KY19_US-Vir17-VA1	dadi_objects_duos/probs.KY19.US-Vir17-VA1.delim	323078	20445936.181191877	4862365.210381177	9998210.794211542	3.099962317983727	0.737219797366011	55084.76493880624	1.343076990182595	0.31940483302176775	4.925807530997951	4.616209406673372	303459.1399531071	-86705.81525046067	173419.63050092134
KY19_US-Vir17-VA1	dadi_objects_duos/probs.KY19.US-Vir17-VA1.delim	323078	723656.0008918224	1673804.9565053168	34878.66544297711	0.6765356899558752	1.564816417891028	93711.62149637715	0.027942426914572882	0.06463039428783957	0.01010073684962979	48.42354545825365	303459.1399531071	-4739.806247025443	9487.612494050885
KY19_US-Vir17-VA1	dadi_objects_duos/probs.KY19.US-Vir17-VA1.delim	323078	28401592.59357684	24454399.487833597	742530.1162910877	203.64562330166905	175.34338645834063	10745.76421557548	9.563806811325009	8.234649223209344	1.8752683160276276	42.58672876171474	303459.1399531071	-368583.57601048955	737175.1520209791
KY19_US-Vir17-VA1	dadi_objects_duos/probs.KY19.US-Vir17-VA1.delim	323078	7371687.394340565	11471527.944767492	7517663.204568532	0.9128326781063921	1.4205140581291784	42056.90801812265	0.6342419707216702	0.9869822337371233	4.851010053017506	2.8784997532337013	303459.1399531071	-34352.89096518995	68713.7819303799
KY19_US-Vir17-VA1	dadi_objects_duos/probs.KY19.US-Vir17-VA1.delim	323078	697288.3240949549	2160187.4709700486	52760.0625064101	0.6109477059636367	1.8927056918004834	99445.0753844324	0.02537198933755164	0.07860199516706817	0.014398215524768207	48.15922770859814	303459.1399531071	-7187.512899074936	14383.025798149873
KY19_US-Vir17-VA1	dadi_objects_duos/probs.KY19.US-Vir17-VA1.delim	323078	4254343.648673709	20663741.59574576	7274908.448531028	0.5243371578709973	2.5467541961899993	41714.70158238773	0.36903608545897043	1.7924424868233237	4.732875074372622	2.8416579219827725	303459.1399531071	-57099.38974061166	114206.77948122332
KY19_US-Vir17-VA1	dadi_objects_duos/probs.KY19.US-Vir17-VA1.delim	323078	43666072.80466315	4093445.2572191865	6862721.279921478	13.243606617158568	1.24151257975494	44915.36793755276	3.517827837434844	0.329776294316156	4.146560911253837	7.529422830888528	303459.1399531071	-115227.42988950427	230462.85977900855
KY19_US-Vir17-VA1	dadi_objects_duos/probs.KY19.US-Vir17-VA1.delim	323078	6981226.023298904	12400429.276752148	6736908.84181302	0.961140940931143	1.7072302519974367	40573.605804775456	0.6226062870154577	1.1059067853740898	4.506129986597999	3.0874758606710966	303459.1399531071	-35497.888171101105	71003.77634220221
KY19_US-Vir17-VA1	dadi_objects_duos/probs.KY19.US-Vir17-VA1.delim	323078	19294093.406753022	5449935.434760707	5114094.536805372	2.8769625580531266	0.8126456039715103	34140.40432473678	2.044942612987292	0.5776278249316892	4.065245164070648	2.8137342728169803	303459.1399531071	-81259.55874887606	162527.11749775213
KY19_US-Vir17-VA1	dadi_objects_duos/probs.KY19.US-Vir17-VA1.delim	323078	12313558.397042116	12051677.139304604	2320083.0432689725	23.817612906373828	23.31106668934166	15035.004252050065	2.9635033841563323	2.9004764370685874	4.18780667503326	16.07395694819115	303459.1399531071	-202534.07886183355	405076.1577236671
KY19_US-Vir17-VA1	dadi_objects_duos/probs.KY19.US-Vir17-VA1.delim	323078	8237243.400419202	10045848.685416648	10533595.522981629	1.065533515835522	1.2994867274140411	58359.46629397859	0.5107354414628438	0.6228747547940723	4.898374397635187	4.172545820527475	303459.1399531071	-34944.695575097816	69897.39115019563
KY19_US-Vir17-VA1	dadi_objects_duos/probs.KY19.US-Vir17-VA1.delim	323078	30958977.360236406	4739983.157917837	3730599.3267288143	5.645738323466728	0.864392394356505	25049.484684105704	4.472117637297916	0.6847048607053072	4.041722216412792	2.5248612766268477	303459.1399531071	-109475.55792520095	218959.1158504019
KY19_US-Vir17-VA1	dadi_objects_duos/probs.KY19.US-Vir17-VA1.delim	323078	6466302.852616801	13354617.058592673	6231929.013131471	0.7026046035550908	1.4510634032993697	34632.37983216495	0.6756147361281672	1.3953222244272907	4.883450745993064	2.0798972135557547	303459.1399531071	-37592.22281808681	75192.44563617362
KY19_US-Vir17-VA1	dadi_objects_duos/probs.KY19.US-Vir17-VA1.delim	323078	3850282.8001456726	46551980.63750126	5094699.161190512	1.2225192828376383	14.780912711522513	29363.657517198866	0.4744690492558995	5.736584853771936	4.708635193562121	5.153209823717232	303459.1399531071	-97859.84489341947	195727.68978683895
KY19_US-Vir17-VA1	dadi_objects_duos/probs.KY19.US-Vir17-VA1.delim	323078	16509965.501945274	16569575.499727553	1523916.94889969	23.15912811747995	23.242745225920295	9084.706724674455	6.575982705467082	6.599725596658648	4.552364599863592	7.0435489735172565	303459.1399531071	-271386.0708608031	542780.1417216063
KY19_US-Vir17-VA1	dadi_objects_duos/probs.KY19.US-Vir17-VA1.delim	323078	513481.0153712176	1203190.837728436	21642.03693481347	0.5036348972908812	1.1801193731429567	91769.78485526075	0.020246505983994724	0.04744169651208081	0.006400075104251605	49.75030236713583	303459.1399531071	-5552.818811578007	11113.637623156013
KY19_US-Vir17-VA1	dadi_objects_duos/probs.KY19.US-Vir17-VA1.delim	323078	7076662.508040238	11457321.321722489	21598070.75606247	0.7614044626496138	1.2327358517462976	130735.64601728001	0.19586637035524967	0.317113319835435	4.483401083500904	7.774733980811795	303459.1399531071	-34273.94487636476	68555.88975272952
KY19_US-Vir17-VA1	dadi_objects_duos/probs.KY19.US-Vir17-VA1.delim	323078	736571.0239548214	1776694.1990519618	38533.761872592266	0.6953348138543971	1.6772277078466202	94776.92089533086	0.028121432723573443	0.06783213670385642	0.011033809055712409	49.4523035642858	303459.1399531071	-4809.1290160624085	9626.258032124817
KY19_US-Vir17-VA1	dadi_objects_duos/probs.KY19.US-Vir17-VA1.delim	323078	39540682.094550125	3979771.346380065	8975837.385252995	9.810387153063974	0.9874158871437476	49052.26035190274	2.9168261209306814	0.2935786740020048	4.965952959071388	6.726754867330755	303459.1399531071	-113691.3093145138	227390.6186290276
KY19_US-Vir17-VA1	dadi_objects_duos/probs.KY19.US-Vir17-VA1.delim	323078	15024527.105562763	9317575.927659411	1934434.8287145228	102.20521871462647	63.3833516945756	10581.671145068685	5.137738069784854	3.186207740536643	4.961197229159547	39.78607602271416	303459.1399531071	-219554.79429598173	439117.58859196346
KY19_US-Vir17-VA1	dadi_objects_duos/probs.KY19.US-Vir17-VA1.delim	323078	20852135.665792443	8864454.039693965	1713936.2781590805	132.13595595208048	56.17233300710592	10476.94250589193	7.201805523687454	3.0615604603163056	4.4396298307126685	36.695230249545666	303459.1399531071	-232039.31289548267	464086.62579096534
KY19_US-Vir17-VA1	dadi_objects_duos/probs.KY19.US-Vir17-VA1.delim	323078	11061894.665458774	13594734.046301484	2044250.7530887718	44.20336592338733	54.3246000665903	11424.667706462067	3.5035744444718575	4.305787048645521	4.8559839126401005	25.233296237295008	303459.1399531071	-220596.96954249992	441201.93908499985
KY19_US-Vir17-VA1	dadi_objects_duos/probs.KY19.US-Vir17-VA1.delim	323078	48932610.06115287	3949664.1431265394	7408921.935311271	15.127593181851296	1.2210448673694942	59293.145403396775	2.9862028145201513	0.24103554185795076	3.391073315204774	10.131658243904058	303459.1399531071	-118128.60737354617	236265.21474709234
KY19_US-Vir17-VA1	dadi_objects_duos/probs.KY19.US-Vir17-VA1.delim	323078	17208646.80977982	12905490.598920459	1534692.1976434335	68.4506700256418	51.33404667261164	8902.680267376705	6.994414300274641	5.245406509583896	4.678290208836966	19.57295266966214	303459.1399531071	-260860.0607640823	521728.1215281646
KY19_US-Vir17-VA1	dadi_objects_duos/probs.KY19.US-Vir17-VA1.delim	323078	107381740.94739993	3031508.0787855173	52578397.586496755	24.866285257801948	0.7020033758377715	299796.79210695706	1.2960712221416353	0.03658955746050345	4.759562287523318	38.37178826748851	303459.1399531071	-153916.56699302446	307841.1339860489
KY19_US-Vir17-VA1	dadi_objects_duos/probs.KY19.US-Vir17-VA1.delim	323078	12687972.122240834	7080328.845139402	6420116.123995415	1.5209352557352642	0.8487346645328214	37906.88393744336	1.2111544762589872	0.6758662370596151	4.596332604204207	2.511546273491269	303459.1399531071	-54488.10436263855	108984.2087252771
KY19_US-Vir17-VA1	dadi_objects_duos/probs.KY19.US-Vir17-VA1.delim	323078	18195786.22981335	17888335.93481627	1093409.1410892862	118.66723497321918	116.66214017059806	7300.554866841591	9.018625748964151	8.866239965136678	4.0645594602438075	26.31603489852074	303459.1399531071	-315910.5611793104	631829.1223586207
KY19_US-Vir17-VA1	dadi_objects_duos/probs.KY19.US-Vir17-VA1.delim	323078	19705989.35102263	48317683.85700318	604875.9589987511	74.07162793948443	181.61836169711742	21366.550655902764	3.3372537934127187	8.182708864213025	0.7682782827432966	44.39076709460434	303459.1399531071	-341651.58878343814	683311.1775668763
KY19_US-Vir17-VA1	dadi_objects_duos/probs.KY19.US-Vir17-VA1.delim	323078	16142179.357159713	13659250.887138452	1739409.260232761	30.10284741874302	25.472542226925697	9719.606691636454	6.009507555548331	5.085148020795629	4.856682764589136	10.018407378804374	303459.1399531071	-246372.35584987508	492752.71169975016
KY19_US-Vir17-VA1	dadi_objects_duos/probs.KY19.US-Vir17-VA1.delim	323078	14888955.065608475	9399666.514658887	2879879.206629539	1.4136317537112972	0.892451283576734	16898.729488664736	3.188126709326212	2.0127220306657922	4.624948150538305	0.8868102698528304	303459.1399531071	-72784.77265095076	145577.54530190153
KY19_US-Vir17-VA1	dadi_objects_duos/probs.KY19.US-Vir17-VA1.delim	323078	65731944.33426757	3708497.5359404893	7170164.250938734	19.858731523704265	1.120399794475083	42259.86064179199	5.628255787833829	0.31753773499657917	4.604555308230598	7.056797797509975	303459.1399531071	-126544.3050040345	253096.610008069
KY19_US-Vir17-VA1	dadi_objects_duos/probs.KY19.US-Vir17-VA1.delim	323078	8674669.76261803	15364630.285004288	2543848.1955303843	25.599340050392765	45.34171399922917	16387.305020426476	1.9154500075287373	3.3926572423439034	4.212794782097318	26.729322038971254	303459.1399531071	-199983.47336826212	399974.94673652423
KY19_US-Vir17-VA1	dadi_objects_duos/probs.KY19.US-Vir17-VA1.delim	323078	3964888.447449084	33148521.348685563	3741886.554190592	0.6882066853131982	5.7537644003805575	20569.36087158763	0.697486142792931	5.831345471941106	4.936924311139051	1.9733917079912864	303459.1399531071	-85545.34783484862	171098.69566969725
KY19_US-Vir17-VA1	dadi_objects_duos/probs.KY19.US-Vir17-VA1.delim	323078	11961480.632274851	8556665.212103283	3305927.0770830284	37.631876860290156	26.920026165302602	20498.346717593464	2.111502087514659	1.5104665561862014	4.376844173814196	35.64465039632967	303459.1399531071	-187449.3580958338	374906.7161916676
KY19_US-Vir17-VA1	dadi_objects_duos/probs.KY19.US-Vir17-VA1.delim	323078	7162449.626768204	25338251.45851733	2383208.792993695	18.444665135745282	65.25079932583608	18408.13127958845	1.4079177561346696	4.980722517688187	3.513492572349852	26.201338899771674	303459.1399531071	-201867.11263474607	403742.22526949213
KY19_US-Vir17-VA1	dadi_objects_duos/probs.KY19.US-Vir17-VA1.delim	323078	687627.5790227421	1621547.907663685	33692.9757494434	0.6421574271176482	1.5143212170361173	93926.82870111198	0.026490431708744034	0.06246914088505596	0.009735009063297132	48.48221683799008	303459.1399531071	-4735.660758648903	9479.321517297805
KY19_US-Vir17-VA1	dadi_objects_duos/probs.KY19.US-Vir17-VA1.delim	323078	21539734.100853983	7913232.247254701	1817792.9762237335	157.76576112061693	57.95972701273277	11500.371946603093	6.777255514590689	2.489817034640996	4.289623585473744	46.55741864268346	303459.1399531071	-222346.77397201484	444701.5479440297
KY19_US-Vir17-VA1	dadi_objects_duos/probs.KY19.US-Vir17-VA1.delim	323078	10976229.681466622	7344997.794285502	15949842.473682962	0.8767896111524055	0.5867240342866403	89975.6477520362	0.4414216326553154	0.29538748844493706	4.810808463574274	3.972572009569126	303459.1399531071	-57790.30080738725	115588.6016147745
KY19_US-Vir17-VA1	dadi_objects_duos/probs.KY19.US-Vir17-VA1.delim	323078	13505258.266752938	9322193.074418575	2280365.1636175816	50.234420117195455	34.67500984166995	20661.609938824746	2.3651797049754464	1.632598313188617	2.995207327055662	42.478311488569915	303459.1399531071	-203214.4699984687	406436.9399969374
KY19_US-Vir17-VA1	dadi_objects_duos/probs.KY19.US-Vir17-VA1.delim	323078	4159950.2759546335	16838576.310324136	181801806.03459635	0.2721068125792874	1.101429349927491	1223552.3187516641	0.012302432858949688	0.04979757947960688	4.032387863157094	44.23626053465304	303459.1399531071	-82639.882135793	165287.764271586
KY19_US-Vir17-VA1	dadi_objects_duos/probs.KY19.US-Vir17-VA1.delim	323078	16175.529158992478	38229.20072586972	343.1831742522735	0.014805236865640368	0.034990655722441026	82868.41520364264	0.00070630921424055	0.0016692892368669286	0.0001123889473620137	41.922819544580086	303459.1399531071	-10513.759999375747	21035.519998751493
KY19_US-Vir17-VA1	dadi_objects_duos/probs.KY19.US-Vir17-VA1.delim	323078	801244.6787989278	1160878.4456042086	20473.22031867751	0.16136704715065564	0.23379565796156004	87497.41006678098	0.03313564041680284	0.04800836967656321	0.00635005683049529	9.739787438593012	303459.1399531071	-16229.260369284793	32466.520738569587
KY19_US-Vir17-VA1	dadi_objects_duos/probs.KY19.US-Vir17-VA1.delim	323078	674235.4295013273	1561154.1866179646	32941.937496878985	0.6321551708210192	1.463719716196679	94170.75564870011	0.025907226559128606	0.059986724869023116	0.009493355265991417	48.80145463492499	303459.1399531071	-4729.295707894052	9466.591415788103
KY19_US-Vir17-VA1	dadi_objects_duos/probs.KY19.US-Vir17-VA1.delim	323078	5776068.069723683	29353024.07890685	3591955.4938299507	4.244529802856788	21.569999522677577	20132.83872128033	1.038132282856183	5.27561682582903	4.841863953041556	8.177242675045106	303459.1399531071	-141160.7886293526	282329.5772587052
KY19_US-Vir17-VA1	dadi_objects_duos/probs.KY19.US-Vir17-VA1.delim	323078	5449038.244184991	35552316.24254862	3721683.643859028	13.937140529362457	90.93304275217962	20592.73119661561	0.9574835335690801	6.247112950401454	4.904696666120817	29.11202133661952	303459.1399531071	-183465.11392525316	366938.2278505063
KY19_US-Vir17-VA1	dadi_objects_duos/probs.KY19.US-Vir17-VA1.delim	323078	7599364.289351183	24241233.93552709	2414142.143704464	14.395870866819017	45.921429753960844	15828.802221088374	1.7372191953453615	5.541560492193552	4.139057264813957	16.57346511642372	303459.1399531071	-199562.61557523516	399133.2311504703
KY19_US-Vir17-VA1	dadi_objects_duos/probs.KY19.US-Vir17-VA1.delim	323078	17762213.543893244	9248652.830880268	1736950.1536136945	125.74018572943238	65.4719819592388	9805.028453778863	6.555014204101533	3.4131472704913666	4.807564805196524	38.364580705486674	303459.1399531071	-229517.01721434033	459042.03442868066
KY19_US-Vir17-VA1	dadi_objects_duos/probs.KY19.US-Vir17-VA1.delim	323078	709697.6137258507	1635739.6156775255	36252.156996210775	0.6658976628335564	1.5347877265157117	95016.36915887047	0.027027154394377792	0.06229327291918207	0.010354331651184044	49.2761948310827	303459.1399531071	-4675.847200034439	9359.694400068878
KY19_US-Vir17-VA1	dadi_objects_duos/probs.KY19.US-Vir17-VA1.delim	323078	7300953.418155659	11382283.491400434	8467726.9696357	0.858112586910586	1.3378089370446442	46947.34511954899	0.5627220693982409	0.8772911911518962	4.894884611941113	3.0498629201738168	303459.1399531071	-33995.8945089809	67999.7890179618
KY19_US-Vir17-VA1	dadi_objects_duos/probs.KY19.US-Vir17-VA1.delim	323078	14645534.308455061	12896126.812444158	1572721.9143202973	81.77879149902033	72.0103236609773	8800.586633965084	6.021698490929162	5.302407254646484	4.849835027420356	27.161370374889582	303459.1399531071	-248867.88872833556	497743.7774566711
KY19_US-Vir17-VA1	dadi_objects_duos/probs.KY19.US-Vir17-VA1.delim	323078	2117.902442919336	5215.019410689242	44.67736635789236	0.0007141732744719076	0.0017585453482138248	82551.04249867261	9.283437065258565e-05	0.00022859081472375117	1.4687627591405163e-05	15.385966845072076	303459.1399531071	-10644.832302901077	21297.664605802154
KY19_US-Vir17-VA1	dadi_objects_duos/probs.KY19.US-Vir17-VA1.delim	323078	13989311.096956408	12525867.614614094	1390564.3002683306	141.13419778375467	126.36993094811449	7846.953992756536	6.450904762950146	5.776065632908616	4.809241868897956	43.756404092132584	303459.1399531071	-252753.4165189346	505514.8330378692
KY19_US-Vir17-VA1	dadi_objects_duos/probs.KY19.US-Vir17-VA1.delim	323078	4868812.917349776	10939219.726177592	5500861.553852094	0.7412847687072476	1.6655141822477957	385667.1909069777	0.04568102089093314	0.1026358443680014	0.38708350977087075	32.45482496886926	303459.1399531071	-22931.30676491589	45870.61352983178
KY19_US-Vir17-VA1	dadi_objects_duos/probs.KY19.US-Vir17-VA1.delim	323078	5605003.534190502	13782564.790688789	17417242.089099128	0.4557517946498756	1.1206823688723673	95121.51483341113	0.21321734995384234	0.5242961797101193	4.969209198628564	4.274997271549783	303459.1399531071	-47689.25503368428	95386.51006736857
KY19_US-Vir17-VA1	dadi_objects_duos/probs.KY19.US-Vir17-VA1.delim	323078	10188768.117732339	21540002.9101563	1798714.6777841295	25.62973305453949	54.18363812014792	10317.536040314415	3.573313270385499	7.554316415254174	4.731217723373691	14.34508038629061	303459.1399531071	-240245.98842900718	480499.97685801436
KY19_US-Vir17-VA1	dadi_objects_duos/probs.KY19.US-Vir17-VA1.delim	323078	17519507.753782872	9786786.563408235	2038177.4738031698	57.003212350083054	31.843261839274003	11281.440782243455	5.6193067459821355	3.1390696890654657	4.903024680982026	20.288343358668207	303459.1399531071	-222469.919013447	444947.838026894
KY19_US-Vir17-VA1	dadi_objects_duos/probs.KY19.US-Vir17-VA1.delim	323078	11414992.154596457	14031766.926336456	1672377.4204934156	78.73638491030246	96.7859273769896	9240.8992490127	4.469786613031997	5.4944412676857475	4.911415880358235	35.23048938432123	303459.1399531071	-235040.20850602462	470088.41701204923
KY19_US-Vir17-VA1	dadi_objects_duos/probs.KY19.US-Vir17-VA1.delim	323078	14317340.958193807	7763339.317948757	2658522.637893628	82.09833030074805	44.51645018602298	14582.181872601002	3.552755049418559	1.92642216475311	4.94771302913134	46.21671303468231	303459.1399531071	-199928.99544246536	399865.9908849307
KY19_US-Vir17-VA1	dadi_objects_duos/probs.KY19.US-Vir17-VA1.delim	323078	6869573.3575963825	25983182.56808196	2191078.1322789514	34.50120461486236	130.4958913256853	16008.06132069698	1.5528032620407028	5.873257122336613	3.714546294178738	44.43731599265278	303459.1399531071	-209531.0920206705	419070.184041341
KY19_US-Vir17-VA1	dadi_objects_duos/probs.KY19.US-Vir17-VA1.delim	323078	721563.6534892867	1658613.2125783225	36263.33345513173	0.6631093927833266	1.5242480617429601	94648.93024840095	0.027585721508084794	0.06340957163039085	0.01039773306339448	48.07627689484092	303459.1399531071	-4702.85983389453	9413.71966778906
KY19_US-Vir17-VA1	dadi_objects_duos/probs.KY19.US-Vir17-VA1.delim	323078	1452.1172488025331	3496.791469686582	30.554051232453645	4.263310480348882e-09	1.0266325072994593e-08	82674.07151569062	6.355617707662265e-05	0.00015304735070855544	1.0029658047814937e-05	0.0001341588080481644	303459.1399531071	-10646.219207185148	21300.438414370296
KY19_US-Vir17-VA1	dadi_objects_duos/probs.KY19.US-Vir17-VA1.delim	323078	626180.9029161881	1398104.8449541293	28100.678001848726	0.5855051248587946	1.3072860382650784	93132.83440807891	0.02432889625261785	0.05432032111609137	0.008188429761691979	48.13248564827867	303459.1399531071	-4957.616073664633	9923.232147329267
KY19_US-Vir17-VA1	dadi_objects_duos/probs.KY19.US-Vir17-VA1.delim	323078	21868113.21189431	9194139.568199992	2218120.160696416	23.823187347378795	10.016122895872055	12535.918121136394	6.312197445325818	2.6538743298070635	4.801927208824402	7.548302331708544	303459.1399531071	-198770.67581850215	397549.3516370043
KY19_US-Vir17-VA1	dadi_objects_duos/probs.KY19.US-Vir17-VA1.delim	323078	11379910.23971276	13514755.540056832	1723853.000708257	72.04732402026771	85.5632382803188	11341.04962074933	3.63087246328877	4.312015886314256	4.125091902899409	39.68595688707211	303459.1399531071	-229910.8771426975	459829.754285395
KY19_US-Vir17-VA1	dadi_objects_duos/probs.KY19.US-Vir17-VA1.delim	323078	15337870.664271774	13255421.91344236	1252073.641691976	165.87883679748737	143.35718538712425	7035.846298526041	7.888131395154078	6.817146397967912	4.829477861253494	42.05782801726448	303459.1399531071	-272872.0947225758	545752.1894451516
KY19_US-Vir17-VA1	dadi_objects_duos/probs.KY19.US-Vir17-VA1.delim	323078	786591.3874403444	1949227.332601595	41826.434850080055	0.7109719387359347	1.761837159451398	94494.29380038167	0.030120974028896987	0.07464183666282717	0.012012458898269306	47.207765462953056	303459.1399531071	-5042.635455709964	10093.270911419928
KY19_US-Vir17-VA1	dadi_objects_duos/probs.KY19.US-Vir17-VA1.delim	323078	27110366.99644697	4934158.347591371	4351252.894726308	5.493676944738683	0.9998637037781589	27395.741972621458	3.580780814806593	0.6517115592934811	4.310403316046637	3.0684240275317767	303459.1399531071	-99513.84485013963	199035.68970027927
KY19_US-Vir17-VA1	dadi_objects_duos/probs.KY19.US-Vir17-VA1.delim	323078	7081528.457807053	12068730.222132422	16205939.365631279	1.5498296761486012	2.6413049616529496	255643.57032063341	0.1002345716736978	0.17082526910235218	1.7203863396256467	30.9240544508714	303459.1399531071	-45481.83403472476	90971.66806944952
KY19_US-Vir17-VA1	dadi_objects_duos/probs.KY19.US-Vir17-VA1.delim	323078	853362.219328747	1918454.8911856622	47608.91698467939	0.7834699714501533	1.7613292043886537	96674.08776640013	0.03194101680421229	0.07180702230488382	0.013364874026767	49.057296845154376	303459.1399531071	-5188.5574099262385	10385.114819852477
KY19_US-Vir17-VA1	dadi_objects_duos/probs.KY19.US-Vir17-VA1.delim	323078	426144.27245912136	623225.4968283594	10867.802698130268	0.4299881105316824	0.6288470152842467	88476.11855049308	0.01742833913769089	0.025488516495367146	0.003333514384831524	49.34355558892942	303459.1399531071	-9453.00217285182	18914.00434570364
KY19_US-Vir17-VA1	dadi_objects_duos/probs.KY19.US-Vir17-VA1.delim	323078	649946.9616766932	1681805.920566328	31981.63195086601	0.6042694088294291	1.5636104625595202	92930.03364426212	0.025307382661994084	0.06548550651760905	0.009339662370823553	47.754397750258384	303459.1399531071	-5055.354662976786	10118.709325953572
KY19_US-Vir17-VA1	dadi_objects_duos/probs.KY19.US-Vir17-VA1.delim	323078	34211388.01243924	45156885.4094357	569485.30129967	105.88067979396641	139.75585330799316	16447.39833304493	7.526600975769636	9.934640993279693	0.9396626370235949	28.13505861007585	303459.1399531071	-404462.9535737458	808933.9071474916
KY19_US-Vir17-VA1	dadi_objects_duos/probs.KY19.US-Vir17-VA1.delim	323078	15694893.611017715	11819782.868873267	1348119.781122572	162.1504057225845	122.11504169707943	7564.939898433934	7.507205470070297	5.653656584582275	4.8362600951392345	43.19860602431763	303459.1399531071	-258107.11298330795	516222.2259666159
KY19_US-Vir17-VA1	dadi_objects_duos/probs.KY19.US-Vir17-VA1.delim	323078	8237530.87174472	18262357.225955788	1870965.0604551744	61.43708137643837	136.20415443481002	11494.36217590157	2.593209395392598	5.749066932520513	4.41740735741166	47.38304703476298	303459.1399531071	-219687.0300061951	439382.0600123902
KY19_US-Vir17-VA1	dadi_objects_duos/probs.KY19.US-Vir17-VA1.delim	323078	15704339.58338514	34229863.25454778	839984.7952252725	85.51653798612756	186.39557465787507	13863.713722118293	4.098882833771577	8.934103733012323	1.6442902934632169	41.72675407139644	303459.1399531071	-331503.04094009695	663014.0818801939
KY19_US-Vir17-VA1	dadi_objects_duos/probs.KY19.US-Vir17-VA1.delim	323078	763659.8434161487	1662927.051957548	37380.97479668175	0.719823618543955	1.567470357692244	94695.72364572967	0.029180652265980957	0.06354307675756977	0.010712896407048166	49.3356770769056	303459.1399531071	-4761.772965926205	9531.54593185241
KY19_US-Vir17-VA1	dadi_objects_duos/probs.KY19.US-Vir17-VA1.delim	323078	12097114.06434089	14947511.50279341	2051632.8925575851	18.546878356657547	22.917009470403276	12308.277162797247	3.5563943920855037	4.3943742120170235	4.523650419894632	10.43015836372494	303459.1399531071	-215031.64293812885	430071.2858762577
KY19_US-Vir17-VA1	dadi_objects_duos/probs.KY19.US-Vir17-VA1.delim	323078	4011418.9010588	27481904.13496455	4190385.815110809	0.637875865533704	4.3700355956287185	33096.5484165387	0.4385718175001255	3.004619797163125	3.4360379888003547	2.908877588941389	303459.1399531071	-71889.50436585094	143787.00873170188
KY19_US-Vir17-VA1	dadi_objects_duos/probs.KY19.US-Vir17-VA1.delim	323078	76329150.13905026	68035479.63134415	317270.28306205926	209.17831001712824	186.44969352552	32019.79058867231	8.625759557162738	7.688513334514113	0.26890418351042233	48.50084415891904	303459.1399531071	-343119.7059941244	686247.4119882488
KY19_US-Vir17-VA1	dadi_objects_duos/probs.KY19.US-Vir17-VA1.delim	323078	5120446.572736998	52852833.79550556	3632910.8974853284	6.42433874457856	66.31150293044519	22797.08279935481	0.8127443720204272	8.389081421401743	4.324761077586897	15.809002106303343	303459.1399531071	-166914.472298483	333836.944596966
KY19_US-Vir17-VA1	dadi_objects_duos/probs.KY19.US-Vir17-VA1.delim	323078	736104.009053658	1706220.936753399	36048.39769971189	0.6796341950131776	1.575329136375478	93946.75693388806	0.028351941147784634	0.06571717446036092	0.010413358571426744	47.942692281320774	303459.1399531071	-4748.193319037237	9504.386638074475
KY19_US-Vir17-VA1	dadi_objects_duos/probs.KY19.US-Vir17-VA1.delim	323078	746664.2942434163	1610217.6505294119	37246.925996473554	0.7016298497268045	1.5130986935878399	95298.08798666995	0.02835088398793848	0.061140052038711444	0.010607008060806654	49.49615327869875	303459.1399531071	-4688.37928147117	9384.75856294234
KY19_US-Vir17-VA1	dadi_objects_duos/probs.KY19.US-Vir17-VA1.delim	323078	14487356.848294355	7158130.230450724	3487655.9598875483	57.4303126871901	28.376028953743393	19139.045075969567	2.739014307205537	1.3533332076619145	4.945384031299528	41.93502205235506	303459.1399531071	-189134.6307804754	378277.2615609508
KY19_US-Vir17-VA1	dadi_objects_duos/probs.KY19.US-Vir17-VA1.delim	323078	12517786.685166296	7036469.900601094	10342635.504098084	2.2482920543920444	1.263804837578605	56389.291415916865	0.8032603267988639	0.4515268756388875	4.977614195229579	5.597916340153112	303459.1399531071	-54875.634243443565	109759.26848688713
KY19_US-Vir17-VA1	dadi_objects_duos/probs.KY19.US-Vir17-VA1.delim	323078	11207313.539757432	8227116.491295795	3863813.327803173	38.58117115399883	28.321844332146647	21269.764181895458	1.9066204883011026	1.3996207749786882	4.929922719181756	40.47074012970106	303459.1399531071	-184423.00187140834	368854.0037428167
KY19_US-Vir17-VA1	dadi_objects_duos/probs.KY19.US-Vir17-VA1.delim	323078	5717541.153096846	14270531.976482643	6952485.214003985	0.5053870395414157	1.2614062085708453	38291.17292046309	0.5403013316507278	1.3485495292118037	4.927516126690062	1.8707599257523873	303459.1399531071	-45264.44931916013	90536.89863832026
KY19_US-Vir17-VA1	dadi_objects_duos/probs.KY19.US-Vir17-VA1.delim	323078	16903.242310117086	38790.924312867224	353.39195423024154	0.0012559185516522234	0.0028821832277176745	82893.09811840876	0.0007378652438130855	0.0016933126970981966	0.00011569775607894557	3.4041949046467628	303459.1399531071	-10700.361639186562	21408.723278373123
KY19_US-Vir17-VA1	dadi_objects_duos/probs.KY19.US-Vir17-VA1.delim	323078	6887350.913458954	11412382.528383203	11218025.465678252	0.5560867687484349	0.9214391721391896	62150.49188201451	0.4009895448872401	0.6644421249384542	4.898447992874002	2.773572407753468	303459.1399531071	-42124.36844053311	84256.73688106622
KY19_US-Vir17-VA1	dadi_objects_duos/probs.KY19.US-Vir17-VA1.delim	323078	17803938.227018394	5505523.323255389	6315406.818718528	2.657603617551625	0.8218124840600892	41991.76032208758	1.5341838483634715	0.47441666285433554	4.081538532006877	3.464517789555034	303459.1399531071	-75860.28105177019	151728.56210354037
KY19_US-Vir17-VA1	dadi_objects_duos/probs.KY19.US-Vir17-VA1.delim	323078	6455206.305383472	19687158.622194674	3750293.2091957116	12.047210172234053	36.74171302904619	24735.51858247154	0.9443098401476785	2.879966453741753	4.114630620934373	25.515375695650945	303459.1399531071	-172995.77408021878	345999.54816043755
