Pair_name	fs_name	L	pop1_size	pop2_size	divergence_time	mig_pop1	mig_pop2	theta	nu1	nu2	Ts	m12	fs_sanitycheck	-2LL_model	AIC
KY1_US-Vir17-VA1	dadi_objects_duos/probs.KY1.US-Vir17-VA1.delim	330179	1345230.341464929	2204147.113613988	53732.15753182015	1.310800381426255	2.14773395171753	94202.77554586944	0.05280808586601219	0.08652554618289132	0.015819738222722514	49.64392705890138	311219.7992931535	-5363.871634084726	10735.743268169452
KY1_US-Vir17-VA1	dadi_objects_duos/probs.KY1.US-Vir17-VA1.delim	330179	8913648.38183908	14336641.40792239	2045025.972355388	65.33760138495963	105.08848020283627	12207.290945671304	2.7002481261611693	4.343057683996262	4.646310666362945	48.39377592891612	311219.7992931535	-143087.71689501626	286183.4337900325
KY1_US-Vir17-VA1	dadi_objects_duos/probs.KY1.US-Vir17-VA1.delim	330179	8723352.14742264	24812376.899906166	1849689.8546088156	30.360764117337943	86.35702302481383	11531.478716436617	2.7974728052247313	7.957027119555405	4.448797366137136	21.70585112436791	311219.7992931535	-164716.64760847	329441.29521694
KY1_US-Vir17-VA1	dadi_objects_duos/probs.KY1.US-Vir17-VA1.delim	330179	1451841.8507375412	2342537.757410644	59481.089369317524	1.399858668033901	2.2586632168249787	94487.00280587109	0.05682176355936549	0.09168156057276829	0.017459650782670692	49.27191907978622	311219.7992931535	-5539.36982808113	11086.73965616226
KY1_US-Vir17-VA1	dadi_objects_duos/probs.KY1.US-Vir17-VA1.delim	330179	13621073.764960863	13971935.559687778	1582540.871199411	69.54362715592298	71.33498386221395	9571.600365824725	5.262526039410046	5.3980821169150595	4.585630841453738	26.429751277285515	311219.7992931535	-180261.51764874352	360531.03529748705
KY1_US-Vir17-VA1	dadi_objects_duos/probs.KY1.US-Vir17-VA1.delim	330179	7561056.460511705	13527711.517122285	3877207.902892015	0.9075134856758641	1.6236594312232318	27314.734618097125	1.0236534776917843	1.8314489532030647	3.936867661098335	1.7730872906761341	311219.7992931535	-49651.01118278982	99310.02236557964
KY1_US-Vir17-VA1	dadi_objects_duos/probs.KY1.US-Vir17-VA1.delim	330179	21164310.040705588	7699440.703895521	2063514.3321139116	124.74325610936894	45.38079917453897	12748.267933998535	6.139321869011671	2.233446051473951	4.489366063093273	40.63747064281239	311219.7992931535	-145404.74394565192	290817.48789130384
KY1_US-Vir17-VA1	dadi_objects_duos/probs.KY1.US-Vir17-VA1.delim	330179	42776400.27009503	6455222.786063805	2065527.9966566653	24.4283918936245	3.6863950912873507	22490.767167016846	7.033434313326473	1.061388643200276	2.5471559087552693	6.946362418524118	311219.7992931535	-118714.83605936391	237437.67211872782
KY1_US-Vir17-VA1	dadi_objects_duos/probs.KY1.US-Vir17-VA1.delim	330179	13054542.37132495	14222107.552808486	1327188.2128197849	136.9661032321762	149.21600434924906	7762.2548337722765	6.219295988702054	6.7755340584255	4.742128648070064	44.045532960961566	311219.7992931535	-188153.16627872927	376314.33255745855
KY1_US-Vir17-VA1	dadi_objects_duos/probs.KY1.US-Vir17-VA1.delim	330179	30865802.17443618	5177256.985621594	3330938.18003532	7.27264557917702	1.2198728844289954	21175.488429740693	5.390283439063661	0.9041359894571571	4.362765280451247	2.698427888400741	311219.7992931535	-89088.37065674053	178184.74131348106
KY1_US-Vir17-VA1	dadi_objects_duos/probs.KY1.US-Vir17-VA1.delim	330179	24182638.65521879	29999570.86717943	716971.9884357923	130.3864710997542	161.74985019818672	12378.920697818754	7.224176970406018	8.961892540786515	1.6063793767981762	36.09725277602831	311219.7992931535	-310288.2207433771	620584.4414867542
KY1_US-Vir17-VA1	dadi_objects_duos/probs.KY1.US-Vir17-VA1.delim	330179	8278921.23081171	10474453.545939682	7482357.166736484	2.187257498537158	2.76730825462745	42622.8858940689	0.7182876008549164	0.9087742107967398	4.868826468575656	6.090199791654074	311219.7992931535	-35507.37612231555	71022.7522446311
KY1_US-Vir17-VA1	dadi_objects_duos/probs.KY1.US-Vir17-VA1.delim	330179	116540200.82459943	3631611.0579790883	5122956.013636198	58.986210396346955	1.8381208581068271	95988.59845521496	4.489764711414209	0.13990948237884313	1.4802316592489948	26.27585817421028	311219.7992931535	-97213.7283064082	194435.4566128164
KY1_US-Vir17-VA1	dadi_objects_duos/probs.KY1.US-Vir17-VA1.delim	330179	3993895.2580224224	57805315.4384162	4358200.669090111	1.6726261463266257	24.208617340362476	32404.185158892946	0.45578815706806497	6.5968125076619035	3.730223297268233	7.339489279783304	311219.7992931535	-88591.25570214196	177190.51140428393
KY1_US-Vir17-VA1	dadi_objects_duos/probs.KY1.US-Vir17-VA1.delim	330179	8359780.828092971	15767739.303961521	2972322.4350552214	1.2162247474203838	2.2939733883819695	16562.88728113156	1.8664927862217346	3.5204716811436714	4.9772400318091705	1.3032193388567421	311219.7992931535	-58729.23838939932	117466.47677879863
KY1_US-Vir17-VA1	dadi_objects_duos/probs.KY1.US-Vir17-VA1.delim	330179	14385608.448097296	15143019.75012853	1343019.6510019088	100.16219613500633	105.43579854554302	8119.8446650145925	6.5516092101115015	6.896555541727159	4.587365650885097	30.576364652647428	311219.7992931535	-199765.62692592505	399539.2538518501
KY1_US-Vir17-VA1	dadi_objects_duos/probs.KY1.US-Vir17-VA1.delim	330179	8019440.225654179	10416498.416387657	12571688.347264254	1.5818973829761536	2.0547358819317987	70039.89909909698	0.4234147797075366	0.5499759656776917	4.9782511960077835	7.472093364661529	311219.7992931535	-31777.34961359287	63562.69922718574
KY1_US-Vir17-VA1	dadi_objects_duos/probs.KY1.US-Vir17-VA1.delim	330179	18375199.529753476	8434867.255951261	2595431.9571429715	2.0232477136313123	0.9287423444166522	14435.486348251896	4.707259209885566	2.1607986629177818	4.986627636304624	0.8596287663030554	311219.7992931535	-86996.16153326986	174000.3230665397
KY1_US-Vir17-VA1	dadi_objects_duos/probs.KY1.US-Vir17-VA1.delim	330179	3748.930039683105	6336.158325050521	45.884132645712285	0.0001359491533490407	0.00022977098816410758	80773.4429026038	0.00017163514124721567	0.0002900847488678914	1.5755153691569112e-05	1.5841645523305223	311219.7992931535	-13000.829043683503	26009.658087367006
KY1_US-Vir17-VA1	dadi_objects_duos/probs.KY1.US-Vir17-VA1.delim	330179	4140210.108871862	32546624.094159752	3554641.8840553546	1.1079388301367155	8.709622863465848	48484.62750730565	0.3157808493694147	2.482386238934453	2.0333891536471445	7.017137564543051	311219.7992931535	-72580.7592912238	145169.5185824476
KY1_US-Vir17-VA1	dadi_objects_duos/probs.KY1.US-Vir17-VA1.delim	330179	6853066.835923428	12380409.621940855	9557231.990104506	1.207459728386695	2.1813366770426987	53619.257032361056	0.47264127585114574	0.853850216169015	4.943562718379578	5.1094129526130265	311219.7992931535	-34195.0532873409	68398.1065746818
KY1_US-Vir17-VA1	dadi_objects_duos/probs.KY1.US-Vir17-VA1.delim	330179	1361919.209597045	2054283.5969549431	56902.00841216459	1.3073489137717855	1.9719711787110024	96182.32291969369	0.05236288354677344	0.07898281484055508	0.01640820397103958	49.93418334588044	311219.7992931535	-5425.8765845909875	10859.753169181975
KY1_US-Vir17-VA1	dadi_objects_duos/probs.KY1.US-Vir17-VA1.delim	330179	1445871.6020903692	3147843.184211943	78789.76969718952	1.3760070495905599	2.995739321679067	96085.50767092136	0.05564668652244635	0.12114979133722077	0.022742628338974114	49.45512969709405	311219.7992931535	-6986.728073049431	13981.456146098863
KY1_US-Vir17-VA1	dadi_objects_duos/probs.KY1.US-Vir17-VA1.delim	330179	25722152.054902095	8225830.050670063	1577176.674764389	191.92685283695	61.37735560488751	12315.617383397288	7.723578835242978	2.4699662277889756	3.5518357142832513	49.6989431793408	311219.7992931535	-164472.36172077147	328952.72344154294
KY1_US-Vir17-VA1	dadi_objects_duos/probs.KY1.US-Vir17-VA1.delim	330179	7284128.446427883	11661287.998787442	8089770.277651311	1.2195358960416665	1.9523762400943507	46451.59238880452	0.5798884510404638	0.9283535133252335	4.8301908960598405	4.206105135749872	311219.7992931535	-34028.36732001387	68064.73464002775
KY1_US-Vir17-VA1	dadi_objects_duos/probs.KY1.US-Vir17-VA1.delim	330179	4284698.313252381	34890383.45877829	4054974.1363493274	1.1997770161913959	9.769808070377659	29141.59917078132	0.543718786196399	4.427512874234053	3.8592545099665436	4.413226273031586	311219.7992931535	-77128.53617176478	154265.07234352955
KY1_US-Vir17-VA1	dadi_objects_duos/probs.KY1.US-Vir17-VA1.delim	330179	87569947.79302868	4073935.533192654	7814890.196710037	55.32967405138555	2.5740511538348967	46059.90979976465	7.030714751335099	0.32708342726094464	4.70574629969412	15.739416548190555	311219.7992931535	-95253.44908846606	190514.89817693213
KY1_US-Vir17-VA1	dadi_objects_duos/probs.KY1.US-Vir17-VA1.delim	330179	5426046.101544918	16272775.651055478	11594036.114941072	0.9263500257865123	2.7781345498854835	65899.08000087168	0.304488993295035	0.9131660482381588	4.879597605169717	6.084620765841111	311219.7992931535	-44213.058993489554	88434.11798697911
KY1_US-Vir17-VA1	dadi_objects_duos/probs.KY1.US-Vir17-VA1.delim	330179	11352434.764166532	8149292.026066992	5283876.55019777	1.6793901920935448	1.2055423691384515	33409.189790456025	1.2565811536551383	0.9020308848557118	4.3864727020028	2.672951424121779	311219.7992931535	-43230.68476986034	86469.36953972068
KY1_US-Vir17-VA1	dadi_objects_duos/probs.KY1.US-Vir17-VA1.delim	330179	10428.019777096042	16890.298915418673	127.58488724415254	2.4837451071097206e-12	4.0229303535588585e-12	80982.20973608982	0.00047618936697167583	0.0007712855288365574	4.3695661990154115e-05	1.0431753749165324e-08	311219.7992931535	-13029.399769167052	26066.799538334104
KY1_US-Vir17-VA1	dadi_objects_duos/probs.KY1.US-Vir17-VA1.delim	330179	1380086.852572001	2144611.441487134	57674.29520352393	1.3106374228061184	2.0366892180393172	95688.48170486133	0.05333523653316439	0.0828812753996433	0.01671673063742602	49.14714953935381	311219.7992931535	-5389.60549471981	10787.21098943962
KY1_US-Vir17-VA1	dadi_objects_duos/probs.KY1.US-Vir17-VA1.delim	330179	53117692.92465362	25357967.564442202	533453.5681048892	195.70976031385342	93.43029564787551	20630.29462732564	9.521409507167993	4.545445785701206	0.7171663538121684	41.109409308888026	311219.7992931535	-301089.88484839216	602187.7696967843
KY1_US-Vir17-VA1	dadi_objects_duos/probs.KY1.US-Vir17-VA1.delim	330179	5839797.73832159	20606304.63104437	3589690.1639934694	1.1722132509190841	4.136270539384786	22557.767859532978	0.9573464981915761	3.378091924270824	4.413565276899563	2.44887980085244	311219.7992931535	-58468.79323209096	116945.58646418192
KY1_US-Vir17-VA1	dadi_objects_duos/probs.KY1.US-Vir17-VA1.delim	330179	769133.7371767964	3426438.4718529712	14979.096686632713	0.06037315862986513	0.268958314266614	78404.24526590401	0.03627686539517812	0.16161096727407995	0.0052987662041766685	3.3284661159224553	311219.7992931535	-22002.017585605423	44012.035171210846
KY1_US-Vir17-VA1	dadi_objects_duos/probs.KY1.US-Vir17-VA1.delim	330179	19649823.26707184	6782875.119397103	3443005.087916048	4.759290347875068	1.6428479609119206	19201.764001621163	3.784295065528791	1.3062916900350066	4.973077748423495	2.515285021629273	311219.7992931535	-67753.02685176334	135514.05370352668
KY1_US-Vir17-VA1	dadi_objects_duos/probs.KY1.US-Vir17-VA1.delim	330179	15400200.425849807	9618770.023304561	2666276.56224081	14.116161793463297	8.816775765799123	15677.071637346653	3.632694703013644	2.2689350753197584	4.717033541269025	7.77173032556393	311219.7992931535	-112495.85591970281	224999.71183940562
KY1_US-Vir17-VA1	dadi_objects_duos/probs.KY1.US-Vir17-VA1.delim	330179	20502286.767803412	22319977.18575565	837949.1435589902	178.40769186060953	194.22494949907292	9421.200746873365	8.047546901436661	8.761025795592714	2.4668350802803163	44.33840375102627	311219.7992931535	-276961.68803206604	553931.3760641321
KY1_US-Vir17-VA1	dadi_objects_duos/probs.KY1.US-Vir17-VA1.delim	330179	13629739.290614009	12358724.554575814	1923190.7083931677	46.687337486688165	42.33360095022828	10705.214679948065	4.7082513360380105	4.269192546909386	4.982596095440539	19.832134758538835	311219.7992931535	-161284.3540769685	322576.708153937
KY1_US-Vir17-VA1	dadi_objects_duos/probs.KY1.US-Vir17-VA1.delim	330179	1389014.280419536	3511410.8366505867	77461.08053672675	1.324521296304311	3.3483733743994892	94675.9156609262	0.05425436279545711	0.13715435481196014	0.022691998644723863	48.82635158016148	311219.7992931535	-8147.166646891759	16302.333293783518
KY1_US-Vir17-VA1	dadi_objects_duos/probs.KY1.US-Vir17-VA1.delim	330179	32648878.034733508	6043450.172794845	2702400.601845096	9.461668966459667	1.7513963233115133	15866.93770883867	7.609263356457453	1.408507940073832	4.723732808838417	2.4868817185648346	311219.7992931535	-96541.04997622853	193090.09995245707
KY1_US-Vir17-VA1	dadi_objects_duos/probs.KY1.US-Vir17-VA1.delim	330179	27584895.286013838	23842271.02226926	717879.7102506584	207.29277359058406	179.16799892332662	11835.957244456169	8.618574152331993	7.449235483217881	1.682197578170238	48.10372804752055	311219.7992931535	-296553.13997736364	593114.2799547273
KY1_US-Vir17-VA1	dadi_objects_duos/probs.KY1.US-Vir17-VA1.delim	330179	13329282.341747206	6415817.812614356	18974031.81419776	1.8466060310690873	0.888831638737812	115462.94198026678	0.4269053709783406	0.20548346213998459	4.557699813413613	8.651125783857971	311219.7992931535	-53670.2300024736	107348.4600049472
KY1_US-Vir17-VA1	dadi_objects_duos/probs.KY1.US-Vir17-VA1.delim	330179	51702124.9346436	4472102.752709535	9363218.011990733	43.37746837705682	3.7520410617518434	54892.41621127704	3.483080530516579	0.30127763700471893	4.73087529349095	24.90753113343806	311219.7992931535	-92572.19605435287	185152.39210870574
KY1_US-Vir17-VA1	dadi_objects_duos/probs.KY1.US-Vir17-VA1.delim	330179	16179760.672019165	17900419.90423734	1164902.252916627	101.3752655682962	112.15615968376459	7388.9549224369675	8.097604229021943	8.958755253314365	4.37255398697679	25.038335463461063	311219.7992931535	-235806.89554153744	471621.7910830749
KY1_US-Vir17-VA1	dadi_objects_duos/probs.KY1.US-Vir17-VA1.delim	330179	8770341.42179102	12133878.298498003	3743412.7499369634	0.9608490666223202	1.3293468380435918	23683.1330670338	1.3694456972235416	1.894645445070809	4.383866015417359	1.4032671300079682	311219.7992931535	-51894.7460870171	103797.4921740342
KY1_US-Vir17-VA1	dadi_objects_duos/probs.KY1.US-Vir17-VA1.delim	330179	12133905.609391915	10965428.602016814	1862486.6391716374	94.7536561353789	85.62902041436101	10587.121183780624	4.238285404253289	3.8301448430039717	4.879148024042129	44.71320220214043	311219.7992931535	-150557.79750479915	301123.5950095983
KY1_US-Vir17-VA1	dadi_objects_duos/probs.KY1.US-Vir17-VA1.delim	330179	6553523.490541418	1410351.2025189316	31733.452309544307	4.915831468595011	1.057911646020606	79482.51814594607	0.3049093296268571	0.06561802064479247	0.01107323243819452	32.244546105630306	311219.7992931535	-38022.49513231795	76052.9902646359
KY1_US-Vir17-VA1	dadi_objects_duos/probs.KY1.US-Vir17-VA1.delim	330179	19756244.113582186	11054991.034862662	1339270.6478350183	167.9834713270692	93.99842190900824	7906.599494865102	9.240215798137521	5.170542650785498	4.697938449814626	36.35920956757922	311219.7992931535	-193216.96189839783	386441.92379679566
KY1_US-Vir17-VA1	dadi_objects_duos/probs.KY1.US-Vir17-VA1.delim	330179	1401155.470383371	2489534.285224301	64643.624558428106	1.3058638042738913	2.3202226885527426	95740.71531025563	0.054119917928678034	0.0961587732731078	0.01872654866682176	48.258159075363885	311219.7992931535	-5528.600327836126	11065.200655672252
KY1_US-Vir17-VA1	dadi_objects_duos/probs.KY1.US-Vir17-VA1.delim	330179	16018525.034219401	12529564.858037291	1289094.569066257	69.83000382842874	54.620482231429555	21124.096308759108	2.804218537902663	2.193437783547723	1.692526012484519	49.80353912120997	311219.7992931535	-176045.94744449906	352099.8948889981
KY1_US-Vir17-VA1	dadi_objects_duos/probs.KY1.US-Vir17-VA1.delim	330179	1499603.2464731243	55812438.02521022	15559.602864414075	1.1987643389027034e-07	4.4615774558499745e-06	71709.10529877462	0.07733383341554478	2.8782211527670087	0.006018010156658525	3.1002325527076256e-06	311219.7992931535	-38111.33764383556	76230.67528767113
KY1_US-Vir17-VA1	dadi_objects_duos/probs.KY1.US-Vir17-VA1.delim	330179	8232713.85814338	10791252.338477952	5772015.9029423315	1.1695978724159057	1.5330820423574554	34676.391669132834	0.8779637643653964	1.1508147481568873	4.616600896189161	2.664342014755714	311219.7992931535	-37706.05736450457	75420.11472900915
KY1_US-Vir17-VA1	dadi_objects_duos/probs.KY1.US-Vir17-VA1.delim	330179	12341577.028951671	6979477.466435586	14787212.827696837	2.261122605995063	1.278722665699002	87939.42585382317	0.518984637999531	0.2934990866926218	4.663708633842649	8.71363982838007	311219.7992931535	-42269.48937770104	84546.97875540207
KY1_US-Vir17-VA1	dadi_objects_duos/probs.KY1.US-Vir17-VA1.delim	330179	8589498.191368233	14855081.728283137	3060945.5453192536	1.1794539169334395	2.0398030176427553	17394.03509639632	1.826143581132125	3.1582185060075303	4.880720901056831	1.2917428061184897	311219.7992931535	-56518.00495890152	113044.00991780304
KY1_US-Vir17-VA1	dadi_objects_duos/probs.KY1.US-Vir17-VA1.delim	330179	10059173.906304339	18978180.360212985	1659038.432610114	57.05994253604832	107.65236697158966	9227.87579653929	4.0311415335150915	7.605369167804937	4.986357572173544	28.309570409100946	311219.7992931535	-172409.71161546107	344827.42323092214
KY1_US-Vir17-VA1	dadi_objects_duos/probs.KY1.US-Vir17-VA1.delim	330179	12559302.729836488	18284571.985072404	1381388.930603182	73.66643368863977	107.24792917552621	8305.333439695161	5.592112841322975	8.141326950652214	4.613044146008844	26.3465476391252	311219.7992931535	-200947.58834146595	401903.1766829319
KY1_US-Vir17-VA1	dadi_objects_duos/probs.KY1.US-Vir17-VA1.delim	330179	3962663.0414221766	49855397.49008868	4064195.1396720516	1.4174041963424189	17.83276773071516	35892.57945283003	0.40827232735446056	5.136590962110949	3.140498526218684	6.943425264832283	311219.7992931535	-86047.00330292925	172102.0066058585
KY1_US-Vir17-VA1	dadi_objects_duos/probs.KY1.US-Vir17-VA1.delim	330179	3690.9225039750677	6195.094150418806	45.220268412914905	4.130216358374243e-09	6.932434689206138e-09	80819.12611999472	0.00016888389903972287	0.00028346616703929983	1.5518427009349778e-05	4.891190198543181e-05	311219.7992931535	-13000.30684952942	26008.61369905884
KY1_US-Vir17-VA1	dadi_objects_duos/probs.KY1.US-Vir17-VA1.delim	330179	7836369.722032696	10567169.372224147	11921615.673900029	1.6063049088919745	2.1660662574370746	142931.97455683284	0.2027463269607944	0.27339888910133153	2.3133131994198277	15.845464950914648	311219.7992931535	-31434.10941724494	62876.21883448988
KY1_US-Vir17-VA1	dadi_objects_duos/probs.KY1.US-Vir17-VA1.delim	330179	7475337.288466489	11218606.37720218	10583715.022534933	1.3607620129952165	2.042162488159018	59292.37422722624	0.4662291489362285	0.6996930174058413	4.950715944715411	5.8373098983622045	311219.7992931535	-32421.128592501216	64850.25718500243
KY1_US-Vir17-VA1	dadi_objects_duos/probs.KY1.US-Vir17-VA1.delim	330179	17031033.114985995	9406192.076777795	1787451.3374244084	111.12448942767944	61.37374549937722	11125.828792058752	5.6607775820827655	3.1264316663288967	4.455850044029789	39.26121025472033	311219.7992931535	-157182.66081120892	314373.32162241783
KY1_US-Vir17-VA1	dadi_objects_duos/probs.KY1.US-Vir17-VA1.delim	330179	1365683.32073535	2120132.5356807765	57145.70463158398	1.2967781940246406	2.0131619087451553	95786.89552082514	0.052724367439816136	0.08185107420961484	0.016546502393021606	49.190848823549686	311219.7992931535	-5394.489962595627	10796.979925191254
KY1_US-Vir17-VA1	dadi_objects_duos/probs.KY1.US-Vir17-VA1.delim	330179	15709729.938199965	11228201.222910302	1417546.5620347166	158.43221122008356	113.23611257276357	7907.80995995839	7.346491255143018	5.2507511217311365	4.971756170545458	43.13139585082083	311219.7992931535	-178990.27331570143	357988.54663140286
KY1_US-Vir17-VA1	dadi_objects_duos/probs.KY1.US-Vir17-VA1.delim	330179	7954141.591788059	18338329.20807629	2352918.6441930206	33.634094055172206	77.54363966011535	14217.306673334742	2.068918850957906	4.769906916521475	4.590059252308718	32.51369094500703	311219.7992931535	-139031.69397449133	278071.38794898265
KY1_US-Vir17-VA1	dadi_objects_duos/probs.KY1.US-Vir17-VA1.delim	330179	15205598.542642042	9565145.139443614	1748162.047386231	125.5671369346939	78.98853084648432	10805.508253433187	5.203862241250655	3.2735112323032634	4.487094337133012	48.25920868516922	311219.7992931535	-154561.94436440602	309131.88872881205
KY1_US-Vir17-VA1	dadi_objects_duos/probs.KY1.US-Vir17-VA1.delim	330179	1513715.3981612604	3179419.95315942	123288.00609932459	1.3105582466154988	2.7527070439584955	106368.49875523774	0.05262579498386134	0.11053564152535669	0.03214670843885305	49.806686892517455	311219.7992931535	-7866.129008218262	15740.258016436524
KY1_US-Vir17-VA1	dadi_objects_duos/probs.KY1.US-Vir17-VA1.delim	330179	35692957.59494898	5416417.58054082	3351471.120905526	14.69780590222827	2.230396684624185	19355.152012422983	6.819513916894016	1.0348633892819983	4.8025025834958734	4.310514233519583	311219.7992931535	-90916.0721921782	181840.1443843564
KY1_US-Vir17-VA1	dadi_objects_duos/probs.KY1.US-Vir17-VA1.delim	330179	8077829.084217106	13412121.01396464	3636708.9550828477	1.1603224925967832	1.9265554548981194	25049.092109771133	1.1925322720723306	1.9800353510008017	4.026662854905934	1.9459808673863817	311219.7992931535	-46166.86902747773	92341.73805495547
KY1_US-Vir17-VA1	dadi_objects_duos/probs.KY1.US-Vir17-VA1.delim	330179	14110904.737916797	14411693.942827761	1447946.2570257268	87.10178967995506	88.9584585860782	8604.03587869087	6.064850750145726	6.194129607095142	4.667442130987731	28.723473426897502	311219.7992931535	-190274.52772881498	380557.05545762996
KY1_US-Vir17-VA1	dadi_objects_duos/probs.KY1.US-Vir17-VA1.delim	330179	18452795.749075435	5259792.2305577835	7147017.770799637	3.016245264092846	0.859751748258914	39791.28812943412	1.7149112396545827	0.48881898098738435	4.98156241159734	3.5176692464857573	311219.7992931535	-68937.48867960698	137882.97735921395
KY1_US-Vir17-VA1	dadi_objects_duos/probs.KY1.US-Vir17-VA1.delim	330179	15589819.639413262	8333049.441694683	3250589.1738650813	12.562228860000738	6.714745687218855	18706.40500168565	3.0818977699076604	1.647331854049318	4.819483125831723	8.152268373507487	311219.7992931535	-95539.61984771544	191087.23969543088
KY1_US-Vir17-VA1	dadi_objects_duos/probs.KY1.US-Vir17-VA1.delim	330179	4938679.234506787	18088471.30747116	12471548.88266615	0.7841057141946388	2.8718758679718857	69721.52383117091	0.26194578820581277	0.9594060778371148	4.961148594215319	5.986778558764694	311219.7992931535	-52528.64030314878	105065.28060629756
KY1_US-Vir17-VA1	dadi_objects_duos/probs.KY1.US-Vir17-VA1.delim	330179	9709952.440136367	10206086.537912872	4318963.266681545	0.9136285513088898	0.9603107858307434	24263.220221786705	1.4799128229134884	1.555529590112994	4.936961977833443	1.234705905865778	311219.7992931535	-56749.240592450646	113506.48118490129
KY1_US-Vir17-VA1	dadi_objects_duos/probs.KY1.US-Vir17-VA1.delim	330179	4398542.794249841	34044323.00319819	5331862.407596604	1.6324423045424035	12.634955643168873	33442.15898139012	0.4863870294735734	3.7645915728298496	4.421945021852833	6.7125240009349305	311219.7992931535	-71569.18689200387	143146.37378400774
KY1_US-Vir17-VA1	dadi_objects_duos/probs.KY1.US-Vir17-VA1.delim	330179	8772773.783341628	10356662.072187472	5737274.255274166	1.902256882957379	2.245701553218206	33020.868167237066	0.9824623445939512	1.1598418872865082	4.818876937148725	3.8724270572295083	311219.7992931535	-35357.355257912364	70722.71051582473
KY1_US-Vir17-VA1	dadi_objects_duos/probs.KY1.US-Vir17-VA1.delim	330179	13000775.278743852	18180440.510199778	1215919.7414193605	120.59039312146619	168.63505608245936	6867.144295252193	7.001007597547576	9.79029322557204	4.910858817764127	34.449439296054614	311219.7992931535	-211371.59931036877	422751.19862073753
KY1_US-Vir17-VA1	dadi_objects_duos/probs.KY1.US-Vir17-VA1.delim	330179	8694532.25371294	10464579.600578574	5250574.916393092	11.098618367895636	13.358093567102424	29960.75483694122	1.0731512668146046	1.291625187800924	4.860520966116046	20.684163940539822	311219.7992931535	-91429.84811169039	182867.69622338077
KY1_US-Vir17-VA1	dadi_objects_duos/probs.KY1.US-Vir17-VA1.delim	330179	28075100.044777736	27648603.549332984	674932.0230301532	179.30070258192617	176.57689674828686	13162.901264299426	7.887459811588432	7.767639260201669	1.4221228773554337	45.464752116643076	311219.7992931535	-305757.733020101	611523.466040202
KY1_US-Vir17-VA1	dadi_objects_duos/probs.KY1.US-Vir17-VA1.delim	330179	5193527.013511002	21428715.416860543	4347260.721538308	1.0259673395357998	4.233185287900037	26023.647459588356	0.7380090686640874	3.045057100179368	4.633148630372156	2.7803651285558377	311219.7992931535	-57827.843528114594	115663.68705622919
KY1_US-Vir17-VA1	dadi_objects_duos/probs.KY1.US-Vir17-VA1.delim	330179	45837807.01419012	4448729.103484845	4626220.172285484	19.397963856087742	1.882644305566575	31566.63190706172	5.3698611514530405	0.5211649322304268	4.064683776989892	7.224754349873204	311219.7992931535	-88980.11341837939	177968.22683675878
KY1_US-Vir17-VA1	dadi_objects_duos/probs.KY1.US-Vir17-VA1.delim	330179	40277859.513562575	41324491.364649154	524133.98499122245	160.25265609855185	164.41686780492347	17341.743138519545	8.588970360426849	8.812157244134866	0.8382591126852723	37.31591782803351	311219.7992931535	-335137.50769672287	670283.0153934457
KY1_US-Vir17-VA1	dadi_objects_duos/probs.KY1.US-Vir17-VA1.delim	330179	37842622.10266904	4559459.2315329565	2705825.2972777444	11.52782432364872	1.3889271438260937	44956.48902850603	3.1128364604166836	0.37504935300712683	1.6693064760865943	7.406636660960728	311219.7992931535	-88953.47646409746	177914.95292819492
KY1_US-Vir17-VA1	dadi_objects_duos/probs.KY1.US-Vir17-VA1.delim	330179	19202914.953260764	5205946.753416969	6175453.194371551	3.2716335638996683	0.8869460793743372	41813.3409600108	1.6983209196094753	0.46041803024283845	4.096214370006786	3.8527860384031216	311219.7992931535	-69826.8040692398	139661.6081384796
KY1_US-Vir17-VA1	dadi_objects_duos/probs.KY1.US-Vir17-VA1.delim	330179	20510384.842106998	6616870.20064879	2911259.3731387076	82.3673069112711	26.572576906991596	20407.804034561257	3.7165929988110817	1.199012775776208	3.9565197384982342	44.324093026930825	311219.7992931535	-126046.03877714192	252100.07755428384
KY1_US-Vir17-VA1	dadi_objects_duos/probs.KY1.US-Vir17-VA1.delim	330179	17440763.73718887	9162751.010295957	1827034.8871347646	114.18530996097672	59.98886172484401	10604.50312959214	6.081947190511222	3.1952366653299777	4.778429994790692	37.54893174315077	311219.7992931535	-155888.55813793454	311785.1162758691
KY1_US-Vir17-VA1	dadi_objects_duos/probs.KY1.US-Vir17-VA1.delim	330179	12943838.40071523	7024878.916519328	6941104.55981049	2.6966220965868346	1.463510523361158	38655.142793067804	1.238292580951307	0.6720460480970214	4.9802370735270785	4.355387633050631	311219.7992931535	-43496.87646199002	87001.75292398004
KY1_US-Vir17-VA1	dadi_objects_duos/probs.KY1.US-Vir17-VA1.delim	330179	5697.939300443584	9696.668286111732	70.00530182724087	6.115128748530509e-09	1.040663507888715e-08	80770.96698125124	0.0002608735251125577	0.00044395068186285896	2.4038333845131585e-05	4.6881942089693055e-05	311219.7992931535	-13006.906719276813	26021.813438553625
KY1_US-Vir17-VA1	dadi_objects_duos/probs.KY1.US-Vir17-VA1.delim	330179	9418717.219549112	24523407.302185312	1901294.579864073	16.350493104840226	42.57159363159693	10664.511057068632	3.266015788379628	8.503688301371012	4.944668414737997	10.01250095790395	311219.7992931535	-166437.92318688	332883.84637376
KY1_US-Vir17-VA1	dadi_objects_duos/probs.KY1.US-Vir17-VA1.delim	330179	6395026.253529963	14484737.585352255	5183412.113400428	1.1635260683562545	2.6353871126884205	41234.73410701489	0.5735174069585345	1.2990172066675358	3.4864324335593153	4.057509167948857	311219.7992931535	-39465.22874518765	78938.4574903753
KY1_US-Vir17-VA1	dadi_objects_duos/probs.KY1.US-Vir17-VA1.delim	330179	4367.485444714809	7322.3158538300195	52.86037965921203	1.4408256708473186e-08	2.4156189610242665e-08	80708.27575813235	0.00020011556419427147	0.00033550412173005776	1.816523083594639e-05	0.00014399936123394883	311219.7992931535	-13008.405592178333	26024.811184356666
KY1_US-Vir17-VA1	dadi_objects_duos/probs.KY1.US-Vir17-VA1.delim	330179	6410936.700916151	13592551.001405181	11720515.661190618	1.4020046001224415	2.9725483061852196	65275.702999980334	0.3631929432072333	0.7700463807713614	4.979937290730336	7.72043965249884	311219.7992931535	-35280.22640509973	70568.45281019947
KY1_US-Vir17-VA1	dadi_objects_duos/probs.KY1.US-Vir17-VA1.delim	330179	5258863.390543058	29657133.551716264	3251334.0749144577	1.494077207948283	8.425784052953293	18655.677993979723	1.0424334118035397	5.878758320329045	4.833695303707868	2.866518265878188	311219.7992931535	-77055.85656107507	154119.71312215013
KY1_US-Vir17-VA1	dadi_objects_duos/probs.KY1.US-Vir17-VA1.delim	330179	334746.23737242416	467991.2940559149	4574.472384305589	0.36089085663012516	0.5045427256569162	82455.76669165467	0.015012815261475831	0.02098863574028403	0.0015386813440290846	48.07770565940446	311219.7992931535	-11713.973241949172	23435.946483898344
KY1_US-Vir17-VA1	dadi_objects_duos/probs.KY1.US-Vir17-VA1.delim	330179	4680070.031295049	5008384.412261191	2032245.4871731114	1.5968434111280678	1.7088645245983083	268876.81838785746	0.06436747334275518	0.06888295431281953	0.2096290757504339	49.61647018906326	311219.7992931535	-16759.782626042994	33527.56525208599
KY1_US-Vir17-VA1	dadi_objects_duos/probs.KY1.US-Vir17-VA1.delim	330179	24328590.78477415	5535089.671667375	5300575.89173758	16.166023120584622	3.677993041121169	30452.23532112749	2.954372463978436	0.6721604492546172	4.827614599624998	10.943794878737146	311219.7992931535	-81297.99337902822	162603.98675805645
KY1_US-Vir17-VA1	dadi_objects_duos/probs.KY1.US-Vir17-VA1.delim	330179	18314603.84265242	12860142.824326087	1603767.5991718012	39.63736279077834	27.832551064081017	10277.782830066164	6.589698774535314	4.62715263392438	4.3278351576484555	12.030098536203106	311219.7992931535	-191295.05846083656	382598.1169216731
KY1_US-Vir17-VA1	dadi_objects_duos/probs.KY1.US-Vir17-VA1.delim	330179	13869141.848680964	10540443.754872626	2660469.545331659	2.290793469925647	1.7409858509794678	16914.060291219685	3.0322791952519785	2.3045094393971923	4.362537064241806	1.5109383552231146	311219.7992931535	-64764.698462244334	129537.39692448867
KY1_US-Vir17-VA1	dadi_objects_duos/probs.KY1.US-Vir17-VA1.delim	330179	26578163.720926728	4679607.953849893	5852763.077899307	6.447767638510947	1.1352561840829722	32916.61906250012	2.985913493380136	0.5257287403240586	4.931447735882677	4.318790650034471	311219.7992931535	-77445.82860767897	154899.65721535793
KY1_US-Vir17-VA1	dadi_objects_duos/probs.KY1.US-Vir17-VA1.delim	330179	7801393.20356922	14726718.098931203	3646863.511996623	2.0525171485432536	3.874544027083457	22118.45538109229	1.3043220702539697	2.4621734782008566	4.5729181352094725	3.147255107235286	311219.7992931535	-50592.07986838343	101192.15973676686
KY1_US-Vir17-VA1	dadi_objects_duos/probs.KY1.US-Vir17-VA1.delim	330179	12670408.222622145	18022356.844518602	1391373.6933956242	73.9035206337075	105.1201822013024	8031.643341632647	5.833828574326556	8.298023117246002	4.804720018661375	25.336198927387496	311219.7992931535	-200954.82625144313	401917.65250288625
