Pair_name	fs_name	L	pop1_size	pop2_size	divergence_time	mig_pop1	mig_pop2	theta	nu1	nu2	Ts	m12	fs_sanitycheck	-2LL_model	AIC
KY1_US-Vir17-VA2	dadi_objects_duos/probs.KY1.US-Vir17-VA2.delim	4404293	19630077.168385826	7706394.905755327	2242271.0030203005	86.79089885831429	34.07245601177827	167176.64240154324	5.792161120514849	2.2738922811947435	4.962128076942349	29.968399377191254	4065547.0440493124	-851306.1704935492	1702620.3409870984
KY1_US-Vir17-VA2	dadi_objects_duos/probs.KY1.US-Vir17-VA2.delim	4404293	38173355.93623382	29675378.348751247	596036.6799035986	103.63465179684314	80.56398046977245	305838.3266624227	6.156907922945899	4.786285292208704	0.7210021263602884	33.664512477314105	4065547.0440493124	-2253829.059585128	4507666.119170256
KY1_US-Vir17-VA2	dadi_objects_duos/probs.KY1.US-Vir17-VA2.delim	4404293	23765427.321631085	6277452.012956541	3334009.2797776856	52.33714972201768	13.824449332575218	251288.9855065935	4.665158466125956	1.2322651727490044	4.908500264749029	22.437458492371224	4065547.0440493124	-757981.159696567	1515970.319393134
KY1_US-Vir17-VA2	dadi_objects_duos/probs.KY1.US-Vir17-VA2.delim	4404293	1100068.9817284346	953911.6061088326	11895.62144174213	1.2151955528899674	1.0537422296665935	1093733.7466393455	0.04961380469704257	0.04302201490070657	0.0040237500051398395	48.98618682079845	4065547.0440493124	-107412.05352194342	214832.10704388685
KY1_US-Vir17-VA2	dadi_objects_duos/probs.KY1.US-Vir17-VA2.delim	4404293	2011743.18506567	1749510.189803623	32446.581015515916	2.162694529056965	1.88078485569429	1132959.9081120132	0.08758953541130254	0.07617214058922578	0.010595217256728582	49.38248659275092	4065547.0440493124	-91305.38251627762	182618.76503255524
KY1_US-Vir17-VA2	dadi_objects_duos/probs.KY1.US-Vir17-VA2.delim	4404293	4465523.01238941	61882651.25895293	6102518.358286246	2.7512776787377384	38.12685695214194	633445.5239883399	0.3477421107262845	4.818966044161616	3.5641443947274736	15.823666986960518	4065547.0440493124	-609399.0568242064	1218806.1136484127
KY1_US-Vir17-VA2	dadi_objects_duos/probs.KY1.US-Vir17-VA2.delim	4404293	111634627.9093028	3962321.0355376583	2500145.8031024085	133.18865005453384	4.727352074256931	1028070.9901846058	5.356363604722384	0.1901169250299548	0.8996999565089736	49.73099658025807	4065547.0440493124	-741549.1092425976	1483106.2184851952
KY1_US-Vir17-VA2	dadi_objects_duos/probs.KY1.US-Vir17-VA2.delim	4404293	35218699.75233945	7174367.410531232	1587591.135690491	120.58616582980505	24.564491715308165	357841.7313166361	4.854858288431644	0.9889785066513638	1.6413573582864436	49.67649256298283	4065547.0440493124	-950342.3338363944	1900692.6676727887
KY1_US-Vir17-VA2	dadi_objects_duos/probs.KY1.US-Vir17-VA2.delim	4404293	8806.357225216652	7517.072424149175	58.69616866436992	3.722321358062218e-05	3.177359096266121e-05	1054422.6857421016	0.0004119796678108323	0.0003516642490203724	2.0594463386453852e-05	0.18070412930044827	4065547.0440493124	-126052.15781721356	252112.31563442713
KY1_US-Vir17-VA2	dadi_objects_duos/probs.KY1.US-Vir17-VA2.delim	4404293	118628.98554690798	105922.99544646127	843.288564960008	0.13656441203789235	0.12193741291599004	1058000.3284136285	0.005530943726602834	0.00493854115388965	0.00029488037915245186	49.38195678290573	4065547.0440493124	-124323.26283679451	248654.52567358903
KY1_US-Vir17-VA2	dadi_objects_duos/probs.KY1.US-Vir17-VA2.delim	4404293	19126494.738229293	6981700.751480424	2186592.573195067	132.45399413419625	48.34937938392543	177204.84331760937	5.324195860032622	1.9434790716105907	4.565073228141611	49.75549270397603	4065547.0440493124	-800688.7844729807	1601385.5689459613
KY1_US-Vir17-VA2	dadi_objects_duos/probs.KY1.US-Vir17-VA2.delim	4404293	28576446.97501973	5024906.7788323285	7579510.921396132	29.375949138126984	5.165491920246186	607636.2856932281	2.3198438628688303	0.40792332099761014	4.614800703903437	25.32579852318102	4065547.0440493124	-636565.6341800363	1273139.2683600725
KY1_US-Vir17-VA2	dadi_objects_duos/probs.KY1.US-Vir17-VA2.delim	4404293	6349746.455230954	29370509.216880877	2200444.683326881	39.86487382216178	184.39344819178444	165861.57021410557	1.8884471603555677	8.73494006727208	4.908176257833566	42.219739751315885	4065547.0440493124	-800796.3488583097	1601600.6977166194
KY1_US-Vir17-VA2	dadi_objects_duos/probs.KY1.US-Vir17-VA2.delim	4404293	2125273.590610659	2169242.346206892	41249.69405581703	2.254944456016361	2.3015959093199214	1145642.8360266478	0.09150816101077516	0.09340132901715283	0.013320697179578749	49.284007701801364	4065547.0440493124	-94838.69087955274	189685.38175910548
KY1_US-Vir17-VA2	dadi_objects_duos/probs.KY1.US-Vir17-VA2.delim	4404293	2122498.390656536	996659.1803260637	27565.497186959972	2.2647358793000643	1.063449477773237	1148744.7754478243	0.09114189334994688	0.04279739627572841	0.008877644466751964	49.69692412696371	4065547.0440493124	-151783.79348950495	303575.5869790099
KY1_US-Vir17-VA2	dadi_objects_duos/probs.KY1.US-Vir17-VA2.delim	4404293	1983205.9656684026	1813986.0504893004	33362.99907508395	2.1506041473631763	1.9671007404046519	1135969.3298617604	0.08611829838399133	0.07877013011494516	0.010865605799696901	49.945346987091774	4065547.0440493124	-91190.59919700521	182389.19839401043
KY1_US-Vir17-VA2	dadi_objects_duos/probs.KY1.US-Vir17-VA2.delim	4404293	5514.591339097021	4760.898739229976	36.899802796325545	4.648015937350094e-18	4.012760303590208e-18	1054445.7345289465	0.00025797838870025185	0.00022271985537784583	1.2946586529398595e-05	3.6034149688024283e-14	4065547.0440493124	-126002.57781367932	252013.15562735865
KY1_US-Vir17-VA2	dadi_objects_duos/probs.KY1.US-Vir17-VA2.delim	4404293	12438170.063221797	8859623.85043123	3868654.158731834	3.9468640592601916	2.811324397085297	362121.71669352194	1.694322763725752	1.20685456876162	3.9523992145149878	4.6589282086739905	4065547.0440493124	-358500.9862179486	717009.9724358972
KY1_US-Vir17-VA2	dadi_objects_duos/probs.KY1.US-Vir17-VA2.delim	4404293	14457122.699544331	7187213.116731061	2824452.24824761	76.34671740162656	37.95500253626711	221850.97090136627	3.2145098366118674	1.5980612284826232	4.710080942328773	47.501312039596634	4065547.0440493124	-744250.1403447251	1488508.2806894502
KY1_US-Vir17-VA2	dadi_objects_duos/probs.KY1.US-Vir17-VA2.delim	4404293	6100103.856552156	19631603.08846441	4845040.821136397	1.2714701316982975	4.091897048199892	376177.1895058038	0.7999060793659232	2.574290377252243	4.764973070492994	3.1790485520654577	4065547.0440493124	-481681.94110131747	963371.8822026349
KY1_US-Vir17-VA2	dadi_objects_duos/probs.KY1.US-Vir17-VA2.delim	4404293	11819806.109590713	8154267.632124622	3585234.0884926356	34.13974776130657	23.55238635539352	282732.095197157	2.062193752228566	1.4226696791009625	4.691350411764532	33.11012626666387	4065547.0440493124	-710256.6023817175	1420521.204763435
KY1_US-Vir17-VA2	dadi_objects_duos/probs.KY1.US-Vir17-VA2.delim	4404293	5426924.266550575	24692831.694468983	5420242.501207467	1.9632507360164153	8.932908884927022	538140.2963738057	0.49745347981054355	2.263443241414027	3.726307333205918	7.893203347433109	4065547.0440493124	-468872.29225853184	937752.5845170637
KY1_US-Vir17-VA2	dadi_objects_duos/probs.KY1.US-Vir17-VA2.delim	4404293	9000.92744474	7999.922971113287	61.81373833755572	6.921504841239612e-16	6.151755573417362e-16	1055956.9007644875	0.0004204702702812681	0.0003737092421358245	2.1656799918047088e-05	3.2922683625691596e-12	4065547.0440493124	-126137.79077005156	252283.58154010313
KY1_US-Vir17-VA2	dadi_objects_duos/probs.KY1.US-Vir17-VA2.delim	4404293	20968192.359957643	14376510.15342622	1596786.7112398515	14.45188526240807	9.90870703799572	118475.99851849872	8.730213010823364	5.985732763085417	4.9862264658956725	3.3107749477569923	4065547.0440493124	-1510983.7771683354	3021975.554336671
KY1_US-Vir17-VA2	dadi_objects_duos/probs.KY1.US-Vir17-VA2.delim	4404293	5332525.008812943	31127294.45359966	4933553.337271099	7.156440119964908	41.77394732993289	437543.90977598995	0.6011813280715899	3.5092471555151987	4.17151348687473	23.807925448784747	4065547.0440493124	-624581.5937569919	1249171.1875139838
KY1_US-Vir17-VA2	dadi_objects_duos/probs.KY1.US-Vir17-VA2.delim	4404293	16856811.724218573	11234568.695317397	1641910.147279151	81.85035374563742	54.550850833212394	124644.51702690903	6.671085131394733	4.446081821824399	4.873395694037338	24.538842522168462	4065547.0440493124	-1096027.5937181879	2192063.1874363758
KY1_US-Vir17-VA2	dadi_objects_duos/probs.KY1.US-Vir17-VA2.delim	4404293	23532189.954914186	6524386.749567001	2287836.4582750928	145.22569300103186	40.26436081503544	175130.16088379815	6.6282003080721	1.83769306410986	4.833030071276563	43.82055045143096	4065547.0440493124	-801739.1562826486	1603486.3125652971
KY1_US-Vir17-VA2	dadi_objects_duos/probs.KY1.US-Vir17-VA2.delim	4404293	10062691.520163406	13293270.96087532	3156586.0411774945	1.8237098657822213	2.4092032783959327	277032.29134584847	1.7917523838496272	2.3669859982869275	4.215437989415313	2.035671761590106	4065547.0440493124	-417323.56367935415	834655.1273587083
KY1_US-Vir17-VA2	dadi_objects_duos/probs.KY1.US-Vir17-VA2.delim	4404293	11579420.552977402	25598471.73286312	1577833.7599983613	19.89256090299858	43.97622105872408	140960.72486583592	4.052125884437925	8.957981052352027	4.141127359071328	9.818333127011378	4065547.0440493124	-1375760.0726939698	2751528.1453879396
KY1_US-Vir17-VA2	dadi_objects_duos/probs.KY1.US-Vir17-VA2.delim	4404293	75492127.79677428	4205730.860048795	4999303.382529354	51.27218651130138	2.8564172631781584	468048.4686270508	7.9561884927010915	0.4432460502662885	3.9516105071817194	12.888630418532152	4065547.0440493124	-799716.132381751	1599440.264763502
KY1_US-Vir17-VA2	dadi_objects_duos/probs.KY1.US-Vir17-VA2.delim	4404293	15918485.127057875	12288737.015495412	1687626.0947615926	55.33447625020595	42.7170563719738	144868.31664245343	5.4202903125733375	4.184350562707222	4.309811600616369	20.41753229410893	4065547.0440493124	-1121168.9854536229	2242345.9709072458
KY1_US-Vir17-VA2	dadi_objects_duos/probs.KY1.US-Vir17-VA2.delim	4404293	9045600.578855265	9600878.02723719	10912835.657593425	2.4348177123494796	2.5842825659877144	810276.5866622219	0.5506787815662098	0.5844830056241384	4.982643239518602	8.84296905511597	4065547.0440493124	-262522.7829012542	525053.5658025084
KY1_US-Vir17-VA2	dadi_objects_duos/probs.KY1.US-Vir17-VA2.delim	4404293	14630027.95688023	179320140.61847746	51561.7722657914	2.002580387722338	24.545612474875362	895944.3532902105	0.805486646818018	9.872843660957287	0.021291304308590983	4.9723490653341065	4065547.0440493124	-684852.8779507661	1369713.7559015322
KY1_US-Vir17-VA2	dadi_objects_duos/probs.KY1.US-Vir17-VA2.delim	4404293	2555969.506478187	4067949.3157288893	79560.5988589745	2.703052311114697	4.302038726013364	1163964.859331814	0.1083203426390775	0.17239707383101935	0.02528795103843207	49.9084889367687	4065547.0440493124	-156443.42721320767	312894.85442641535
KY1_US-Vir17-VA2	dadi_objects_duos/probs.KY1.US-Vir17-VA2.delim	4404293	19588350.12317639	21683751.34919603	916416.7366853333	169.34088549879854	187.45558616823374	142473.30206142922	6.782012624855155	7.507496776386023	2.379660433875984	49.93823953620705	4065547.0440493124	-1495961.1446251322	2991930.2892502644
KY1_US-Vir17-VA2	dadi_objects_duos/probs.KY1.US-Vir17-VA2.delim	4404293	7053.556773638261	6097.522085833658	47.224400496667236	3.0479265147249516e-25	2.6348124550427717e-25	1054439.417460145	0.0003299747888203468	0.00028525021165492755	1.656915223977969e-05	1.8473693251664633e-21	4065547.0440493124	-126020.77639755265	252049.5527951053
KY1_US-Vir17-VA2	dadi_objects_duos/probs.KY1.US-Vir17-VA2.delim	4404293	2650615.475374485	1991068.2347735579	46052.185826726134	2.8497291743007565	2.1406368782541265	1143785.3272568958	0.11431321362818006	0.08586888991802799	0.014895709530895198	49.85826369241801	4065547.0440493124	-99262.11317883249	198532.22635766497
KY1_US-Vir17-VA2	dadi_objects_duos/probs.KY1.US-Vir17-VA2.delim	4404293	19182541.284200907	6362904.820115393	4367900.317333699	14.405279299865379	4.778273104393853	347611.12782946276	2.7221164284092	0.9029339484599851	4.648732058287275	10.583881827776043	4065547.0440493124	-571236.2960280654	1142480.5920561308
KY1_US-Vir17-VA2	dadi_objects_duos/probs.KY1.US-Vir17-VA2.delim	4404293	25084239.74689653	5302015.061511082	5986530.418492783	20.130176709860972	4.254882794275931	476279.511519969	2.5979648403519384	0.5491276136653258	4.650169266309767	15.496881556821993	4065547.0440493124	-598349.9705612147	1196707.9411224294
KY1_US-Vir17-VA2	dadi_objects_duos/probs.KY1.US-Vir17-VA2.delim	4404293	5769380.03404579	20297248.235986024	6205642.275573421	1.8066161210652045	6.355853776316445	524943.0468616546	0.5421396679168208	1.9073008457316338	4.373508922649118	6.664762709606372	4065547.0440493124	-419147.7243121196	838303.4486242392
KY1_US-Vir17-VA2	dadi_objects_duos/probs.KY1.US-Vir17-VA2.delim	4404293	40648797.66051342	5156120.604076197	3949685.3885774342	84.96516875809057	10.777456714001824	332590.8950778514	6.028809680644876	0.7647279034435888	4.393469490985704	28.18638280483991	4065547.0440493124	-753939.095266891	1507886.190533782
KY1_US-Vir17-VA2	dadi_objects_duos/probs.KY1.US-Vir17-VA2.delim	4404293	2290843.8736849166	1783829.4192111571	37980.05763947359	2.4722400009989123	1.9250785685533105	1140915.8106522958	0.0990458125647172	0.07712478197757676	0.012315654261557864	49.92114127759887	4065547.0440493124	-92950.25269329819	185908.50538659637
KY1_US-Vir17-VA2	dadi_objects_duos/probs.KY1.US-Vir17-VA2.delim	4404293	61624922.36102381	54776230.194415264	479035.72083498014	209.80750470688548	186.49052581377225	306908.6298611132	9.904704211784074	8.803943877346335	0.5774498412408722	42.365223679727464	4065547.0440493124	-2542764.864316609	5085537.728633218
KY1_US-Vir17-VA2	dadi_objects_duos/probs.KY1.US-Vir17-VA2.delim	4404293	10197028.898191048	10734011.308471119	2545682.7812735117	43.753841421896624	46.05794818282873	208443.08878039572	2.4131280941507223	2.5402050450203513	4.518270757443662	36.26317353641799	4065547.0440493124	-775986.1798131199	1551980.3596262399
KY1_US-Vir17-VA2	dadi_objects_duos/probs.KY1.US-Vir17-VA2.delim	4404293	19036544.820957903	5894640.639751043	5713205.432808504	26.697103350825824	8.266722341449194	443306.17285682284	2.1182566221868395	0.6559153295937247	4.767948208569559	25.20667521696625	4065547.0440493124	-636192.9902193417	1272393.9804386834
KY1_US-Vir17-VA2	dadi_objects_duos/probs.KY1.US-Vir17-VA2.delim	4404293	17910397.5911745	9968661.752603643	1857666.8498458797	68.41223261585087	38.07723436714251	143738.8505825134	6.146463188522114	3.4210302808352475	4.781334534906366	22.2606824502272	4065547.0440493124	-1010110.6620492449	2020229.3240984897
KY1_US-Vir17-VA2	dadi_objects_duos/probs.KY1.US-Vir17-VA2.delim	4404293	8490624.384862537	21692705.48836725	2144809.608531456	24.94232822487739	63.72518154743633	158955.10756167478	2.634871058351767	6.731834936727421	4.9919442532738305	18.93248487117997	4065547.0440493124	-914425.9891748233	1828859.9783496466
KY1_US-Vir17-VA2	dadi_objects_duos/probs.KY1.US-Vir17-VA2.delim	4404293	2222723.170419399	1923021.2490284487	37325.375802134535	2.404713785540508	2.0804730741856114	1134906.1759088084	0.09660945746185524	0.08358307594427199	0.012167453554813804	49.7821610578855	4065547.0440493124	-92705.41798876332	185418.83597752664
KY1_US-Vir17-VA2	dadi_objects_duos/probs.KY1.US-Vir17-VA2.delim	4404293	63843990.470779195	4481489.895044718	5881875.30369141	155.54062686576455	10.91807924955568	496518.1025600275	6.342772912758962	0.4452270684443281	4.382643990296763	49.0449930984863	4065547.0440493124	-741403.345367336	1482814.690734672
KY1_US-Vir17-VA2	dadi_objects_duos/probs.KY1.US-Vir17-VA2.delim	4404293	1558235.5154982079	1323609.9098345947	12464.106148545143	1.8203946745802395	1.5462954137033327	1054345.547241726	0.07290282475380072	0.061925748925196034	0.004373545390551281	49.94030562540953	4065547.0440493124	-126206.73572891606	252421.4714578321
KY1_US-Vir17-VA2	dadi_objects_duos/probs.KY1.US-Vir17-VA2.delim	4404293	6834769.866167121	4664213.87734904	678047.7003680915	2.9475531504866566	2.0114822558661385	1412350.0043033445	0.2387128435927703	0.16290347438007294	0.17761243947073865	24.69538803295397	4065547.0440493124	-216084.20269352043	432176.40538704087
KY1_US-Vir17-VA2	dadi_objects_duos/probs.KY1.US-Vir17-VA2.delim	4404293	5348884.717196412	24501039.60427564	6130911.2150320625	1.8090323073749686	8.28643250917548	522961.98947960185	0.5045304001183991	2.311046128012486	4.337209199617401	7.171152846093871	4065547.0440493124	-469917.6922205079	939843.3844410158
KY1_US-Vir17-VA2	dadi_objects_duos/probs.KY1.US-Vir17-VA2.delim	4404293	13170947.36055515	19722096.08489358	1667607.9747983243	19.619499689500202	29.378118932634887	130109.89119243443	4.9934525361323745	7.4771653106665585	4.74175506897112	7.858089987852884	4065547.0440493124	-1335271.4756709835	2670550.951341967
KY1_US-Vir17-VA2	dadi_objects_duos/probs.KY1.US-Vir17-VA2.delim	4404293	32722361.72974362	4769518.952605672	6118292.845107539	19.493864151467207	2.8413705373053952	473888.98299287766	3.4061381198511	0.49646906454969253	4.776492666909843	11.446314544824967	4065547.0440493124	-632734.146901792	1265476.293803584
KY1_US-Vir17-VA2	dadi_objects_duos/probs.KY1.US-Vir17-VA2.delim	4404293	6920443.760353963	19816192.115463503	2334264.4485945324	40.228136179409105	115.19036966170297	193250.6870091448	1.7664734847892005	5.0581695558298545	4.468733716593292	45.54626664459634	4065547.0440493124	-777321.4918118657	1554650.9836237314
KY1_US-Vir17-VA2	dadi_objects_duos/probs.KY1.US-Vir17-VA2.delim	4404293	8203013.988882366	13410691.940106478	2313106.192809528	52.041614388680365	85.08019851950705	192762.56053032968	2.099157337899462	3.4318059716266793	4.439441650756913	49.583338465477965	4065547.0440493124	-772447.853463913	1544903.706927826
KY1_US-Vir17-VA2	dadi_objects_duos/probs.KY1.US-Vir17-VA2.delim	4404293	21393514.30955609	6338381.1668417165	2502800.2337414064	128.99340283328266	38.21762723668521	204200.7897981426	5.1679575804566715	1.5311409114477152	4.534446026419155	49.920457289002755	4065547.0440493124	-769526.1874223363	1539060.3748446726
KY1_US-Vir17-VA2	dadi_objects_duos/probs.KY1.US-Vir17-VA2.delim	4404293	15566669.230597198	13700866.588172615	1609062.363140592	54.76767705645936	48.20328777975101	122166.9446295389	6.28544760921722	5.532081260618519	4.872755626772387	17.42681841024208	4065547.0440493124	-1214782.9171053465	2429573.834210693
KY1_US-Vir17-VA2	dadi_objects_duos/probs.KY1.US-Vir17-VA2.delim	4404293	14277766.913634567	13941626.882883804	2052806.4559587985	12.38029508606927	12.088827043755117	164469.12344706184	4.282231440287571	4.181415296087489	4.617629612622348	5.782170001179514	4065547.0440493124	-986632.0162968432	1973272.0325936864
KY1_US-Vir17-VA2	dadi_objects_duos/probs.KY1.US-Vir17-VA2.delim	4404293	9385880.084321398	9120441.683561528	14580364.821442952	2.214240266091629	2.1516202038439483	2300682.919472204	0.20123914285130348	0.19554797742314436	2.344590980861348	22.00605940493139	4065547.0440493124	-264398.9746881453	528805.9493762905
KY1_US-Vir17-VA2	dadi_objects_duos/probs.KY1.US-Vir17-VA2.delim	4404293	51838626.636472024	53878386.36674756	479266.3121429844	135.3323555651487	140.65744820351932	324199.993872634	7.887415339558625	8.19777140470696	0.5469144128225288	34.31602108903824	4065547.0440493124	-2560709.958773442	5121427.917546884
KY1_US-Vir17-VA2	dadi_objects_duos/probs.KY1.US-Vir17-VA2.delim	4404293	16641904.172916887	16646714.00019655	1087032.1367880795	89.11732170253828	89.14307830590299	225445.3297154259	3.641296131781675	3.642348535718508	1.7838429165486303	48.948131916386295	4065547.0440493124	-1364645.5172349866	2729299.0344699733
KY1_US-Vir17-VA2	dadi_objects_duos/probs.KY1.US-Vir17-VA2.delim	4404293	12883642.734707253	8223502.211958172	2859850.4375637667	45.883881084806426	29.287229191605267	275805.9129472787	2.3042485686098018	1.470779157032774	3.836146781270086	39.82546128909093	4065547.0440493124	-749383.68049243	1498775.36098486
KY1_US-Vir17-VA2	dadi_objects_duos/probs.KY1.US-Vir17-VA2.delim	4404293	5565.74623598958	4811.51647949394	37.231754892772585	2.2881205054040657e-10	1.9780509301035759e-10	1054371.106483492	0.00026038989764187487	0.00022510373820068048	1.3063979136520174e-05	1.7574572025455562e-06	4065547.0440493124	-126003.18117473184	252014.36234946368
KY1_US-Vir17-VA2	dadi_objects_duos/probs.KY1.US-Vir17-VA2.delim	4404293	8136304.223519603	14511144.281714233	2388179.3782076165	43.35642718750568	77.3264314083593	181357.18119870775	2.213026669291105	3.946945494556868	4.871779845225957	39.182923359341146	4065547.0440493124	-781972.3909742235	1563952.781948447
KY1_US-Vir17-VA2	dadi_objects_duos/probs.KY1.US-Vir17-VA2.delim	4404293	4572872.897428993	47211012.047537535	9310730.53715669	2.851591323461794	29.440248033637527	848290.3583279692	0.26591254423240146	2.745320198251191	4.060641927196869	21.447587827745117	4065547.0440493124	-570406.1742051536	1140820.3484103072
KY1_US-Vir17-VA2	dadi_objects_duos/probs.KY1.US-Vir17-VA2.delim	4404293	7629109.148581394	19167231.006866857	2196611.995779274	39.82821326574571	100.06365741893443	166793.68559920022	2.2562563880315984	5.668576311843979	4.87224606095007	35.304687425610005	4065547.0440493124	-821627.2317670499	1643262.4635340997
KY1_US-Vir17-VA2	dadi_objects_duos/probs.KY1.US-Vir17-VA2.delim	4404293	13506972.343882889	11683493.163184706	2658632.5894492515	3.255649445626522	2.8161276318101085	203908.6655850495	3.2675072049358223	2.826384560327745	4.823675775986451	1.992742014896623	4065547.0440493124	-519741.9699677417	1039491.9399354834
KY1_US-Vir17-VA2	dadi_objects_duos/probs.KY1.US-Vir17-VA2.delim	4404293	168932367.96355292	2950315.3185880296	9096261.325681526	56.88930792890757	0.9935419639813441	3529654.613025056	2.360885283516608	0.041231624829238554	0.9534242320140198	48.19319966632963	4065547.0440493124	-1361920.1702210556	2723848.3404421113
KY1_US-Vir17-VA2	dadi_objects_duos/probs.KY1.US-Vir17-VA2.delim	4404293	5783952.791477541	20034920.918484353	6064453.619458281	8.833674390211526	30.598791900290976	525665.5213251994	0.5427620486679133	1.8800628419095946	4.268130149879022	32.550818215428954	4065547.0440493124	-604530.5280791053	1209069.0561582106
KY1_US-Vir17-VA2	dadi_objects_duos/probs.KY1.US-Vir17-VA2.delim	4404293	2461229.0641771522	130887172.33088145	874266.5852006507	0.9330012950002857	49.61663384406071	1160130.047945794	0.10465008498745036	5.565249455061656	0.27879993739709286	17.830875055900265	4065547.0440493124	-891911.0878424887	1783830.1756849773
KY1_US-Vir17-VA2	dadi_objects_duos/probs.KY1.US-Vir17-VA2.delim	4404293	7603497.163051329	11805576.396011963	15926893.724812115	2.0824036870634743	3.2332458719691477	1251504.2558287221	0.2996920919425903	0.46531718376929804	4.708192583150677	13.896954527998584	4065547.0440493124	-281759.87719823106	563527.7543964621
KY1_US-Vir17-VA2	dadi_objects_duos/probs.KY1.US-Vir17-VA2.delim	4404293	35580531.418901876	4951702.0465602195	5156362.410425729	74.71544430398049	10.398063314847889	442123.679049954	3.9697474719616874	0.5524652358283024	4.314744918823528	37.64241671879403	4065547.0440493124	-720668.7094714467	1441345.4189428934
KY1_US-Vir17-VA2	dadi_objects_duos/probs.KY1.US-Vir17-VA2.delim	4404293	5977348.559086531	20905692.121054403	4812263.67514854	2.0170308753535995	7.05453698441292	478394.7762903098	0.6163343583319876	2.1556207090063433	3.7215036902190954	6.545248851004763	4065547.0440493124	-430791.1909355472	861590.3818710943
KY1_US-Vir17-VA2	dadi_objects_duos/probs.KY1.US-Vir17-VA2.delim	4404293	9450695.649733277	19326313.7135242	1602426.957096519	64.9905932885302	132.9032952571744	129386.67476173805	3.6030347564405236	7.3680692516710184	4.58188472022079	36.07547397224395	4065547.0440493124	-1036156.1890868986	2072320.3781737972
KY1_US-Vir17-VA2	dadi_objects_duos/probs.KY1.US-Vir17-VA2.delim	4404293	5257451.254111158	30102583.27534227	4654372.925926492	13.030418802043295	74.60825562469412	372717.7709330521	0.6958079402052455	3.9839868124871303	4.619942230671266	37.45406756410298	4065547.0440493124	-679584.8483021831	1359177.6966043662
KY1_US-Vir17-VA2	dadi_objects_duos/probs.KY1.US-Vir17-VA2.delim	4404293	8289335.0381112425	10852151.385819836	7841366.380442171	2.097919111587882	2.7465334299413104	624256.123645339	0.6550147922970134	0.8575259237655551	4.647125514819838	6.405715218219347	4065547.0440493124	-274138.83924031915	548285.6784806383
KY1_US-Vir17-VA2	dadi_objects_duos/probs.KY1.US-Vir17-VA2.delim	4404293	6121752.858523717	15537634.030489221	28987338.687949874	1.0025592114267374	2.5445976799529046	3090077.474182572	0.09772386843477876	0.24803315959890565	3.4705191422015913	20.518205582413035	4065547.0440493124	-482180.8731340702	964369.7462681404
KY1_US-Vir17-VA2	dadi_objects_duos/probs.KY1.US-Vir17-VA2.delim	4404293	4520111.528004124	2629547.0042790943	83098.53033908576	4.686568881256355	2.7263825429318107	1137690.5952823346	0.19598336421086016	0.11401211343047547	0.02702244505744577	47.82619075988548	4065547.0440493124	-161977.53038460558	323963.06076921115
KY1_US-Vir17-VA2	dadi_objects_duos/probs.KY1.US-Vir17-VA2.delim	4404293	32887523.23412565	6483813.803413069	2636837.089225825	71.57433422644499	14.11096399457587	208353.14531091438	7.786196014914993	1.5350576824587636	4.682078655651051	18.384929968199987	4065547.0440493124	-855120.2198033736	1710248.4396067471
KY1_US-Vir17-VA2	dadi_objects_duos/probs.KY1.US-Vir17-VA2.delim	4404293	9985959.699796714	13660756.1600424	2121924.4921947797	39.97487789477003	54.6854860088249	196609.58454434064	2.50541313165123	3.4273959539765015	3.9928289677134385	31.910807355291535	4065547.0440493124	-857804.6495104142	1715617.2990208284
KY1_US-Vir17-VA2	dadi_objects_duos/probs.KY1.US-Vir17-VA2.delim	4404293	16500585.562117001	40517734.78129014	817536.8263059845	94.42426918409213	231.86192279756523	207133.47954183654	3.9295541834003243	9.649150547557673	1.4602004955398316	48.05851492414585	4065547.0440493124	-1842246.3205134904	3684500.6410269807
KY1_US-Vir17-VA2	dadi_objects_duos/probs.KY1.US-Vir17-VA2.delim	4404293	9098654.240721846	20487212.720303006	1572175.2766498558	70.87829161558972	159.59488064523404	116465.09260094611	3.853679663264761	8.67723433910235	4.994139320624041	36.78473449219857	4065547.0440493124	-1074730.3407530086	2149468.681506017
KY1_US-Vir17-VA2	dadi_objects_duos/probs.KY1.US-Vir17-VA2.delim	4404293	12756700.67508441	14011084.11705576	1766992.2999906102	42.04121311422053	46.175181838113794	172688.9203998286	3.643913983539869	4.002224919991314	3.7855209153220613	23.07475604755067	4065547.0440493124	-1041944.6874803236	2083897.3749606472
KY1_US-Vir17-VA2	dadi_objects_duos/probs.KY1.US-Vir17-VA2.delim	4404293	2101588.0632359046	1917144.095307375	39038.21104296969	2.1801578972098397	1.9888183191514521	1149610.7629722443	0.09017600635963213	0.08226179104984911	0.012563034543423923	48.35339210998373	4065547.0440493124	-91657.24728524328	183322.49457048657
KY1_US-Vir17-VA2	dadi_objects_duos/probs.KY1.US-Vir17-VA2.delim	4404293	7263889.20176447	17919750.01545673	2744481.5769904265	25.505709511093578	62.92165611427974	228223.68105221918	1.5700111295462449	3.87316025637058	4.448924968685797	32.4911193699182	4065547.0440493124	-760330.1067456319	1520668.2134912638
KY1_US-Vir17-VA2	dadi_objects_duos/probs.KY1.US-Vir17-VA2.delim	4404293	8510580.703889709	26109176.24518133	1510552.0530943323	49.077745587640685	150.56311124318864	213157.32741626853	1.96948716008726	6.04208915518984	2.6217477055670146	49.83809651794455	4065547.0440493124	-1007040.7004973192	2014089.4009946384
KY1_US-Vir17-VA2	dadi_objects_duos/probs.KY1.US-Vir17-VA2.delim	4404293	9823148.784294296	12020830.083095789	3790147.5686982833	2.2191260321309967	2.7155994020849685	282465.97221729584	1.7154529481797156	2.0992421939678003	4.964156329941845	2.5872187686473516	4065547.0440493124	-347716.8241399724	695441.6482799448
KY1_US-Vir17-VA2	dadi_objects_duos/probs.KY1.US-Vir17-VA2.delim	4404293	4264.832917294354	3687.866685870032	28.55379509907151	1.191548191522494e-08	1.030350066541939e-08	1054459.920473415	0.00019951068985174001	0.00017251996522432543	1.0018189194752312e-05	0.00011944705242691053	4065547.0440493124	-125987.3337971266	251982.6675942532
KY1_US-Vir17-VA2	dadi_objects_duos/probs.KY1.US-Vir17-VA2.delim	4404293	46358346.28278571	44551972.487622224	545642.0254704645	185.44911898014968	178.22301072299877	271718.54571812536	8.41594482347389	8.088013751516947	0.7429233328522283	44.0708970579018	4065547.0440493124	-2433049.7955238414	4866107.591047683
KY1_US-Vir17-VA2	dadi_objects_duos/probs.KY1.US-Vir17-VA2.delim	4404293	9749385.111957073	8884537.947560154	9351255.169461988	2.072647059314283	1.888786958245433	696293.7162321549	0.6906833325379287	0.6294142868717519	4.968587008372546	6.001728901429554	4065547.0440493124	-277524.649349364	555057.298698728
KY1_US-Vir17-VA2	dadi_objects_duos/probs.KY1.US-Vir17-VA2.delim	4404293	2103013.370898629	1939502.5553823079	36032.48257321696	2.221330231047674	2.048620193805038	1135260.1993443356	0.0913778314658541	0.08427313876639196	0.011742328891505028	48.61858057723194	4065547.0440493124	-92191.07503439247	184390.15006878495
KY1_US-Vir17-VA2	dadi_objects_duos/probs.KY1.US-Vir17-VA2.delim	4404293	7852299.4013600815	17504431.341469802	2267627.7298599686	38.79545731748391	86.48325595649028	173497.73944003394	2.232529754382173	4.9767796419737085	4.835411132664816	34.75470572460084	4065547.0440493124	-811755.8642351573	1623519.7284703145
KY1_US-Vir17-VA2	dadi_objects_duos/probs.KY1.US-Vir17-VA2.delim	4404293	7028928.481288753	7123720.487531479	4233863.023630077	2.3119810006617505	2.34316033589488	3744968.0434830375	0.09258384949076967	0.093832433661496	0.4182579020277626	49.94350555476198	4065547.0440493124	-218874.85019652487	437757.70039304974
KY1_US-Vir17-VA2	dadi_objects_duos/probs.KY1.US-Vir17-VA2.delim	4404293	10146734.415274285	8421208.530506805	13782052.500048477	2.037936937952058	1.6913709597722697	1127189.1786650193	0.44404165040243304	0.36852914260180797	4.523478772775307	9.179035057207289	4065547.0440493124	-288241.8777501871	576491.7555003742
KY1_US-Vir17-VA2	dadi_objects_duos/probs.KY1.US-Vir17-VA2.delim	4404293	7885068.99379036	16872117.21090313	3462506.543855017	2.20072969189578	4.709022754324873	310089.6441256903	1.2543318814918678	2.6839631387588225	4.1310343645330745	3.5090070249642267	4065547.0440493124	-418458.46611276467	836924.9322255293
KY1_US-Vir17-VA2	dadi_objects_duos/probs.KY1.US-Vir17-VA2.delim	4404293	10798773.021640252	9972257.963070305	4195415.630550036	2.634346353164746	2.4327191010671028	331088.62161286105	1.6088827039613884	1.485742252760865	4.687984893907457	3.2747525306580307	4065547.0440493124	-318835.80969490303	637679.6193898061
KY1_US-Vir17-VA2	dadi_objects_duos/probs.KY1.US-Vir17-VA2.delim	4404293	14607627.37993653	14268384.486970054	1563101.5443554923	62.343311232096625	60.89546999755538	118270.34348071238	6.0925352389579706	5.951044138027843	4.889526469904196	20.46547415383007	4065547.0440493124	-1201124.3853703637	2402256.7707407274
KY1_US-Vir17-VA2	dadi_objects_duos/probs.KY1.US-Vir17-VA2.delim	4404293	15048442.551247353	9243406.896082416	2368539.5520379525	44.53876336657175	27.35764256291277	189349.19950690176	3.9203271207586194	2.4080351584234525	4.627779260154263	22.721962731494248	4065547.0440493124	-849862.2118785807	1699732.4237571615
KY1_US-Vir17-VA2	dadi_objects_duos/probs.KY1.US-Vir17-VA2.delim	4404293	16785115.226263404	12090884.506479803	1330489.5369373283	149.94808377939486	108.01266112894125	104377.04197491678	7.932563692938317	5.714093121120824	4.715871320168135	37.805705591215315	4065547.0440493124	-1245054.5345085245	2490117.069017049
