Pair_name	fs_name	L	pop1_size	pop2_size	divergence_time	mig_pop1	mig_pop2	theta	nu1	nu2	Ts	m12	fs_sanitycheck	-2LL_model	AIC
KY3_US-Vir18-VA4	dadi_objects_duos/probs.KY3.US-Vir18-VA4.delim	3936750	5522071.622575851	17994848.357370712	4028993.3782824124	1.7525220031211959	5.71096679735039	602857.3326405998	0.40387162927504267	1.3161018583925124	2.21003477030208	8.678609122740346	3694999.1509336852	-446323.55722920905	892655.1144584181
KY3_US-Vir18-VA4	dadi_objects_duos/probs.KY3.US-Vir18-VA4.delim	3936750	8944587.998199707	18865389.399869863	1648737.9417806005	72.27065783793908	152.4289439124412	115354.7251045143	3.4188560184604726	7.210846391508153	4.726431240669274	42.27768437612234	3694999.1509336852	-1294465.0773918503	2588938.1547837006
KY3_US-Vir18-VA4	dadi_objects_duos/probs.KY3.US-Vir18-VA4.delim	3936750	25392013.844269007	8117745.989434825	1945048.6537156207	50.099079175156675	16.016516119704953	198131.4702922374	5.6506647629709486	1.806499535585325	3.246340780908967	17.732101009940678	3694999.1509336852	-1191184.3624485962	2382376.7248971923
KY3_US-Vir18-VA4	dadi_objects_duos/probs.KY3.US-Vir18-VA4.delim	3936750	13425270.395860976	13562839.24017539	1338005.6359058628	116.56991401781738	117.7644067826116	125761.47466948557	4.706859980306599	4.755091209082459	3.518255878921458	49.531923407767984	3694999.1509336852	-1475543.8397111439	2951095.6794222877
KY3_US-Vir18-VA4	dadi_objects_duos/probs.KY3.US-Vir18-VA4.delim	3936750	40090063.750285745	4511207.898175025	5779687.441428354	24.65165176939643	2.7739722954261667	439904.6157340229	4.0182234776114605	0.4521579611781968	4.344731419085283	12.269925705600642	3694999.1509336852	-758900.8432499024	1517809.6864998047
KY3_US-Vir18-VA4	dadi_objects_duos/probs.KY3.US-Vir18-VA4.delim	3936750	1863956.9801211173	3810259.621114976	55423.468127961154	1.9633838774674708	4.013505884978285	999992.7536467183	0.08218544112944928	0.168001660509737	0.018327952299257405	47.779359713479394	3694999.1509336852	-126629.04631826804	253266.09263653608
KY3_US-Vir18-VA4	dadi_objects_duos/probs.KY3.US-Vir18-VA4.delim	3936750	47256861.82333624	4444788.039236425	12364042.603856457	45.61299752313349	4.290172855372041	1017769.440957693	2.0472521230438723	0.19255620027890305	4.017243776019445	44.56021513883272	3694999.1509336852	-790336.654459611	1580681.308919222
KY3_US-Vir18-VA4	dadi_objects_duos/probs.KY3.US-Vir18-VA4.delim	3936750	12092431.615635378	8690156.445801564	3729433.3988446267	12.37566181823471	8.893698202248778	257346.39634037358	2.0718170738196657	1.488899426588131	4.792276473414512	11.946674225846165	3694999.1509336852	-708487.941102034	1416983.882204068
KY3_US-Vir18-VA4	dadi_objects_duos/probs.KY3.US-Vir18-VA4.delim	3936750	4496657.778365564	21522052.432585705	8647191.027882103	0.9941775018427658	4.75836529630999	618257.0566493936	0.32068349882663244	1.534865986292704	4.625120709431982	6.200365815393806	3694999.1509336852	-635898.9815310935	1271805.963062187
KY3_US-Vir18-VA4	dadi_objects_duos/probs.KY3.US-Vir18-VA4.delim	3936750	17227736.201619174	14660089.730959887	1399368.3563255924	37.347005719549756	31.780754512587265	120007.16597988148	6.3296091304635445	5.386235122742203	3.8560439014798	11.80073048738625	3694999.1509336852	-1752168.3387237827	3504344.6774475654
KY3_US-Vir18-VA4	dadi_objects_duos/probs.KY3.US-Vir18-VA4.delim	3936750	17131208.013618838	13987194.302003251	1353336.8701959369	52.384078845266714	42.77026398592104	139155.90393706877	5.428029640732087	4.431847725017173	3.216039525138141	19.301323799772614	3694999.1509336852	-1700235.7073295612	3400479.4146591225
KY3_US-Vir18-VA4	dadi_objects_duos/probs.KY3.US-Vir18-VA4.delim	3936750	4118574.343261806	77965163.00968067	8780482.9773519	4.134684370606274	78.2701279813721	581870.4688079618	0.3120875559905669	5.907859163913284	4.990099317293736	26.49695120001034	3694999.1509336852	-823405.6530660829	1646819.3061321657
KY3_US-Vir18-VA4	dadi_objects_duos/probs.KY3.US-Vir18-VA4.delim	3936750	7652120.748777227	12775834.36842369	3733626.0330290264	21.206755869762336	35.406393780047765	277031.58208509075	1.2178909157843045	2.0333673669948906	4.456753706413028	34.82537819260354	3694999.1509336852	-907605.8475075067	1815219.6950150135
KY3_US-Vir18-VA4	dadi_objects_duos/probs.KY3.US-Vir18-VA4.delim	3936750	15740215.45751765	12896347.261307888	1415219.5019918405	99.24174708299601	81.31121436396452	96588.34186880689	7.185248969377073	5.887051935098166	4.845250047786365	27.62374623508691	3694999.1509336852	-1578018.2545015218	3156044.5090030436
KY3_US-Vir18-VA4	dadi_objects_duos/probs.KY3.US-Vir18-VA4.delim	3936750	11755172.287519721	7135368.581549684	7015375.085733619	1.8346908614335067	1.113654075783107	469940.33117117226	1.1029152427515654	0.6694675823336851	4.936569753865897	3.3269843235755796	3694999.1509336852	-538592.5846251241	1077193.1692502482
KY3_US-Vir18-VA4	dadi_objects_duos/probs.KY3.US-Vir18-VA4.delim	3936750	8830830.96249489	17774855.910681233	1981442.8788351738	38.70396957697934	77.90404836464403	160387.5506680146	2.4276539222915456	4.886425620986098	4.085338081306393	31.88590368798971	3694999.1509336852	-1201146.5354355855	2402301.070871171
KY3_US-Vir18-VA4	dadi_objects_duos/probs.KY3.US-Vir18-VA4.delim	3936750	3655381.0162144415	104687451.91902767	5368174.275241344	2.6938982008815793	77.1512838548377	1271155.627174405	0.12679139687465477	3.6312133277444074	1.3965129995478576	42.49339099157889	3694999.1509336852	-830380.9058880768	1660769.8117761535
KY3_US-Vir18-VA4	dadi_objects_duos/probs.KY3.US-Vir18-VA4.delim	3936750	1951823.141173196	2723104.681986395	45400.06234767673	2.0133906500354217	2.8090011795246874	1003015.6999399783	0.08580025738032013	0.11970504789053274	0.014968070457724738	46.932042199146835	3694999.1509336852	-109774.96720325909	219557.93440651818
KY3_US-Vir18-VA4	dadi_objects_duos/probs.KY3.US-Vir18-VA4.delim	3936750	5553901.804703809	16375797.591715902	6436308.142684315	1.2369906448714334	3.6472932247567913	434787.2376064643	0.5632189623604481	1.6606630890772165	4.895275528501476	4.392574567046576	3694999.1509336852	-464679.33471314446	929366.6694262889
KY3_US-Vir18-VA4	dadi_objects_duos/probs.KY3.US-Vir18-VA4.delim	3936750	9298964.364808558	11124077.036944637	3584622.2287733667	2.0359932063787363	2.435598673779761	310741.465676989	1.3194448198091082	1.5784129550061172	3.8147078604861036	3.0861361927561246	3694999.1509336852	-391878.43397991295	783764.8679598259
KY3_US-Vir18-VA4	dadi_objects_duos/probs.KY3.US-Vir18-VA4.delim	3936750	123177526.769112	35223970.51094013	98920.86325461854	193.93609375608295	55.45816210676002	662568.2749133694	8.197033339700866	2.344031969208354	0.04937127705935665	47.318605578139625	3694999.1509336852	-1508936.7932784783	3017881.5865569566
KY3_US-Vir18-VA4	dadi_objects_duos/probs.KY3.US-Vir18-VA4.delim	3936750	19290179.21720468	8891499.854802048	2304652.496146036	6.003855930346759	2.7673814500032594	153532.92763599975	5.539755406669337	2.5534617298997295	4.963877088919763	2.1675527129297767	3694999.1509336852	-764115.8531321905	1528239.706264381
KY3_US-Vir18-VA4	dadi_objects_duos/probs.KY3.US-Vir18-VA4.delim	3936750	25295839.285160195	25575151.109902695	665014.4989288495	167.3633516657869	169.21134582094487	160377.58751622957	6.954425769203579	7.031215209938682	1.3712117884891386	48.13146540636765	3694999.1509336852	-2684350.57350822	5368709.14701644
KY3_US-Vir18-VA4	dadi_objects_duos/probs.KY3.US-Vir18-VA4.delim	3936750	6708857.35216172	26123127.254765484	2590334.0063037984	3.559508246021867	13.860107913198458	173234.6978134132	1.7075346830758877	6.6488439798983245	4.944677651331195	4.169178267711558	3694999.1509336852	-791719.257471848	1583446.514943696
KY3_US-Vir18-VA4	dadi_objects_duos/probs.KY3.US-Vir18-VA4.delim	3936750	15129206.914361581	15235305.655348612	1468163.018436581	47.452611243905295	47.78538891943211	99180.09716818928	6.725854870398527	6.773022229391639	4.895159549796611	14.11050703836956	3694999.1509336852	-1695584.249572819	3391176.499145638
KY3_US-Vir18-VA4	dadi_objects_duos/probs.KY3.US-Vir18-VA4.delim	3936750	11065897.766723527	13589608.36518772	1854545.7068075656	54.347462945507004	66.74205316553093	143483.1647423214	3.4004904955051742	4.176013104189471	4.274188728585226	31.96448454559388	3694999.1509336852	-1251488.8147732285	2502985.629546457
KY3_US-Vir18-VA4	dadi_objects_duos/probs.KY3.US-Vir18-VA4.delim	3936750	5897961.692465033	41728928.2442031	2709296.0468423916	16.184173872202386	114.50536056679276	185882.7308604609	1.399003374631433	9.898150323352436	4.819861064545486	23.13671884668055	3694999.1509336852	-1061091.475238533	2122190.950477066
KY3_US-Vir18-VA4	dadi_objects_duos/probs.KY3.US-Vir18-VA4.delim	3936750	11258979.000856481	15482245.576764917	1380670.5461136075	118.36047027617714	162.7577302753438	94361.43244212627	5.260903588111931	7.234279529310481	4.838521059270745	44.99625142100548	3694999.1509336852	-1439402.257517945	2878812.51503589
KY3_US-Vir18-VA4	dadi_objects_duos/probs.KY3.US-Vir18-VA4.delim	3936750	13751065.759647625	18433221.312513985	1376987.6918173751	35.85075404996184	48.0577211377097	118280.35819884366	5.126011624252982	6.871387888904678	3.8497677299126454	13.987777117140817	3694999.1509336852	-1769946.7760833767	3539901.5521667534
KY3_US-Vir18-VA4	dadi_objects_duos/probs.KY3.US-Vir18-VA4.delim	3936750	56618339.58739946	4229869.279323663	6140909.421237564	39.85791428890463	2.977723621306519	625248.9846341328	3.9926385217763403	0.29828389793445165	3.247856233518123	19.965701413496202	3694999.1509336852	-809142.5921823966	1618293.1843647931
KY3_US-Vir18-VA4	dadi_objects_duos/probs.KY3.US-Vir18-VA4.delim	3936750	9340684.81503826	9491931.181637086	5345597.521058183	2.0345976531791767	2.067542293601945	354048.61419960565	1.1632462946417588	1.182081827475589	4.9928723010439064	3.498137346409111	3694999.1509336852	-358033.91566277825	716075.8313255565
KY3_US-Vir18-VA4	dadi_objects_duos/probs.KY3.US-Vir18-VA4.delim	3936750	7319369.193637237	14279374.575561795	3546816.6591324504	1.8534113208716738	3.6158245052483506	344684.3901916345	0.9362846358048043	1.826599898201949	3.4027827638557606	3.9590766525364005	3694999.1509336852	-409381.2897595861	818770.5795191722
KY3_US-Vir18-VA4	dadi_objects_duos/probs.KY3.US-Vir18-VA4.delim	3936750	7243944.99159825	23892489.300250527	2006537.8612290383	49.41889897566828	162.9968913866374	133790.622407837	2.3872908223562024	7.873930640816108	4.959510170427174	41.40165790684265	3694999.1509336852	-1168822.7705257712	2337653.5410515424
KY3_US-Vir18-VA4	dadi_objects_duos/probs.KY3.US-Vir18-VA4.delim	3936750	1357527.604322982	2511771.9444940155	29795.6391834529	1.517346103713008	2.807476887583699	983832.902671492	0.060839156686298926	0.11256794072156763	0.010014942593658076	49.88057646942094	3694999.1509336852	-112685.08490164237	225378.16980328475
KY3_US-Vir18-VA4	dadi_objects_duos/probs.KY3.US-Vir18-VA4.delim	3936750	10348124.982049718	11531607.16632738	3096046.2549354234	1.921611414311865	2.1413800079351155	213766.93705637168	2.1344057867013517	2.378510996771964	4.789431943091986	1.8006055139886472	3694999.1509336852	-471563.4418645292	943134.8837290584
KY3_US-Vir18-VA4	dadi_objects_duos/probs.KY3.US-Vir18-VA4.delim	3936750	991470.7232397285	189534979.96109068	10537.453088077042	0.00888022214231805	1.6975919574251757	843247.5291090385	0.05184187208587011	9.910376531173698	0.004132355512252462	0.3425887910686937	3694999.1509336852	-330090.2047320628	660188.4094641256
KY3_US-Vir18-VA4	dadi_objects_duos/probs.KY3.US-Vir18-VA4.delim	3936750	9865288.836131124	11359910.361361235	3417609.920027455	3.5720554272858553	4.113232783531436	229193.3202636462	1.8978579687523	2.185389273617684	4.931029900069146	3.764302161804252	3694999.1509336852	-448330.069856324	896668.139712648
KY3_US-Vir18-VA4	dadi_objects_duos/probs.KY3.US-Vir18-VA4.delim	3936750	12738551.694618149	14174908.93723076	1305387.350784256	142.34299962531463	158.39312866262148	89368.93252018726	6.28476932709869	6.993419270792182	4.830253569242906	45.297764235056206	3694999.1509336852	-1503536.7299962936	3007081.459992587
KY3_US-Vir18-VA4	dadi_objects_duos/probs.KY3.US-Vir18-VA4.delim	3936750	1751716.426401539	2940799.7733314596	44304.43652151456	1.8943570346105638	3.1802663113890337	1001816.726978658	0.07709591775260054	0.12942942934968948	0.014624332048867032	49.14286228979134	3694999.1509336852	-110040.08383234128	220088.16766468255
KY3_US-Vir18-VA4	dadi_objects_duos/probs.KY3.US-Vir18-VA4.delim	3936750	1616837.9116384469	1703277.125022462	23952.910179959785	1.7407860181117825	1.8338517317447534	975640.2997946317	0.07306890713698867	0.076975309139494	0.00811868432894982	47.64779127866736	3694999.1509336852	-125917.14913829554	251842.2982765911
KY3_US-Vir18-VA4	dadi_objects_duos/probs.KY3.US-Vir18-VA4.delim	3936750	6501256.086043188	12877144.475733874	7580491.694847229	1.2760640407652337	2.5275209583727687	514236.9968405656	0.5574293265644892	1.1041094025801894	4.874736643137036	4.578388613422209	3694999.1509336852	-404875.9287218795	809759.857443759
KY3_US-Vir18-VA4	dadi_objects_duos/probs.KY3.US-Vir18-VA4.delim	3936750	5465903.432378123	30103629.306464422	3828467.6916739843	10.448664232856242	57.54633588116018	301924.00024160044	0.7982155363144168	4.3961963304234954	4.193189117931323	26.1800572840279	3694999.1509336852	-893334.1681381217	1786676.3362762434
KY3_US-Vir18-VA4	dadi_objects_duos/probs.KY3.US-Vir18-VA4.delim	3936750	8036639.405181876	10101242.83699757	11207087.561485529	2.307625658645641	2.9004520396717433	750623.8072109761	0.47207174431908383	0.5933464331841797	4.937277426509093	9.776588776666392	3694999.1509336852	-312785.5029384341	625579.0058768681
KY3_US-Vir18-VA4	dadi_objects_duos/probs.KY3.US-Vir18-VA4.delim	3936750	1810118.3352161357	3026598.906008479	43654.947898160324	2.000874995966709	3.3455525840687472	993262.9630317817	0.08035235034376494	0.13435272761689945	0.014534039394491017	49.80252568609451	3694999.1509336852	-112687.07482982575	225382.1496596515
KY3_US-Vir18-VA4	dadi_objects_duos/probs.KY3.US-Vir18-VA4.delim	3936750	4617.726109009095	7303.903164136349	38.756492352492515	2.1342314191018362e-09	3.3757349931527542e-09	914159.124849681	0.00022272154483111972	0.00035228087539441094	1.4019733761190369e-05	1.9165019897110835e-05	3694999.1509336852	-150919.624812024	301847.249624048
KY3_US-Vir18-VA4	dadi_objects_duos/probs.KY3.US-Vir18-VA4.delim	3936750	1692288.0367592946	2936837.780834255	42611.40357105118	1.8338893845719948	3.1825762006778153	999516.4657712308	0.0746517838943277	0.1295525197751662	0.014097853302772433	49.13183018286427	3694999.1509336852	-110340.26979745783	220688.53959491567
KY3_US-Vir18-VA4	dadi_objects_duos/probs.KY3.US-Vir18-VA4.delim	3936750	16622598.401186367	15967424.181234749	1343675.507605079	45.331622525294506	43.544891611731	99825.68011412217	7.341968107082941	7.052586861661983	4.45111918955753	12.348629649197795	3694999.1509336852	-1884062.349052458	3768132.698104916
KY3_US-Vir18-VA4	dadi_objects_duos/probs.KY3.US-Vir18-VA4.delim	3936750	49544340.666518494	4762775.482452446	4917480.867790728	137.6033019191484	13.228022088260744	340098.8369946069	6.423101208565754	0.6174628332099539	4.781395104992828	42.846375123481685	3694999.1509336852	-935788.5231314698	1871585.0462629397
KY3_US-Vir18-VA4	dadi_objects_duos/probs.KY3.US-Vir18-VA4.delim	3936750	2170633.448036351	2165774.0456139003	42927.34812682919	2.317252091085135	2.312064453146986	1009551.7692470942	0.09480118271578673	0.0945889510755911	0.014061205866468604	48.88656501327077	3694999.1509336852	-124747.7622201572	249503.5244403144
KY3_US-Vir18-VA4	dadi_objects_duos/probs.KY3.US-Vir18-VA4.delim	3936750	1839286.165085804	2685303.85733659	45004.39032276232	1.967947078826597	2.873145017953641	1009494.4832872968	0.08033433685780472	0.11728577571874273	0.01474239465884189	48.99392105047058	3694999.1509336852	-107950.37244505348	215908.74489010696
KY3_US-Vir18-VA4	dadi_objects_duos/probs.KY3.US-Vir18-VA4.delim	3936750	8650259.119883655	15808786.896167068	2596775.1107417936	1.9701591060876413	3.6005656048025343	209782.85118354732	1.8180883845293763	3.322648654923545	4.09337428328952	2.1672863903122397	3694999.1509336852	-543672.6061523918	1087353.2123047835
KY3_US-Vir18-VA4	dadi_objects_duos/probs.KY3.US-Vir18-VA4.delim	3936750	8955816.763196463	8848087.65548775	10674680.36542311	2.4461695722283556	2.4167447110137643	1802083.2633915956	0.21912211184569771	0.21648630204603847	1.9588317150552823	22.326998874042516	3694999.1509336852	-316803.0406302855	633614.081260571
KY3_US-Vir18-VA4	dadi_objects_duos/probs.KY3.US-Vir18-VA4.delim	3936750	2398971.1335830335	323923354.4190433	52923783.11419998	0.6919761129507184	93.4347314759339	3770919.926312442	0.028050045532768932	3.78748402320737	4.641097274303422	49.33868019161184	3694999.1509336852	-1903240.831227691	3806489.662455382
KY3_US-Vir18-VA4	dadi_objects_duos/probs.KY3.US-Vir18-VA4.delim	3936750	3396.511057875715	5433.965459280993	28.5421105010945	3.807719587734635e-15	6.0918443561077295e-15	913748.6047181508	0.00016389366417213425	0.0002622080408192108	1.032943237846208e-05	4.646573260739918e-11	3694999.1509336852	-150908.60948604564	301825.2189720913
KY3_US-Vir18-VA4	dadi_objects_duos/probs.KY3.US-Vir18-VA4.delim	3936750	5083464.042331706	27933573.939883884	1580019.0025949343	1.3997384633642782	7.691546067266189	525442.5494349236	0.42657006633725664	2.34399739810246	0.9943841022171275	6.562759901945914	3694999.1509336852	-716717.1895834208	1433442.3791668415
KY3_US-Vir18-VA4	dadi_objects_duos/probs.KY3.US-Vir18-VA4.delim	3936750	35865887.105739616	48059926.51963248	454994.98558488	136.4326209438053	182.81833426032412	236085.51429801655	6.698353995218903	8.975726708323629	0.6373153377175472	40.73616325478978	3694999.1509336852	-3115346.359308209	6230700.718616418
KY3_US-Vir18-VA4	dadi_objects_duos/probs.KY3.US-Vir18-VA4.delim	3936750	7577400.709786796	17088150.976795692	3019084.3809383255	13.642402916525306	30.765621306362412	203429.22456818153	1.6423388618072339	3.703715231711753	4.907711312767361	16.613383795245728	3694999.1509336852	-924156.8501331203	1848321.7002662406
KY3_US-Vir18-VA4	dadi_objects_duos/probs.KY3.US-Vir18-VA4.delim	3936750	47816229.221950196	6887007.515815454	1544612.3699303092	192.81123184812412	27.770746971868988	272283.1578292944	7.743020424657761	1.1152330647446993	1.875926551271361	49.802588983005634	3694999.1509336852	-1267187.8164867435	2534383.632973487
KY3_US-Vir18-VA4	dadi_objects_duos/probs.KY3.US-Vir18-VA4.delim	3936750	9985321.058452288	9452639.550017532	3464554.3810854265	2.8386751869492834	2.6872419208891505	511166.292963508	0.8613024529226646	0.8153550179673269	2.241311786604119	6.591587374021248	3694999.1509336852	-360024.1345837756	720056.2691675512
KY3_US-Vir18-VA4	dadi_objects_duos/probs.KY3.US-Vir18-VA4.delim	3936750	1643560.3823011427	2504846.921369066	37832.23525134463	1.8026088300345835	2.747242648927217	1001603.8720269974	0.07235116494269679	0.1102658561959507	0.012490594438010321	49.82943485325431	3694999.1509336852	-106377.66209981941	212763.32419963882
KY3_US-Vir18-VA4	dadi_objects_duos/probs.KY3.US-Vir18-VA4.delim	3936750	22522362.737585798	8153186.209220635	1830903.4748263732	117.33018704397813	42.474001243920156	156819.87695183553	6.332405229380042	2.2923562500491097	3.8608367693915913	37.057068457845695	3694999.1509336852	-1244760.6901285606	2489529.3802571213
KY3_US-Vir18-VA4	dadi_objects_duos/probs.KY3.US-Vir18-VA4.delim	3936750	1656527.9791126747	2685807.040106892	36319.601954451	1.8342654966852496	2.9739812707910294	987568.0946377126	0.07395841303544604	0.1199122676528141	0.012161611615649203	49.60261913154198	3694999.1509336852	-108731.93098202207	217471.86196404413
KY3_US-Vir18-VA4	dadi_objects_duos/probs.KY3.US-Vir18-VA4.delim	3936750	1706767.8668901173	2913656.8961185804	42024.43810270298	1.7668136620779669	3.0161622506110937	997281.0755973622	0.07545929419616806	0.12881804091584806	0.01393482239668257	46.82825835833721	3694999.1509336852	-110445.21702035001	220898.43404070003
KY3_US-Vir18-VA4	dadi_objects_duos/probs.KY3.US-Vir18-VA4.delim	3936750	5778411.88673343	7616819.463953171	3513091.4701541997	2.129730731471345	2.8073067144440667	2965928.7719314783	0.08590207153868287	0.1132319023487987	0.39169302779569254	49.58508434833958	3694999.1509336852	-257464.06288875593	514936.12577751186
KY3_US-Vir18-VA4	dadi_objects_duos/probs.KY3.US-Vir18-VA4.delim	3936750	16310059.35985749	15406920.060324615	1487590.940692885	27.315437240365277	25.80289554377189	98892.58037321345	7.271896542259519	6.869228752734736	4.974356609485395	7.512603371520972	3694999.1509336852	-1729558.656420434	3459125.312840868
KY3_US-Vir18-VA4	dadi_objects_duos/probs.KY3.US-Vir18-VA4.delim	3936750	11150881.189585153	7381582.162724678	15537697.087674715	2.6826892659462405	1.7758678347444972	1129290.5563702683	0.43537085321867214	0.2882037454843275	4.549860220598099	12.323697124477995	3694999.1509336852	-379154.15592986415	758316.3118597283
KY3_US-Vir18-VA4	dadi_objects_duos/probs.KY3.US-Vir18-VA4.delim	3936750	3419477.851145161	131466014.70781244	1674467.9042388294	3.375016126621229	129.7566292446955	959760.752628054	0.15709149307127535	6.039574881780332	0.5769403871189338	42.968795580673756	3694999.1509336852	-781039.3049920155	1562086.609984031
KY3_US-Vir18-VA4	dadi_objects_duos/probs.KY3.US-Vir18-VA4.delim	3936750	11105779.648568857	13130820.569742411	1786495.5833035975	73.56349423494622	86.97714828214117	123996.61514005168	3.9490722662047215	4.669150747211382	4.76441098613951	37.256089165288856	3694999.1509336852	-1255878.825050504	2511765.650101008
KY3_US-Vir18-VA4	dadi_objects_duos/probs.KY3.US-Vir18-VA4.delim	3936750	20501764.098493915	12832059.416269038	1079242.9742446213	163.1404904714279	102.10967489780168	134942.37845480326	6.698826508589511	4.192797232693424	2.6447703654414676	48.707184836700115	3694999.1509336852	-1790872.5258388077	3581753.0516776154
KY3_US-Vir18-VA4	dadi_objects_duos/probs.KY3.US-Vir18-VA4.delim	3936750	16842248.820594564	8720428.186041558	1871391.791223268	74.31589408060385	38.47861555274771	245396.91920649426	3.026124779803164	1.5668396842591432	2.5218120436192755	49.11621264040393	3694999.1509336852	-1155677.0634875607	2311362.1269751214
KY3_US-Vir18-VA4	dadi_objects_duos/probs.KY3.US-Vir18-VA4.delim	3936750	10799806.156810196	10204322.828552779	3518472.6081737834	3.898532811022502	3.6835742034400396	233345.16143776392	2.0406711251675804	1.9281519173364916	4.9862319237068595	3.8208340020515097	3694999.1509336852	-444839.2705572678	889686.5411145356
KY3_US-Vir18-VA4	dadi_objects_duos/probs.KY3.US-Vir18-VA4.delim	3936750	4465512.377777183	24732637.63859948	4463004.658574006	1.109500333866843	6.14506632071931	482187.29390174383	0.4083300992085482	2.2615725870376964	3.0607557818346884	5.434330391109293	3694999.1509336852	-667351.2760508014	1334710.5521016028
KY3_US-Vir18-VA4	dadi_objects_duos/probs.KY3.US-Vir18-VA4.delim	3936750	11003108.188274467	12078078.390992291	2628758.001191722	11.20851881445844	12.30355701057332	193224.1106048783	2.5107873105245595	2.7560835939013013	4.498900530342703	8.92829015621935	3694999.1509336852	-852293.3240963722	1704594.6481927445
KY3_US-Vir18-VA4	dadi_objects_duos/probs.KY3.US-Vir18-VA4.delim	3936750	14166749.36539307	19057893.641603522	1477265.4198405044	9.336205516854648	12.559579277305236	106628.52578534895	5.858044474670882	7.880564952944181	4.581442366075528	3.187481951433691	3694999.1509336852	-1594000.965403061	3188009.930806122
KY3_US-Vir18-VA4	dadi_objects_duos/probs.KY3.US-Vir18-VA4.delim	3936750	12282246.30834037	20067790.32596831	1420209.8676815117	29.780753358036733	48.65835606412071	134797.4603105196	4.017463608597069	6.564077556789198	3.4840783791465775	14.825649344680144	3694999.1509336852	-1668100.5232169013	3336209.0464338027
KY3_US-Vir18-VA4	dadi_objects_duos/probs.KY3.US-Vir18-VA4.delim	3936750	12736675.106619474	15360848.086970482	1207539.9125832666	151.95012028580217	183.25683076378664	92337.3643970551	6.081832504079285	7.334889553476015	4.32455196998531	49.96853174890437	3694999.1509336852	-1586327.047379647	3172662.094759294
KY3_US-Vir18-VA4	dadi_objects_duos/probs.KY3.US-Vir18-VA4.delim	3936750	25703578.303407047	19685717.02544205	735105.8418347664	154.49504941470698	118.323829807248	171959.5181543369	6.59057378903175	5.0475528782300785	1.4136462812493982	46.88364150381648	3694999.1509336852	-2435684.7482042196	4871377.496408439
KY3_US-Vir18-VA4	dadi_objects_duos/probs.KY3.US-Vir18-VA4.delim	3936750	18645819.587573923	13690238.116240416	1376530.8704945815	50.29361604152698	36.9268605277147	115026.94437512959	7.147229924202254	5.247679195558443	3.957340983749719	14.073596785020333	3694999.1509336852	-1777678.9954546199	3555365.9909092397
KY3_US-Vir18-VA4	dadi_objects_duos/probs.KY3.US-Vir18-VA4.delim	3936750	2027970.0324936984	2988158.1477671	53240.08346176097	2.1813776694793123	3.214200087757988	1013202.1620514923	0.08825133505800285	0.13003591851928165	0.017376396595701768	49.435573253268295	3694999.1509336852	-113687.66334373766	227383.32668747532
KY3_US-Vir18-VA4	dadi_objects_duos/probs.KY3.US-Vir18-VA4.delim	3936750	23304808.57208441	20323413.38727558	734400.227951482	116.70206357019408	101.77231337253733	199480.6721092508	5.151107055996654	4.49212349362665	1.2174442439453743	45.31144948126657	3694999.1509336852	-2337306.5675680283	4674621.135136057
KY3_US-Vir18-VA4	dadi_objects_duos/probs.KY3.US-Vir18-VA4.delim	3936750	11774532.560498329	11318691.196578588	2663197.8509855606	2.0843773555477916	2.003682397018065	209025.6823658893	2.483704270060495	2.3875496977901762	4.2132854381645926	1.6784424624732177	3694999.1509336852	-540216.0855182082	1080440.1710364164
KY3_US-Vir18-VA4	dadi_objects_duos/probs.KY3.US-Vir18-VA4.delim	3936750	7926.524833737482	12539.580476982524	66.44961980296087	0.0015375862778005162	0.0024324262240016767	914002.4062784931	0.0003823766326636237	0.0006049110623352769	2.4041538812300562e-05	8.042260674193075	3694999.1509336852	-150935.21982563322	301878.43965126644
KY3_US-Vir18-VA4	dadi_objects_duos/probs.KY3.US-Vir18-VA4.delim	3936750	20920887.385998927	11735460.926432667	1527724.8942581571	46.96096792618961	26.342506127827026	111064.89232522684	8.30537336287492	4.658855180525578	4.548680742139985	11.308574792339975	3694999.1509336852	-1632911.626108405	3265831.25221681
KY3_US-Vir18-VA4	dadi_objects_duos/probs.KY3.US-Vir18-VA4.delim	3936750	27409045.51340814	4880765.513739496	6033999.059581628	14.785822990801353	2.632931340511551	531092.2900398474	2.2755153743021066	0.4052040761304405	3.7570964306371533	12.99558171109797	3694999.1509336852	-664032.212627462	1328072.425254924
KY3_US-Vir18-VA4	dadi_objects_duos/probs.KY3.US-Vir18-VA4.delim	3936750	7802797.128285793	16317377.63558333	2202332.5328395595	56.69475395851023	118.56129219916461	146535.58007681608	2.347810747950608	4.909792470742838	4.970005929557885	48.29584668014557	3694999.1509336852	-1099883.8656336141	2199775.7312672283
KY3_US-Vir18-VA4	dadi_objects_duos/probs.KY3.US-Vir18-VA4.delim	3936750	12221227.432987276	6800743.61656827	20057003.105712444	2.4794770622384372	1.3797540301010334	1341924.0846482576	0.4015528729596838	0.2234520347869597	4.942596925017377	12.349442522790161	3694999.1509336852	-455355.78750095173	910719.5750019035
KY3_US-Vir18-VA4	dadi_objects_duos/probs.KY3.US-Vir18-VA4.delim	3936750	8600960.323082265	22553308.618639424	1914058.0090593782	28.479034090698004	74.6772942649839	138832.54253153442	2.731564914581001	7.162668378443991	4.559118904347271	20.851808381838477	3694999.1509336852	-1278125.5403566605	2556259.080713321
KY3_US-Vir18-VA4	dadi_objects_duos/probs.KY3.US-Vir18-VA4.delim	3936750	7547307.267778817	23828373.06460994	1973318.5614143272	44.42886904250778	140.27091104442897	134196.4796030038	2.479743538075255	7.829051081844018	4.862651870014294	35.833438708740736	3694999.1509336852	-1200438.189280082	2400884.378560164
KY3_US-Vir18-VA4	dadi_objects_duos/probs.KY3.US-Vir18-VA4.delim	3936750	7565594.172271649	11073410.904460672	6698967.773045013	1.5198520925175736	2.22453733986079	457538.7170441997	0.7290730589121003	1.067110576760113	4.84169177968793	4.1692724040179145	3694999.1509336852	-365069.3192075547	730146.6384151094
KY3_US-Vir18-VA4	dadi_objects_duos/probs.KY3.US-Vir18-VA4.delim	3936750	14036410.554458432	12939579.100385554	2051916.9587571719	2.8954517337774694	2.6691957032178455	137660.665131773	4.495749014509998	4.1444427521575165	4.929093062015209	1.2880842433296074	3694999.1509336852	-773291.608991852	1546591.217983704
KY3_US-Vir18-VA4	dadi_objects_duos/probs.KY3.US-Vir18-VA4.delim	3936750	10533638.537898252	20610845.292190764	1730549.0129363958	20.807061646653263	40.712535088546325	118674.03458593087	3.913619171861	7.65765779730973	4.822200870005985	10.633156029210225	3694999.1509336852	-1431855.9424794926	2863719.8849589853
KY3_US-Vir18-VA4	dadi_objects_duos/probs.KY3.US-Vir18-VA4.delim	3936750	5536480.850684786	16084161.408172732	7748169.608382378	1.276117489428933	3.707279087442058	522140.2150757648	0.4675225007149306	1.3582106696027698	4.907147086543434	5.459063413964065	3694999.1509336852	-447237.402421467	894482.804842934
KY3_US-Vir18-VA4	dadi_objects_duos/probs.KY3.US-Vir18-VA4.delim	3936750	13754663.169913108	11004789.854701879	1736277.906510324	88.76173563900042	71.01622451812993	129025.07047373707	4.700366404728964	3.760655123659391	4.450022784361315	37.76800700034731	3694999.1509336852	-1278492.9923605116	2556993.984721023
KY3_US-Vir18-VA4	dadi_objects_duos/probs.KY3.US-Vir18-VA4.delim	3936750	9119488.107802294	12877805.983788576	3171367.103725332	1.9939137572679926	2.81564427860108	219637.16693416293	1.830713933650876	2.5851866432288	4.774828575837023	2.178290906752053	3694999.1509336852	-444875.3544285948	889758.7088571896
KY3_US-Vir18-VA4	dadi_objects_duos/probs.KY3.US-Vir18-VA4.delim	3936750	1840589.4204566078	2565855.9189522443	42389.344061280346	1.92245125197327	2.6799746151692374	1005147.6307460543	0.08073891835249011	0.11255330995716906	0.013945816405405103	47.621426969834516	3694999.1509336852	-108219.65304482303	216447.30608964607
KY3_US-Vir18-VA4	dadi_objects_duos/probs.KY3.US-Vir18-VA4.delim	3936750	16145253.398611821	8540423.31425858	2768607.0902215056	3.8371717234337415	2.029765036109311	191596.46236064535	3.715465546593796	1.965385602444769	4.778492858305605	2.0655132851125595	3694999.1509336852	-590979.9888676296	1181967.977735259
KY3_US-Vir18-VA4	dadi_objects_duos/probs.KY3.US-Vir18-VA4.delim	3936750	11475570.001689637	12363284.119357081	1745637.4714900951	63.797795359887665	68.7329927931038	198029.40286323646	2.55505614303113	2.7527072757650775	2.915019594692885	49.938468502067956	3694999.1509336852	-1218537.5401189483	2437083.0802378966
KY3_US-Vir18-VA4	dadi_objects_duos/probs.KY3.US-Vir18-VA4.delim	3936750	1396243.9854609559	2054709.6085216412	24318.582631906684	1.4327585767851183	2.1084444015995345	972303.555510389	0.06331626677744108	0.09317608031119123	0.008270913633020714	45.25720323408566	3694999.1509336852	-116343.05658903332	232694.11317806665
KY3_US-Vir18-VA4	dadi_objects_duos/probs.KY3.US-Vir18-VA4.delim	3936750	15261436.400786446	11162728.577835528	2051777.6405911346	23.90029317967427	17.481479376453013	143113.51398803527	4.701870078217576	3.439106130841291	4.74096498508224	10.166292467500332	3694999.1509336852	-1172345.6053324789	2344699.2106649578
KY3_US-Vir18-VA4	dadi_objects_duos/probs.KY3.US-Vir18-VA4.delim	3936750	13277064.662145004	1462182.503356515	16339.452054441386	6.955820805170289	0.7660337383760303	870388.5724718889	0.6725812387390226	0.07407032686780399	0.006207852770883389	20.683957281387418	3694999.1509336852	-406457.10511331237	812922.2102266247
