Pair_name	fs_name	L	pop1_size	pop2_size	divergence_time	mig_pop1	mig_pop2	theta	nu1	nu2	Ts	m12	fs_sanitycheck	-2LL_model	AIC
KY8_US-Vir17-VA1	dadi_objects_duos/probs.KY8.US-Vir17-VA1.delim	327710	25143661.764798384	7878794.056551132	1639837.3590173859	217.44181430209605	68.13563156371812	9570.816905306283	9.642446424253057	3.0214711877956604	4.716509642506243	45.10096395354148	307535.6858107917	-171497.07853201785	343002.1570640357
KY8_US-Vir17-VA1	dadi_objects_duos/probs.KY8.US-Vir17-VA1.delim	327710	12380750.458173327	15246076.811250275	1444938.6533882695	96.82352411646704	119.23177765375922	7993.765760361338	5.684643954791503	7.0002637297438906	4.975846212683075	34.064938767134535	307535.6858107917	-192284.3384379902	384576.6768759804
KY8_US-Vir17-VA1	dadi_objects_duos/probs.KY8.US-Vir17-VA1.delim	327710	12656265.42694467	14610029.836513313	1493347.8033396043	91.27510924660106	105.36536841150776	8253.44050581371	5.628313318499822	6.497163479004141	4.980751801718306	32.434267277405105	307535.6858107917	-189783.05962587788	379574.11925175576
KY8_US-Vir17-VA1	dadi_objects_duos/probs.KY8.US-Vir17-VA1.delim	327710	17279464.036963373	15365497.198340619	1173879.9452976768	138.22738026417443	122.91656845604264	7352.603460130775	8.625749468320784	7.670314831846079	4.3949252937261285	32.049940882663684	307535.6858107917	-228300.8557685688	456609.7115371376
KY8_US-Vir17-VA1	dadi_objects_duos/probs.KY8.US-Vir17-VA1.delim	327710	11687147.7133484	8815167.394966904	2891867.4027333213	37.11217105152801	27.992287616610856	27975.15324364439	1.533358749115312	1.1565537102393593	2.8456066037082177	48.40637727203797	307535.6858107917	-135556.99956609684	271121.9991321937
KY8_US-Vir17-VA1	dadi_objects_duos/probs.KY8.US-Vir17-VA1.delim	327710	40133535.75306534	47732743.37580817	484036.59962789196	151.82225138830705	180.56950199564685	22601.08959282613	6.517570872560546	7.751660352273178	0.5895461163691347	46.588600064938284	307535.6858107917	-309307.9789298046	618623.9578596092
KY8_US-Vir17-VA1	dadi_objects_duos/probs.KY8.US-Vir17-VA1.delim	327710	429584.3363163342	824727.8064832279	7630.6991593669845	0.20095450167350365	0.3857979711021812	82676.62467069452	0.01907099780920561	0.03661302533863953	0.0025406834125275613	21.074356327229243	307535.6858107917	-10876.215822513797	21760.431645027595
KY8_US-Vir17-VA1	dadi_objects_duos/probs.KY8.US-Vir17-VA1.delim	327710	51089189.50851959	3899099.6146852304	6889706.558015171	14.531716036034904	1.1090527945715445	57394.27778262469	3.267142930191928	0.2493466007737036	3.3044644811129453	8.895672057531465	307535.6858107917	-98279.04283858534	196566.0856771707
KY8_US-Vir17-VA1	dadi_objects_duos/probs.KY8.US-Vir17-VA1.delim	327710	1893987.827746311	3775191.1225076863	350168.2361092409	0.9650197954779104	1.923525648666612	138295.54338777458	0.05026627641971328	0.10019325241758467	0.06970076131851023	38.396311173725685	307535.6858107917	-12715.668360038568	25439.336720077135
KY8_US-Vir17-VA1	dadi_objects_duos/probs.KY8.US-Vir17-VA1.delim	327710	11678307.36503734	8857339.380433341	3840050.114111643	18.716593416359203	14.195483536474612	23928.406209502147	1.791322765862196	1.3586175788315769	4.417657862890651	20.89695254595904	307535.6858107917	-120037.26454220043	240082.52908440086
KY8_US-Vir17-VA1	dadi_objects_duos/probs.KY8.US-Vir17-VA1.delim	327710	14597373.266181562	11669288.465008436	2407004.955196574	2.453003603988616	1.9609559979510112	15247.601044389776	3.513831323779908	2.8089924527425723	4.345546711185022	1.3961988370858192	307535.6858107917	-76351.06140295936	152710.1228059187
KY8_US-Vir17-VA1	dadi_objects_duos/probs.KY8.US-Vir17-VA1.delim	327710	11795348.793986415	7245108.88301095	17144954.733343426	1.446740329214593	0.8886376650385049	94919.20447261567	0.4561045604759124	0.2801551069325372	4.972230021733158	6.343897669889656	307535.6858107917	-45234.9831999693	90477.9663999386
KY8_US-Vir17-VA1	dadi_objects_duos/probs.KY8.US-Vir17-VA1.delim	327710	1059053.8202396112	2025471.866056827	47673.6129460244	1.0074575603848477	1.9267924876037694	95014.10653200974	0.040910770506635816	0.07824306290793638	0.01381207524819779	49.2514586212174	307535.6858107917	-4934.622154657352	9877.244309314705
KY8_US-Vir17-VA1	dadi_objects_duos/probs.KY8.US-Vir17-VA1.delim	327710	12256471.101446629	25945933.86460121	1069340.55397945	85.30805891993607	180.59009290144843	13042.857262473242	3.449057389408744	7.301368736573043	2.2568996764397613	49.467462722944155	307535.6858107917	-224486.5529748748	448981.1059497496
KY8_US-Vir17-VA1	dadi_objects_duos/probs.KY8.US-Vir17-VA1.delim	327710	13432151.868208526	13776001.03579117	1845731.6046344293	39.23431411218398	40.23867189346253	10490.45857784047	4.699577726556523	4.819882046007455	4.84331854814173	16.696952958338137	307535.6858107917	-180100.9655613799	360209.9311227598
KY8_US-Vir17-VA1	dadi_objects_duos/probs.KY8.US-Vir17-VA1.delim	327710	4586987.21054627	22687954.46748488	6840562.290567676	0.9945617387607442	4.9192575449581675	53607.308613979956	0.3140589989964986	1.553384812792594	3.5126651866269807	6.3335980942347225	307535.6858107917	-54147.994436834444	108303.98887366889
KY8_US-Vir17-VA1	dadi_objects_duos/probs.KY8.US-Vir17-VA1.delim	327710	13902108.179325104	8345123.838339551	2636505.9699296593	61.03823488548882	36.63988385233452	16348.185342072271	3.1211800877304174	1.8735744261151555	4.439439732950543	39.11228007985473	307535.6858107917	-144484.671777845	288977.34355569
KY8_US-Vir17-VA1	dadi_objects_duos/probs.KY8.US-Vir17-VA1.delim	327710	39520978.98801753	9186450.566605404	1150207.3294537377	157.1519414971607	36.52916954429294	22670.776845462286	6.398364963821788	1.4872673944911627	1.3966213828167415	49.12253126720447	307535.6858107917	-196087.54484739804	392183.0896947961
KY8_US-Vir17-VA1	dadi_objects_duos/probs.KY8.US-Vir17-VA1.delim	327710	3895022.11290161	5656374.553721651	2302349.821650355	1.0256865765744538	1.4895082193789249	339958.2862575569	0.042052518735494905	0.06106892079186636	0.1864295016110485	48.781219647074856	307535.6858107917	-15020.41157596251	30048.82315192502
KY8_US-Vir17-VA1	dadi_objects_duos/probs.KY8.US-Vir17-VA1.delim	327710	17643841.59819251	15828014.30940695	1109620.8345438235	161.01164059983358	144.44102420735464	7097.6944185369985	9.123964132419982	8.18496550440883	4.303544156928633	35.29422918876116	307535.6858107917	-236169.20630766623	472346.41261533246
KY8_US-Vir17-VA1	dadi_objects_duos/probs.KY8.US-Vir17-VA1.delim	327710	10509212.39622925	8475763.25947017	5915867.142103267	0.9307099135009727	0.7506249367370882	35410.571102282294	1.0892936074233135	0.878523945323147	4.59890500954555	1.708832048877134	307535.6858107917	-51000.68223564579	102009.36447129158
KY8_US-Vir17-VA1	dadi_objects_duos/probs.KY8.US-Vir17-VA1.delim	327710	2655.514433262928	5197.690493012529	41.81941562557924	2.2348826592497334e-09	4.374379670272631e-09	82093.2697646083	0.00011872681815577284	0.00023238633022062998	1.4022949312321437e-05	3.764747837034605e-05	307535.6858107917	-11466.155344709532	22940.310689419064
KY8_US-Vir17-VA1	dadi_objects_duos/probs.KY8.US-Vir17-VA1.delim	327710	12547867.186910704	10920039.718785789	1873512.6723552668	63.469239182375276	55.23541192049323	18102.6956835328	2.5441011786496697	2.2140564213529905	2.848933700425551	49.89521620839214	307535.6858107917	-159694.73201554047	319397.46403108095
KY8_US-Vir17-VA1	dadi_objects_duos/probs.KY8.US-Vir17-VA1.delim	327710	1075115.5541185155	1981798.963866821	51465.26952007487	1.0007368179553422	1.844693978549446	96753.04748409796	0.04078478794105749	0.07518005871414056	0.014642612071196767	49.0740233540807	307535.6858107917	-4921.185563765344	9850.371127530689
KY8_US-Vir17-VA1	dadi_objects_duos/probs.KY8.US-Vir17-VA1.delim	327710	39394251.52096054	5730882.440113513	2507192.372165968	227.48309203711955	33.09312418043035	15771.685704863596	9.16774354778528	1.3336783536936092	4.376011979467316	49.62684456680168	307535.6858107917	-146151.04272085507	292310.08544171014
KY8_US-Vir17-VA1	dadi_objects_duos/probs.KY8.US-Vir17-VA1.delim	327710	1061283.4688498212	1873165.4377290136	46889.391966133	1.0133907837324894	1.788634843297867	95741.41212221868	0.040685465318678976	0.07180985070413475	0.013481671188191557	49.81586302601459	307535.6858107917	-4911.335615200285	9830.67123040057
KY8_US-Vir17-VA1	dadi_objects_duos/probs.KY8.US-Vir17-VA1.delim	327710	10463358.902777541	9056344.921885317	5262357.297804687	1.3567816918488091	1.1743344655625039	30642.229426278096	1.2533099253735356	1.084776607939165	4.727471620524379	2.1651176048006398	307535.6858107917	-39406.239985029635	78820.47997005927
KY8_US-Vir17-VA1	dadi_objects_duos/probs.KY8.US-Vir17-VA1.delim	327710	1004903.6482168686	1971645.3753597059	51913.89072975776	0.9377657607005031	1.839919208708856	97807.46652090244	0.037710312374279145	0.07398854917886771	0.014611019734872305	49.735242253793665	307535.6858107917	-5013.486198443397	10034.972396886795
KY8_US-Vir17-VA1	dadi_objects_duos/probs.KY8.US-Vir17-VA1.delim	327710	17945815.688597843	9040977.94178304	1717703.8426137413	133.58007009447226	67.29671630101963	10509.130330606	6.267641415812404	3.1575944370903777	4.499357145106848	42.625307107540635	307535.6858107917	-169138.1730169786	338284.3460339572
KY8_US-Vir17-VA1	dadi_objects_duos/probs.KY8.US-Vir17-VA1.delim	327710	662322.7790991223	1372205.3604012737	14401.886533138437	0.7058618866599043	1.4624100138834566	83994.68500146821	0.028941804316184157	0.05996184983456392	0.004719940648335745	48.7780152853282	307535.6858107917	-8642.42352314879	17292.84704629758
KY8_US-Vir17-VA1	dadi_objects_duos/probs.KY8.US-Vir17-VA1.delim	327710	1192695.5762896182	2236421.5611182395	57482.59737942364	1.0987454477632268	2.0602558258852026	96148.9184801757	0.045529504262997435	0.08537230037991429	0.016457389150289457	48.265205850536574	307535.6858107917	-5318.356743489243	10644.713486978486
KY8_US-Vir17-VA1	dadi_objects_duos/probs.KY8.US-Vir17-VA1.delim	327710	12114486.099284157	7488459.46262755	6191969.0315661505	1.2711779621604995	0.7857671024103023	34676.57878639172	1.2822611064771239	0.7926180473247875	4.915429717549815	1.98271312408894	307535.6858107917	-51015.57734521034	102039.15469042068
KY8_US-Vir17-VA1	dadi_objects_duos/probs.KY8.US-Vir17-VA1.delim	327710	5602.975835660299	10922.817453389913	88.47775033326396	8.105643169750754e-08	1.5801685261965876e-07	82140.76948365681	0.0002503615889361635	0.0004880716985937321	2.965133578264556e-05	0.0006475149166605992	307535.6858107917	-11474.110078859187	22956.220157718373
KY8_US-Vir17-VA1	dadi_objects_duos/probs.KY8.US-Vir17-VA1.delim	327710	1072242.2248557238	1892007.296157139	45955.498646479464	1.024885445802336	1.8084446743777483	95075.66533028695	0.04139341419081267	0.07304006487191825	0.013305679798440153	49.519251592916966	307535.6858107917	-4948.353603071661	9904.707206143323
KY8_US-Vir17-VA1	dadi_objects_duos/probs.KY8.US-Vir17-VA1.delim	327710	6271238.635348372	27712728.866023958	2301282.7255964484	0.8569416764692342	3.7868423950779353	12726.365539574885	1.8086588190595898	7.99249946911917	4.977766750766298	0.9475990357482682	307535.6858107917	-97345.11582041475	194698.2316408295
KY8_US-Vir17-VA1	dadi_objects_duos/probs.KY8.US-Vir17-VA1.delim	327710	23339203.61955307	7624166.391296218	2120452.9696873827	112.93859868351674	36.89340400807765	11749.849214532296	7.290569531520892	2.3815943380802556	4.9678137993241895	30.98210590962062	307535.6858107917	-158984.53909460307	317977.07818920613
KY8_US-Vir17-VA1	dadi_objects_duos/probs.KY8.US-Vir17-VA1.delim	327710	9444378.127291588	15086917.830642018	2740120.709866374	0.7403538064939265	1.182677873930074	15183.856692062893	2.2829636008341057	3.646919235116239	4.967713685398692	0.6485901099986265	307535.6858107917	-71127.67722149834	142263.35444299667
KY8_US-Vir17-VA1	dadi_objects_duos/probs.KY8.US-Vir17-VA1.delim	327710	924780.771226326	1778655.5866762826	37505.66466678101	0.8996504565163617	1.7303217803899145	93405.45230431826	0.03633910943628252	0.06989198091562215	0.011053341724870781	49.51417194710403	307535.6858107917	-4953.548762954262	9915.097525908524
KY8_US-Vir17-VA1	dadi_objects_duos/probs.KY8.US-Vir17-VA1.delim	327710	8237306.715798857	23015124.135398764	2018262.140365298	33.31633810740001	93.08620933199826	11116.224966298581	2.71979159027517	7.599127145835074	4.997918899279459	24.49918458938193	307535.6858107917	-166759.67877131313	333527.35754262627
KY8_US-Vir17-VA1	dadi_objects_duos/probs.KY8.US-Vir17-VA1.delim	327710	17302196.505561586	12672507.795625377	1255905.9092655452	168.9861475211646	123.76915677303201	7036.210625486706	9.025476201430259	6.610456509674459	4.913457805015179	37.44647789207744	307535.6858107917	-210314.59973904223	420637.19947808445
KY8_US-Vir17-VA1	dadi_objects_duos/probs.KY8.US-Vir17-VA1.delim	327710	990046.9343202567	1910525.1646130849	43962.110804542106	0.9443755646942755	1.8223916651313752	94886.26846135675	0.03829659237739049	0.07390215647318647	0.012753932881781982	49.31903890497658	307535.6858107917	-4867.333576458918	9742.667152917837
KY8_US-Vir17-VA1	dadi_objects_duos/probs.KY8.US-Vir17-VA1.delim	327710	8392002.437005837	19966891.074634556	2051301.1762488047	38.15425769767969	90.77951456779081	11568.191561531446	2.6626117630257844	6.335088609119233	4.881270956452278	28.659272243521748	307535.6858107917	-162992.1653351204	325992.3306702408
KY8_US-Vir17-VA1	dadi_objects_duos/probs.KY8.US-Vir17-VA1.delim	327710	11741701.382623158	8381955.646945938	4942597.755558259	1.4449356323306481	1.0314847898287742	27827.266103307233	1.5487032392302367	1.1055605519588922	4.88937879746452	1.8659942017669378	307535.6858107917	-44688.230516829644	89384.46103365929
KY8_US-Vir17-VA1	dadi_objects_duos/probs.KY8.US-Vir17-VA1.delim	327710	711624.7266415826	905309.3831852763	34107.81077670887	0.5710707442950758	0.7265004768915543	104121.38372535568	0.025085272066378922	0.03191279241887058	0.009017431921386813	45.530360825583045	307535.6858107917	-20942.247996599428	41892.495993198856
KY8_US-Vir17-VA1	dadi_objects_duos/probs.KY8.US-Vir17-VA1.delim	327710	18727200.46129671	8001117.538386523	2603778.48266329	42.51211281538021	18.163121185356967	17597.370765251148	3.906004969972588	1.668824175554781	4.073101265118721	21.767567190616532	307535.6858107917	-143657.70221262722	287323.40442525444
KY8_US-Vir17-VA1	dadi_objects_duos/probs.KY8.US-Vir17-VA1.delim	327710	4399359.3231254965	55068332.79015824	7117661.287437388	3.782734611680225	47.34982372498388	39794.581200041655	0.40576371966782776	5.079087637007506	4.923595169426923	18.645011509540097	307535.6858107917	-104278.96384277982	208565.92768555964
KY8_US-Vir17-VA1	dadi_objects_duos/probs.KY8.US-Vir17-VA1.delim	327710	11030080.713788738	14570788.747042028	1803750.7321943506	49.610604809418504	65.53584339481466	13709.002794506932	2.9531162415575256	3.9010805104447206	3.621926340464973	33.59881613278657	307535.6858107917	-170405.2251328779	340818.4502657558
KY8_US-Vir17-VA1	dadi_objects_duos/probs.KY8.US-Vir17-VA1.delim	327710	7843278.744889356	12105818.861137157	5096981.984290395	1.3337613886274395	2.0586127689549962	32291.012712346244	0.8915048309047118	1.376005666481435	4.3451061564567155	2.9921574003674656	307535.6858107917	-35633.044920852066	71274.08984170413
KY8_US-Vir17-VA1	dadi_objects_duos/probs.KY8.US-Vir17-VA1.delim	327710	10334395.024408916	13744279.402020436	2728899.3214640645	1.4826084811583224	1.971802428755198	18726.161070972077	2.0255549070026406	2.6938966935386843	4.011508502826299	1.463903521975857	307535.6858107917	-57930.11456255158	115868.22912510316
KY8_US-Vir17-VA1	dadi_objects_duos/probs.KY8.US-Vir17-VA1.delim	327710	834425.4429602518	2375358.1543488996	25847.1736768953	0.8503556686843672	2.420706713520529	85339.66750779875	0.03588759111511851	0.10216117319339289	0.008337408349457724	47.389955260950046	307535.6858107917	-8855.389231813811	17718.778463627623
KY8_US-Vir17-VA1	dadi_objects_duos/probs.KY8.US-Vir17-VA1.delim	327710	14511039.877009837	20976764.77282425	1522997.0507322755	10.981102831104657	15.873983738355118	8859.804955781041	6.011489474145832	8.69004576531084	4.731990449748937	3.6533717237074437	307535.6858107917	-216334.04462672077	432676.08925344155
KY8_US-Vir17-VA1	dadi_objects_duos/probs.KY8.US-Vir17-VA1.delim	327710	4516085.683731898	22581059.720461916	5280366.23539006	0.7121049466292866	3.5606242780106823	29704.417847893063	0.5580188174814693	2.790172092633539	4.893413978772261	2.552261408829404	307535.6858107917	-60220.10674632792	120448.21349265584
KY8_US-Vir17-VA1	dadi_objects_duos/probs.KY8.US-Vir17-VA1.delim	327710	4347868.57454569	4294627.105330583	2245294.921042101	0.9891298560928893	0.9770175472960633	386466.89915454236	0.04129256128592651	0.04078691660214089	0.1599300414216744	47.90837987712853	307535.6858107917	-23667.733117215117	47343.466234430234
KY8_US-Vir17-VA1	dadi_objects_duos/probs.KY8.US-Vir17-VA1.delim	327710	1033587.7490652665	1885436.911238915	44791.58198893899	0.9734925700220881	1.7758132543621876	94985.47690122195	0.03993906211475152	0.07285552869557207	0.01298100007071513	48.74889486513646	307535.6858107917	-4886.761307915857	9781.522615831715
KY8_US-Vir17-VA1	dadi_objects_duos/probs.KY8.US-Vir17-VA1.delim	327710	525960.7516017805	1697535.9989913837	15779.77327987466	0.47262701142217395	1.525401588505404	84710.10617467118	0.02278902935834494	0.07355149143742894	0.005127840301785576	41.47846790579576	307535.6858107917	-10453.434277058555	20914.86855411711
KY8_US-Vir17-VA1	dadi_objects_duos/probs.KY8.US-Vir17-VA1.delim	327710	6854371.693540676	13657240.311673416	5407461.427392354	1.0052668846667918	2.0029802927377807	30087.715579064086	0.8361537713961923	1.6660247655129687	4.947356127893873	2.4045024230129775	307535.6858107917	-36802.49907560513	73612.99815121025
KY8_US-Vir17-VA1	dadi_objects_duos/probs.KY8.US-Vir17-VA1.delim	327710	3522026.223217446	85949871.36630325	3003551.552657889	1.328043801073144	32.40895627596409	48545.615020006924	0.2662872019874712	6.498347629112165	1.703154480479822	9.974522178768684	307535.6858107917	-102448.53147256224	204905.0629451245
KY8_US-Vir17-VA1	dadi_objects_duos/probs.KY8.US-Vir17-VA1.delim	327710	1070079.923798329	1947269.0508720723	43979.137498572476	0.9999394922475711	1.8196315832997503	93822.81501279854	0.04186156627188469	0.07617723742813999	0.012903490519592355	47.773630148146474	307535.6858107917	-5000.757356209986	10009.514712419972
KY8_US-Vir17-VA1	dadi_objects_duos/probs.KY8.US-Vir17-VA1.delim	327710	8843032.961559026	12658689.307690153	3699716.515831037	1.3593080878009156	1.9458322536738115	23280.875816835476	1.3941504594536305	1.99570866591971	4.374597418881454	1.9500163394611376	307535.6858107917	-42935.10409368115	85878.2081873623
KY8_US-Vir17-VA1	dadi_objects_duos/probs.KY8.US-Vir17-VA1.delim	327710	11266799.258608196	11364266.979386048	3179803.3922796506	2.203207957927725	2.2222676441021076	19831.49641060217	2.085224348996842	2.1032633732079034	4.4138110843734975	2.113161549247823	307535.6858107917	-54909.462983950834	109826.92596790167
KY8_US-Vir17-VA1	dadi_objects_duos/probs.KY8.US-Vir17-VA1.delim	327710	1123124.660408729	2030369.9482578167	50236.19242429122	1.0479735267340633	1.8945127199649054	95401.8696525209	0.043209455523197625	0.07811348380771548	0.014495352721275386	48.506675867343134	307535.6858107917	-5027.100769028782	10062.201538057565
KY8_US-Vir17-VA1	dadi_objects_duos/probs.KY8.US-Vir17-VA1.delim	327710	10691164.207124695	18104318.173690602	1733428.1423350407	44.40078918722393	75.18788403537685	9688.107089909232	4.05036149639797	6.858844540091084	4.925336088812335	21.924358715492446	307535.6858107917	-183645.1156752251	367298.2313504502
KY8_US-Vir17-VA1	dadi_objects_duos/probs.KY8.US-Vir17-VA1.delim	327710	353964.99776051845	648938.2726278959	7324.398154176372	0.3758578387997955	0.689075298991609	85008.83672367003	0.0152828363206924	0.028018638751153985	0.002371793254612576	49.186921970877584	307535.6858107917	-9031.405714814664	18070.811429629328
KY8_US-Vir17-VA1	dadi_objects_duos/probs.KY8.US-Vir17-VA1.delim	327710	10144961.393069055	9281332.211108293	5204848.267772256	1.0176512254723253	0.9310197183306157	28768.35899303816	1.294324064434286	1.1841397089055214	4.980373828089108	1.5724828942543279	307535.6858107917	-44597.48129155374	89202.96258310748
KY8_US-Vir17-VA1	dadi_objects_duos/probs.KY8.US-Vir17-VA1.delim	327710	7670512.934008106	11429336.6409358	7013576.198950591	1.19818834904802	1.785343186086131	38683.385304335294	0.7277926238065655	1.0844368523773085	4.990959026594899	3.292664173432122	307535.6858107917	-32329.29379700469	64666.58759400938
KY8_US-Vir17-VA1	dadi_objects_duos/probs.KY8.US-Vir17-VA1.delim	327710	11204812.510846049	10646571.841834767	3399639.6412165747	1.6196859227407896	1.5389907257239943	22774.7949111354	1.8057508824679278	1.7157856483579559	4.109106222870087	1.793919569378427	307535.6858107917	-47301.688243010816	94611.37648602163
KY8_US-Vir17-VA1	dadi_objects_duos/probs.KY8.US-Vir17-VA1.delim	327710	9239856.806032667	9100328.081403963	12677054.975091726	1.420966650647157	1.3995089951156046	91006.45251497875	0.3726496964833761	0.3670224083148353	3.834556545412291	7.6262863705863575	307535.6858107917	-32849.84400061889	65707.68800123778
KY8_US-Vir17-VA1	dadi_objects_duos/probs.KY8.US-Vir17-VA1.delim	327710	13586005.924827404	16046034.871546205	1721331.5526315048	28.7015764260321	33.898593799289124	10249.090413921647	4.865351168184487	5.746324191154667	4.623258359386517	11.798357583607736	307535.6858107917	-193247.67699194135	386503.3539838827
KY8_US-Vir17-VA1	dadi_objects_duos/probs.KY8.US-Vir17-VA1.delim	327710	58302127.87196364	5621760.638170825	2130337.2700339896	29.20893456594089	2.816460472700466	30226.03291102038	7.079636691624763	0.6826512914405148	1.9401538630145374	8.251534884691237	307535.6858107917	-118194.35229186468	236396.70458372936
KY8_US-Vir17-VA1	dadi_objects_duos/probs.KY8.US-Vir17-VA1.delim	327710	6125847.785746781	13441488.695171649	13168718.016615901	0.704781372534347	1.5464489459777075	72692.39407416343	0.3093035792599189	0.678681663242062	4.98681760746374	4.557214463671588	307535.6858107917	-39325.67215256579	78659.34430513158
KY8_US-Vir17-VA1	dadi_objects_duos/probs.KY8.US-Vir17-VA1.delim	327710	18336620.113493472	13427369.217501564	1162218.6998199509	185.2328693588722	135.6405985783905	7262.185679718171	9.267437280591926	6.786272568027739	4.405441802404649	39.97499281636165	307535.6858107917	-223333.2765197176	446674.5530394352
KY8_US-Vir17-VA1	dadi_objects_duos/probs.KY8.US-Vir17-VA1.delim	327710	4392983.6188769685	24185626.190572426	7411335.216394643	0.9359293928281504	5.152770963780144	52128.84544708449	0.30930660507107216	1.7028913780553467	3.913697988237651	6.051790537179724	307535.6858107917	-57500.57316857937	115009.14633715875
KY8_US-Vir17-VA1	dadi_objects_duos/probs.KY8.US-Vir17-VA1.delim	327710	1118166.9769765725	1768506.7399478853	52666.95205485114	1.0246096442325492	1.6205353037168375	98510.1127713447	0.04166137145539575	0.06589214109466901	0.014717238492443269	49.187513921836924	307535.6858107917	-5409.970798464817	10827.941596929633
KY8_US-Vir17-VA1	dadi_objects_duos/probs.KY8.US-Vir17-VA1.delim	327710	1210193.470995773	2129569.4539951575	60033.64479590892	1.0829065773094821	1.9055835482827301	97637.52092608345	0.04549312584471468	0.08005395293196092	0.016925711176664558	47.60748166682824	307535.6858107917	-5235.719128437339	10479.438256874679
KY8_US-Vir17-VA1	dadi_objects_duos/probs.KY8.US-Vir17-VA1.delim	327710	1019999.3364278876	1934290.122849419	44656.4534497794	0.9642035088086802	1.8284809184650281	94716.69181113305	0.039525837873665336	0.07495537993595897	0.012978564699336963	48.7885171158431	307535.6858107917	-4881.158954315439	9770.317908630877
KY8_US-Vir17-VA1	dadi_objects_duos/probs.KY8.US-Vir17-VA1.delim	327710	19224576.213686556	13473602.020169744	1365362.239715608	86.48885194521914	60.615971834096534	8651.411488304511	8.15600573969292	5.716161136109102	4.344400723053681	21.20862949477902	307535.6858107917	-219015.75921429813	438039.51842859626
KY8_US-Vir17-VA1	dadi_objects_duos/probs.KY8.US-Vir17-VA1.delim	327710	4751351.739618447	23858609.058886874	4254927.773926461	0.8338510965080085	4.18712998219457	25836.355520949095	0.6749842618503888	3.389390326569043	4.53346115458395	2.470727522511725	307535.6858107917	-62233.903561432984	124475.80712286597
KY8_US-Vir17-VA1	dadi_objects_duos/probs.KY8.US-Vir17-VA1.delim	327710	3599.9613300188503	7026.185875696408	56.66251904977253	4.061853744655151e-06	7.927679436959716e-06	82103.3709666331	0.0001609327986414489	0.00031409886192997565	1.899782346987813e-05	0.05047888036427901	307535.6858107917	-11468.398780420706	22944.797560841413
KY8_US-Vir17-VA1	dadi_objects_duos/probs.KY8.US-Vir17-VA1.delim	327710	18488587.39588883	13699100.188763727	1287218.039763772	109.89447743665552	81.42620224903366	8717.904765629854	7.783937259008658	5.767500463443826	4.064517103710194	28.236218710388577	307535.6858107917	-218048.8692922678	436105.7385845356
KY8_US-Vir17-VA1	dadi_objects_duos/probs.KY8.US-Vir17-VA1.delim	327710	472697.9117707372	2529731.19331238	16320.373926512344	0.48802575742033744	2.611761023147714	82858.37256784836	0.02093895489490667	0.11205872933641654	0.005422039339277079	46.61414668208184	307535.6858107917	-15536.266863649398	31080.533727298796
KY8_US-Vir17-VA1	dadi_objects_duos/probs.KY8.US-Vir17-VA1.delim	327710	16303674.132031638	11378521.147078546	1929275.263496749	39.076453092286684	27.27190474138851	12003.245722213616	4.98533682828039	3.4793237442380835	4.424502629379639	15.67655484003293	307535.6858107917	-173481.36521463803	346970.73042927607
KY8_US-Vir17-VA1	dadi_objects_duos/probs.KY8.US-Vir17-VA1.delim	327710	15931472.41099839	7135855.980789052	4224253.059015465	2.61569340848378	1.1715936211868176	23333.289115151907	2.506038104532871	1.122477981631547	4.983597086952473	2.087512878397632	307535.6858107917	-56521.470942201624	113050.94188440325
KY8_US-Vir17-VA1	dadi_objects_duos/probs.KY8.US-Vir17-VA1.delim	327710	12732549.140864471	14396315.26013041	2270436.6966328826	2.0947059832481725	2.368421859479641	12668.65002969864	3.6888648036464757	4.170889904116098	4.93341916906658	1.1356913819002186	307535.6858107917	-83645.08753835477	167298.17507670954
KY8_US-Vir17-VA1	dadi_objects_duos/probs.KY8.US-Vir17-VA1.delim	327710	12848617.065374613	10735584.166938772	2045872.8753511063	63.67041356019304	53.1994284086264	12524.117279162341	3.7654507932143866	3.1461996035322577	4.49676794996401	33.81821569674033	307535.6858107917	-160160.86633398753	320329.73266797507
KY8_US-Vir17-VA1	dadi_objects_duos/probs.KY8.US-Vir17-VA1.delim	327710	3976443.698238977	60284528.133866206	5708409.948526664	1.8510285719225852	28.06235734459807	33083.513845140595	0.44115471376576815	6.688087590722841	4.749768930653939	8.391743368769225	307535.6858107917	-93964.91636430756	187937.83272861512
KY8_US-Vir17-VA1	dadi_objects_duos/probs.KY8.US-Vir17-VA1.delim	327710	27665527.858138565	5997798.130361441	2624600.405116519	166.8349744883159	36.169289926291924	14826.53393774142	6.848682634226169	1.4847725338779922	4.872956267920234	48.7203111601525	307535.6858107917	-144285.0611397383	288578.1222794766
KY8_US-Vir17-VA1	dadi_objects_duos/probs.KY8.US-Vir17-VA1.delim	327710	15488456.64719266	15524857.468403274	1290383.6895224906	106.97889658911768	107.23031735858183	7235.159572150123	7.857198900043463	7.875664813006363	4.9095276388534455	27.2307976290446	307535.6858107917	-217315.73055014396	434639.4611002879
KY8_US-Vir17-VA1	dadi_objects_duos/probs.KY8.US-Vir17-VA1.delim	327710	4765424.694678708	5168495.664915552	1615093.3151783424	1.997469497752533	2.166420225140304	200065.45474093338	0.08742531828701945	0.09481995992400995	0.22222579695841033	45.695446968686845	307535.6858107917	-22654.51985545175	45317.0397109035
KY8_US-Vir17-VA1	dadi_objects_duos/probs.KY8.US-Vir17-VA1.delim	327710	7377001.80374646	13346295.834782818	4217591.215287578	0.7271828769725139	1.3156019288398166	28399.2647415348	0.953411772128898	1.7248898538610344	4.088145516907778	1.5254329728880278	307535.6858107917	-46297.62809398341	92603.25618796682
KY8_US-Vir17-VA1	dadi_objects_duos/probs.KY8.US-Vir17-VA1.delim	327710	7953396.777037585	18995933.865862094	2790507.324176437	12.469903856459945	29.78318265912064	15906.753373283385	1.8351806356929674	4.38315489152788	4.829148688852303	13.589838094331556	307535.6858107917	-137351.66003985878	274711.32007971755
KY8_US-Vir17-VA1	dadi_objects_duos/probs.KY8.US-Vir17-VA1.delim	327710	10436512.275090834	9323553.888215188	4703965.9709935635	1.491975847899654	1.33287029719772	33104.12516919564	1.1571268990231085	1.0337299199364367	3.91156916805646	2.578759251313297	307535.6858107917	-38891.16382719686	77790.32765439372
KY8_US-Vir17-VA1	dadi_objects_duos/probs.KY8.US-Vir17-VA1.delim	327710	15167661.618016228	13580204.55343141	1300252.7631840673	102.4859456558346	91.75970171993589	13428.189479540664	4.145805154137087	3.711902562816763	2.665503658466116	49.4407922444518	307535.6858107917	-195969.94839637977	391947.89679275954
KY8_US-Vir17-VA1	dadi_objects_duos/probs.KY8.US-Vir17-VA1.delim	327710	15732343.545731425	15230092.098376367	1240538.2332116666	128.85870372214606	124.74491925890857	6937.129733847227	8.32379396280065	8.058058756017918	4.92265381977999	30.961531315652568	307535.6858107917	-218652.43455536212	437312.86911072425
KY8_US-Vir17-VA1	dadi_objects_duos/probs.KY8.US-Vir17-VA1.delim	327710	1014168.8981875252	1607718.8695959204	32523.06825570819	0.9434220182500203	1.4955668463541936	91167.96010427874	0.040829660327407945	0.06472552596010298	0.009820152483946843	46.212582259310366	307535.6858107917	-5755.142176952953	11518.284353905907
KY8_US-Vir17-VA1	dadi_objects_duos/probs.KY8.US-Vir17-VA1.delim	327710	9828490.068197727	11572736.913018327	3453295.4815018238	2.073740765557737	2.4417643136512455	27526.520160867873	1.3105186550268366	1.5430943623071982	3.453435796454056	3.164763443241899	307535.6858107917	-48427.42532408978	96862.85064817956
KY8_US-Vir17-VA1	dadi_objects_duos/probs.KY8.US-Vir17-VA1.delim	327710	17221981.94740978	8782505.620841818	2121437.4057092727	77.54549944337671	39.54502953330945	12600.586716753807	5.01649147817808	2.5582052483007267	4.634558975681997	30.916228914452443	307535.6858107917	-158775.39685193085	317558.7937038617
KY8_US-Vir17-VA1	dadi_objects_duos/probs.KY8.US-Vir17-VA1.delim	327710	14741344.984382663	15620455.924836121	1779022.3462770435	13.452775766433586	14.25504193470169	11318.326648595215	4.780382005747668	5.065463599404952	4.326813121066251	5.62832666939952	307535.6858107917	-179291.30073250335	358590.6014650067
KY8_US-Vir17-VA1	dadi_objects_duos/probs.KY8.US-Vir17-VA1.delim	327710	3686645.0473258477	42098582.82800132	7636500.62001793	1.0300141449326796	11.76195029296748	42742.72487816253	0.31657516130085844	3.6150390065295905	4.918142912416159	6.5072328523828915	307535.6858107917	-82169.70238246485	164347.4047649297
KY8_US-Vir17-VA1	dadi_objects_duos/probs.KY8.US-Vir17-VA1.delim	327710	77002239.24481146	73441283.58491041	362855.0092277134	79.93144059889599	76.23502451286818	28281.473948275805	9.993302447162682	9.531163848865688	0.35318320343056414	15.99700219652419	307535.6858107917	-321569.63009597873	643147.2601919575
KY8_US-Vir17-VA1	dadi_objects_duos/probs.KY8.US-Vir17-VA1.delim	327710	12191633.977326782	6852809.72136498	19864731.071137723	1.12142612440697	0.6303437145029664	110596.27727342468	0.40460302331262793	0.22742378393305338	4.944372014708265	5.543340310339049	307535.6858107917	-59392.66549015151	118793.33098030301
