Pair_name	fs_name	L	pop1_size	pop2_size	divergence_time	mig_pop1	mig_pop2	theta	nu1	nu2	Ts	m12	fs_sanitycheck	-2LL_model	AIC
KY9_US-Vir17-VA2	dadi_objects_duos/probs.KY9.US-Vir17-VA2.delim	4256544	376245.99734888546	585298.7206875428	6515.318284477955	0.3927074667040119	0.6109066395015161	1106018.403325227	0.016217529059656215	0.02522843851685682	0.0021062488187150235	48.43000006467528	3820816.191194568	-60377.45014512593	120762.90029025186
KY9_US-Vir17-VA2	dadi_objects_duos/probs.KY9.US-Vir17-VA2.delim	4256544	40995199.92477096	5103363.000371629	3649552.524277774	107.41377346243024	13.37160151004018	430168.3561206578	4.5432820466690975	0.5655788370290111	3.0334549526481767	47.28466001408851	3820816.191194568	-948697.5465770712	1897403.0931541424
KY9_US-Vir17-VA2	dadi_objects_duos/probs.KY9.US-Vir17-VA2.delim	4256544	127892819.75785571	4142784.4997545984	8189274.118556827	76.27329844700908	2.4706925623321916	909372.8358810951	6.704699769733501	0.21718284368230958	3.219881009872066	22.75218908125421	3820816.191194568	-842923.6051529467	1685855.2103058933
KY9_US-Vir17-VA2	dadi_objects_duos/probs.KY9.US-Vir17-VA2.delim	4256544	28931864.377314925	45006501.571653515	554442.0729138817	78.23353797419024	121.70034408678444	424310.789553415	3.250629669731723	5.056690002126365	0.4672060894717908	48.134389901539855	3820816.191194568	-1833138.6053467477	3666285.2106934953
KY9_US-Vir17-VA2	dadi_objects_duos/probs.KY9.US-Vir17-VA2.delim	4256544	11112381.326001301	24646548.032380275	1185607.5407000051	39.63903657437788	87.91683710508843	333578.40136893437	1.5881238308166086	3.522356651494982	1.2708064815265738	49.91932720258421	3820816.191194568	-1304981.3913189652	2609970.7826379305
KY9_US-Vir17-VA2	dadi_objects_duos/probs.KY9.US-Vir17-VA2.delim	4256544	825514.2671974909	1406581.5027658897	21163.081911338657	0.789367738682362	1.3449919695271906	1148602.7672944674	0.03426335413015244	0.05838082036522815	0.006587876453844259	46.076501190390026	3820816.191194568	-59502.407930145986	119012.81586029197
KY9_US-Vir17-VA2	dadi_objects_duos/probs.KY9.US-Vir17-VA2.delim	4256544	11928453.001003217	22954369.91478037	1579688.7354859617	36.795320987678636	70.806617506329	121019.20258827282	4.6989950388499	9.042452557796626	4.667170059187804	15.66093204332663	3820816.191194568	-1424626.7023642363	2849261.4047284727
KY9_US-Vir17-VA2	dadi_objects_duos/probs.KY9.US-Vir17-VA2.delim	4256544	7980191.0823592665	17751402.539850917	2720620.925376133	19.66701149547276	43.747954680403375	206431.44044491058	1.8429459449070162	4.09951027357587	4.712252814130866	21.343015024203584	3820816.191194568	-986200.7599165164	1972409.5198330327
KY9_US-Vir17-VA2	dadi_objects_duos/probs.KY9.US-Vir17-VA2.delim	4256544	7175552.668230917	15882949.387465984	4822951.822798062	1.129754766707414	2.500690693736657	367301.80476138706	0.9313382589465443	2.0614995267125	4.6948989890265125	2.426089030177505	3820816.191194568	-252442.54956185588	504893.09912371176
KY9_US-Vir17-VA2	dadi_objects_duos/probs.KY9.US-Vir17-VA2.delim	4256544	669687.159434772	1038466.421602705	14252.338497738981	0.6987934727908883	1.0836008230185608	1130517.4033647114	0.02824033662915191	0.04379155387850559	0.004507598934074741	49.489032794994266	3820816.191194568	-57275.62378956756	114559.24757913512
KY9_US-Vir17-VA2	dadi_objects_duos/probs.KY9.US-Vir17-VA2.delim	4256544	5612842.128858934	37411579.83913603	2944040.683826772	18.55666341771914	123.68673108237041	260780.8101580321	1.026082655725754	6.8392041527169685	4.036496390374578	36.16991928314763	3820816.191194568	-963091.1942146139	1926190.3884292278
KY9_US-Vir17-VA2	dadi_objects_duos/probs.KY9.US-Vir17-VA2.delim	4256544	15384753.768531557	7521066.077256118	3944121.1947265887	1.686623417193013	0.8245309843114207	437434.4020191059	1.6766899623753726	0.8196748669381465	3.223841694072089	2.0118488868431794	3820816.191194568	-409551.15245585	819110.3049117
KY9_US-Vir17-VA2	dadi_objects_duos/probs.KY9.US-Vir17-VA2.delim	4256544	15253758.869873503	19956053.415831305	1068992.0140879338	60.8041191099635	79.54827785153412	298595.5032191136	2.435391374164296	3.1861523946904065	1.2800519312315435	49.9337558266818	3820816.191194568	-1443513.2072645589	2887034.4145291178
KY9_US-Vir17-VA2	dadi_objects_duos/probs.KY9.US-Vir17-VA2.delim	4256544	20296028.16031344	6075903.431209003	4234909.103661071	2.2917250847189856	0.6860603560286344	324504.9609636668	2.981706320576106	0.8926160094451777	4.666154817465689	1.5371903456113634	3820816.191194568	-598502.8236636043	1197013.6473272087
KY9_US-Vir17-VA2	dadi_objects_duos/probs.KY9.US-Vir17-VA2.delim	4256544	5319803.2762506	38960301.77872743	2829757.4868611745	26.794321309615402	196.2318510609578	203675.4466136648	1.2451797378804863	9.119242918841945	4.967603584103847	43.03687330348633	3820816.191194568	-971090.0613803916	1942188.1227607832
KY9_US-Vir17-VA2	dadi_objects_duos/probs.KY9.US-Vir17-VA2.delim	4256544	9139987.737848338	10394036.166998735	6720512.113238989	1.3175628077202766	1.4983384954694559	572374.5587808051	0.761273024683336	0.8657231911540682	4.198154697905231	3.461472467826739	3820816.191194568	-196073.71682525444	392155.4336505089
KY9_US-Vir17-VA2	dadi_objects_duos/probs.KY9.US-Vir17-VA2.delim	4256544	29241157.12389024	5105947.972266012	4657157.547619078	5.817295340155642	1.0157876865232809	348919.2069867003	3.9952579779626776	0.697632425585222	4.77235173293432	2.912099980648602	3820816.191194568	-662801.8979837777	1325611.7959675554
KY9_US-Vir17-VA2	dadi_objects_duos/probs.KY9.US-Vir17-VA2.delim	4256544	5450962.655809434	42344618.31455107	3504412.326214812	10.377524196103172	80.61554057165968	334707.52897683874	0.7763952592481153	6.031257777752371	3.743571299626755	26.732580016403194	3820816.191194568	-913766.3329132583	1827540.6658265167
KY9_US-Vir17-VA2	dadi_objects_duos/probs.KY9.US-Vir17-VA2.delim	4256544	7724999.284382772	13520017.07327143	2607187.9298728793	37.94404924806962	66.40831601111822	229324.50031201707	1.6059171709219762	2.8106187159161227	4.064978682446116	47.25530050380555	3820816.191194568	-981088.1859701435	1962184.371940287
KY9_US-Vir17-VA2	dadi_objects_duos/probs.KY9.US-Vir17-VA2.delim	4256544	19903985.6587978	6548706.097406365	2526076.9174733413	107.68197716698361	35.42896546162359	182732.95637711373	5.192760818911105	1.7084952240279085	4.942720824213794	41.4738829390428	3820816.191194568	-1007853.2790518757	2015714.5581037514
KY9_US-Vir17-VA2	dadi_objects_duos/probs.KY9.US-Vir17-VA2.delim	4256544	1225231.5029558244	1815679.7322595692	31012.89053891682	0.96206659114713	1.4256936802684206	1148622.1532330983	0.050852945874136676	0.07535936100778817	0.009653870072614064	37.83720194020964	3820816.191194568	-62248.457463066035	124504.91492613207
KY9_US-Vir17-VA2	dadi_objects_duos/probs.KY9.US-Vir17-VA2.delim	4256544	22361542.57958065	6565798.892388019	2665551.9262050493	78.40524205946322	23.021356851361375	264742.0808168473	4.026743174212355	1.1823328278486909	3.5999839175276978	38.94226111144997	3820816.191194568	-990598.2291161345	1981204.458232269
KY9_US-Vir17-VA2	dadi_objects_duos/probs.KY9.US-Vir17-VA2.delim	4256544	9687604.448332699	16298313.6098279	2054760.7746299573	35.7264592138241	60.105781521235116	156816.0728186301	2.945106296151803	4.954812749112804	4.684972913697603	24.2615753872828	3820816.191194568	-1105215.1810227816	2210438.3620455633
KY9_US-Vir17-VA2	dadi_objects_duos/probs.KY9.US-Vir17-VA2.delim	4256544	639727.9370100977	1001794.1069502569	13566.142717427876	0.6579357678696751	1.0303070053250292	1129801.758553574	0.02699406070359392	0.04227186178847626	0.004293292982824158	48.746705810147276	3820816.191194568	-57371.75968212979	114751.51936425958
KY9_US-Vir17-VA2	dadi_objects_duos/probs.KY9.US-Vir17-VA2.delim	4256544	9109773.977748603	16855435.785375897	1971165.3941964526	43.7891711174384	81.02128150134752	142369.44394166506	3.050464412581245	5.644147390201749	4.95042709101236	28.709839024402736	3820816.191194568	-1122109.1535542079	2244226.3071084158
KY9_US-Vir17-VA2	dadi_objects_duos/probs.KY9.US-Vir17-VA2.delim	4256544	17475458.546554014	13937770.370201167	1545318.889653649	65.19208798457437	51.99476453578503	112828.29665069193	7.383898160612908	5.889120261160032	4.897071816149921	17.657905503713778	3820816.191194568	-1432324.8423686041	2864657.6847372083
KY9_US-Vir17-VA2	dadi_objects_duos/probs.KY9.US-Vir17-VA2.delim	4256544	12966500.939422142	7042990.5600959	19415154.046856984	1.5624640614460148	0.8486807417563645	1395223.5636426634	0.443051430598448	0.24065143386947654	4.9754621847332094	7.053194972581533	3820816.191194568	-332803.78210011445	665615.5642002289
KY9_US-Vir17-VA2	dadi_objects_duos/probs.KY9.US-Vir17-VA2.delim	4256544	5766377.225104513	17679919.652016357	6365226.369405046	0.8456278753144305	2.59272543356604	773124.084404882	0.3555731808035277	1.0902001415462919	2.9437507968848293	4.756421018050195	3820816.191194568	-278409.6570245784	556827.3140491568
KY9_US-Vir17-VA2	dadi_objects_duos/probs.KY9.US-Vir17-VA2.delim	4256544	6965573.773692641	15930411.871709634	3244703.870819938	19.894115116109404	45.498254403645284	336643.90619700524	0.986418681343724	2.2559600087939016	3.446201767679202	40.336046939032315	3820816.191194568	-931681.1623244833	1863370.3246489665
KY9_US-Vir17-VA2	dadi_objects_duos/probs.KY9.US-Vir17-VA2.delim	4256544	815489.8233338245	1233588.238307383	19422.991974699533	0.8437376033610734	1.2763185437052518	1147713.529279076	0.03387350948771503	0.05124032415685159	0.006050886699133242	49.81695821432812	3820816.191194568	-58448.35165845164	116904.70331690328
KY9_US-Vir17-VA2	dadi_objects_duos/probs.KY9.US-Vir17-VA2.delim	4256544	742970.5694213378	1175438.545639476	16630.131235314922	0.7592861858510721	1.201251148771677	1135060.571159212	0.031205254061140244	0.04936919436594255	0.005238573360229961	48.66399641313016	3820816.191194568	-57592.114826649115	115192.22965329823
KY9_US-Vir17-VA2	dadi_objects_duos/probs.KY9.US-Vir17-VA2.delim	4256544	5320274.540529218	35184779.00791342	3397840.7376950015	1.2174434743000624	8.051366385617591	372689.76054854406	0.6805526547703422	4.500725400340228	3.259807460999927	3.577808317303231	3820816.191194568	-547950.5924377788	1095909.1848755577
KY9_US-Vir17-VA2	dadi_objects_duos/probs.KY9.US-Vir17-VA2.delim	4256544	756322.0954913659	1193530.8953717044	17086.680419162767	0.782139122958922	1.2342720294637466	1136479.8506223173	0.031726356335948745	0.050066481873606634	0.005375666872323847	49.305322973548634	3820816.191194568	-57756.47529676741	115520.95059353481
KY9_US-Vir17-VA2	dadi_objects_duos/probs.KY9.US-Vir17-VA2.delim	4256544	16339758.720539613	12652698.37689232	1378798.8964561897	126.75112614939852	98.1497827188727	102716.54701426822	7.583686605600484	5.872430606023809	4.799510068763414	33.42731121188314	3820816.191194568	-1164310.2015690769	2328628.4031381537
KY9_US-Vir17-VA2	dadi_objects_duos/probs.KY9.US-Vir17-VA2.delim	4256544	20310775.38835638	20793894.08057926	1281865.487002791	53.48864363112789	54.760941860306296	103858.62737995131	9.32307278182903	9.544834415431557	4.4130237789247495	11.474466601908116	3820816.191194568	-1917867.1783266426	3835742.356653285
KY9_US-Vir17-VA2	dadi_objects_duos/probs.KY9.US-Vir17-VA2.delim	4256544	278330.04555749375	451002.78901869286	4691.993290254012	0.29512870131755836	0.4782231366616464	1101438.8623258572	0.012046887222483142	0.01952063682327547	0.0015231173949507954	48.99667372443875	3820816.191194568	-61971.445745792465	123950.89149158493
KY9_US-Vir17-VA2	dadi_objects_duos/probs.KY9.US-Vir17-VA2.delim	4256544	4147399.754304401	58701057.69415201	6419062.623546448	1.274774889893743	18.04278313925382	516265.2692209962	0.3829818014757143	5.420610058363363	4.445648219490889	6.657104253944971	3820816.191194568	-619471.9850898387	1238951.9701796775
KY9_US-Vir17-VA2	dadi_objects_duos/probs.KY9.US-Vir17-VA2.delim	4256544	10408206.281959616	17837086.58390048	2033432.7693911302	23.67634616411643	40.57539071374291	189614.01951517016	2.6168606460186448	4.4846507319845434	3.834385421703519	18.095228876736865	3820816.191194568	-1136186.8021922733	2272381.6043845466
KY9_US-Vir17-VA2	dadi_objects_duos/probs.KY9.US-Vir17-VA2.delim	4256544	23428522.867380735	10437629.993529843	1747205.1101513456	65.77566122052012	29.303683304568178	142411.72827168912	7.84285707422438	3.494067496114577	4.386665567015798	16.773392807754313	3820816.191194568	-1295190.311056099	2590388.622112198
KY9_US-Vir17-VA2	dadi_objects_duos/probs.KY9.US-Vir17-VA2.delim	4256544	665628.0967753109	1063931.8912098785	14677.174781065574	0.699032315349702	1.117324789758506	1133675.359681305	0.027990978971613806	0.04474044190496019	0.004629031648172326	49.946971562416884	3820816.191194568	-57254.060846861445	114516.12169372289
KY9_US-Vir17-VA2	dadi_objects_duos/probs.KY9.US-Vir17-VA2.delim	4256544	8857894.726045605	19318319.345544755	1935243.0082810684	39.843875729830266	86.8961236409594	140622.88827995563	3.002960713092823	6.54920337527539	4.920575328549667	26.536394935912483	3820816.191194568	-1138029.3852299561	2276066.7704599123
KY9_US-Vir17-VA2	dadi_objects_duos/probs.KY9.US-Vir17-VA2.delim	4256544	19176979.90239875	7425632.30711688	3022225.6407386716	40.01409401013658	15.494095041759719	221484.55053415487	4.127736113882077	1.5983252210981276	4.878876664099826	19.387912844314023	3820816.191194568	-968193.1067076706	1936394.2134153412
KY9_US-Vir17-VA2	dadi_objects_duos/probs.KY9.US-Vir17-VA2.delim	4256544	19077205.928794846	9164096.008568881	2161404.679610321	52.3612102455206	25.152695819598158	169520.37387353752	5.364978871081307	2.577168881126529	4.558800395660332	19.519633349447744	3820816.191194568	-1104403.8338934665	2208815.667786933
KY9_US-Vir17-VA2	dadi_objects_duos/probs.KY9.US-Vir17-VA2.delim	4256544	15104550.881996868	13220604.842226645	2172978.8469263944	17.288745280479862	15.132371121578013	176136.49264665772	4.088214009430026	3.5783031452825305	4.411055742118023	8.457847480880893	3820816.191194568	-1127151.8390542925	2254311.678108585
KY9_US-Vir17-VA2	dadi_objects_duos/probs.KY9.US-Vir17-VA2.delim	4256544	6909216.203023085	13656008.018520957	9579741.344106251	0.9822078311011634	1.941325560416357	698488.9150869721	0.4715680949986308	0.932050394335943	4.903776366523523	4.165709434197474	3820816.191194568	-205468.6383468768	410945.2766937536
KY9_US-Vir17-VA2	dadi_objects_duos/probs.KY9.US-Vir17-VA2.delim	4256544	25283030.695241567	7406823.399015548	2399196.3293793485	52.45129705477111	15.365938483281267	273580.1990276082	4.405747672856996	1.2906915846768783	3.1355773494255716	23.810395396864845	3820816.191194568	-1027922.0779784675	2055852.155956935
KY9_US-Vir17-VA2	dadi_objects_duos/probs.KY9.US-Vir17-VA2.delim	4256544	28386920.01577486	7429864.18866107	1980353.1436982357	130.24507242292475	34.08975678963744	145666.8220736924	9.290365028472895	2.4316181673207766	4.860919041262561	28.038741647664576	3820816.191194568	-1128276.2968430072	2256560.5936860144
KY9_US-Vir17-VA2	dadi_objects_duos/probs.KY9.US-Vir17-VA2.delim	4256544	13353142.982023414	11163041.829425285	3204012.4752515387	1.1636780922936203	0.9728187017653791	232325.67960245014	2.74006858075948	2.2906592270965933	4.93098150487292	0.8493788078625953	3820816.191194568	-402180.05637067946	804368.1127413589
KY9_US-Vir17-VA2	dadi_objects_duos/probs.KY9.US-Vir17-VA2.delim	4256544	755313.3478511322	1192563.7862465535	16891.510134647455	0.7483816955210802	1.1816194045919866	1134740.8089335302	0.03173259840870368	0.05010258035739584	0.005322408398551034	47.16800596548769	3820816.191194568	-57609.50306363703	115227.00612727406
KY9_US-Vir17-VA2	dadi_objects_duos/probs.KY9.US-Vir17-VA2.delim	4256544	6002989.859995223	8978935.14420386	4422824.0369896935	1.1327561380491404	1.6943130231691184	3526383.302304358	0.08115461897859313	0.12138652195923305	0.4484422637167152	27.915999170618683	3820816.191194568	-149341.0739461439	298690.1478922878
KY9_US-Vir17-VA2	dadi_objects_duos/probs.KY9.US-Vir17-VA2.delim	4256544	6000881.157128488	8972971.4782073	3664399.175327452	1.133228197730233	1.6944885309809048	2657241.3153987415	0.10766119087639588	0.16098315726452367	0.4930695372144387	21.051749260906366	3820816.191194568	-149327.3070985719	298662.6141971438
KY9_US-Vir17-VA2	dadi_objects_duos/probs.KY9.US-Vir17-VA2.delim	4256544	5484167.064902409	19369759.55512197	6101190.081904343	0.6775673698996254	2.393128597658007	491973.95591762813	0.5314271194733401	1.8769697209165617	4.434134213223339	2.5499916924492467	3820816.191194568	-357088.41976635734	714184.8395327147
KY9_US-Vir17-VA2	dadi_objects_duos/probs.KY9.US-Vir17-VA2.delim	4256544	9620.712453380194	14961.704663715083	135.54790380515897	3.5348956767301183e-12	5.497312739421633e-12	1085728.703821994	0.00042243613908341193	0.0006569539192521491	4.463832374064438e-05	1.673576358500018e-08	3820816.191194568	-68107.2005783441	136222.4011566882
KY9_US-Vir17-VA2	dadi_objects_duos/probs.KY9.US-Vir17-VA2.delim	4256544	37155826.15279316	4748790.919826264	7721697.043714991	15.476965220145305	1.9780712613321298	675135.9623765543	2.6236797891386034	0.33532579003781526	4.089384133562128	11.797907110628499	3820816.191194568	-691770.6716715808	1383549.3433431615
KY9_US-Vir17-VA2	dadi_objects_duos/probs.KY9.US-Vir17-VA2.delim	4256544	10540627.810783599	11827093.764327211	1973552.8271192193	1.6529174312305088	1.8546532326902072	686828.695944541	0.7316328494811246	0.8209274122194701	1.027393267434529	4.518434163809788	3820816.191194568	-268778.97484335717	537565.9496867143
KY9_US-Vir17-VA2	dadi_objects_duos/probs.KY9.US-Vir17-VA2.delim	4256544	518001.79703408206	839739.9580161831	10263.913813097139	0.5495677485112811	0.8909119634416004	1119394.6040298098	0.022060899035988502	0.03576323197400289	0.003278431990773112	49.822788057255266	3820816.191194568	-58030.64685435032	116069.29370870064
KY9_US-Vir17-VA2	dadi_objects_duos/probs.KY9.US-Vir17-VA2.delim	4256544	8702629.203518407	12030680.487387342	5245838.562839729	1.172026677554232	1.6202320184627055	392955.67809635366	1.055800980301482	1.4595593992608744	4.773179251951449	2.220165920322525	3820816.191194568	-209417.00130678134	418842.0026135627
KY9_US-Vir17-VA2	dadi_objects_duos/probs.KY9.US-Vir17-VA2.delim	4256544	43700353.484421745	5168797.25908051	3886621.2989697745	15.356150773955534	1.8162972081848985	322006.1749063737	6.469875143643094	0.7652449063364378	4.315632129833581	4.7469697430076545	3820816.191194568	-765766.7359636629	1531541.4719273257
KY9_US-Vir17-VA2	dadi_objects_duos/probs.KY9.US-Vir17-VA2.delim	4256544	14664165.791930448	17684411.178455558	1254877.8962809714	106.72847707011469	128.71037464653523	107697.66245616303	6.491218597720256	7.8281560888033885	4.166118165108285	32.8839571379088	3820816.191194568	-1226419.7848166637	2452847.5696333274
KY9_US-Vir17-VA2	dadi_objects_duos/probs.KY9.US-Vir17-VA2.delim	4256544	17139250.588292874	15877907.374235537	1227523.9728786035	133.68409256356182	123.84576724625536	89691.07927302652	9.109986392080204	8.439547538490306	4.8934721819365015	29.34891158120292	3820816.191194568	-1266924.189438151	2533856.378876302
KY9_US-Vir17-VA2	dadi_objects_duos/probs.KY9.US-Vir17-VA2.delim	4256544	13604080.525325121	15491738.923130017	1542287.0254341294	67.16107106348883	76.48012497253912	111630.1564429938	5.809821779563644	6.615973937478852	4.939921676076051	23.119838649691957	3820816.191194568	-1419466.9311939494	2838941.862387899
KY9_US-Vir17-VA2	dadi_objects_duos/probs.KY9.US-Vir17-VA2.delim	4256544	32385374.41922434	23837007.496726613	686704.2130867387	98.32625405740143	72.37228832840093	373996.56627998414	4.1281593905583955	3.0385001904442914	0.6565056807787051	47.63684962469501	3820816.191194568	-1752817.2115653253	3505642.4231306505
KY9_US-Vir17-VA2	dadi_objects_duos/probs.KY9.US-Vir17-VA2.delim	4256544	807963.9960857957	966342.709545499	15624.43520475705	0.831353037940722	0.9943165180187202	1134656.2874374976	0.03394711207589193	0.04060149266995148	0.00492352780322889	48.9793085245163	3820816.191194568	-64964.75673421027	129937.51346842054
KY9_US-Vir17-VA2	dadi_objects_duos/probs.KY9.US-Vir17-VA2.delim	4256544	10729162.775244063	25530134.42905021	1515715.559271657	37.03477596030163	88.12456559964436	168284.85612618976	3.039456610994886	7.232412956676357	3.2203944122963124	24.369340115817128	3820816.191194568	-1361394.0250860392	2722796.0501720784
KY9_US-Vir17-VA2	dadi_objects_duos/probs.KY9.US-Vir17-VA2.delim	4256544	12071749.508865455	11577581.979738865	2272409.1286858385	38.36916986877383	36.79849464437776	163715.10222240753	3.5152532731072066	3.371353333587271	4.9628845567375075	21.830102634316592	3820816.191194568	-1062617.3442680442	2125242.6885360884
KY9_US-Vir17-VA2	dadi_objects_duos/probs.KY9.US-Vir17-VA2.delim	4256544	681725.4579174239	1096413.4826616326	14703.106139239539	0.715050043213303	1.1500091408524336	1129252.8979382538	0.02878017618891999	0.046286922162633026	0.004655370711985313	49.69045627236906	3820816.191194568	-57465.59629166398	114939.19258332795
KY9_US-Vir17-VA2	dadi_objects_duos/probs.KY9.US-Vir17-VA2.delim	4256544	26021714.29292625	5720565.293984376	4356813.720525467	6.123958313866048	1.346279610856862	325270.2971624978	3.8138766910674025	0.8384355615028423	4.789177975987803	3.2114086583916874	3820816.191194568	-594265.1275439598	1188538.2550879195
KY9_US-Vir17-VA2	dadi_objects_duos/probs.KY9.US-Vir17-VA2.delim	4256544	11182065.178738901	17035231.294450022	2215705.3009046256	17.64122475755579	26.875388334682686	158978.8021096408	3.353188351532915	5.108389034507575	4.983209752747026	10.522060145825735	3820816.191194568	-1123376.1806028797	2246760.3612057595
KY9_US-Vir17-VA2	dadi_objects_duos/probs.KY9.US-Vir17-VA2.delim	4256544	7756008.538935245	12794441.545038529	4835508.184877231	1.0181348922216666	1.6795323648886167	666362.7324705243	0.5548846716939047	0.9153470448860772	2.5945844670089246	3.6697171291958424	3820816.191194568	-205962.13226853742	411932.26453707484
KY9_US-Vir17-VA2	dadi_objects_duos/probs.KY9.US-Vir17-VA2.delim	4256544	18150989.457123663	10998091.678109502	1383337.879399058	153.77081834714426	93.1731882493095	111909.57053221327	7.7322916251393075	4.685168947733858	4.419747222347195	39.773672748503934	3820816.191194568	-1170687.1787978886	2341382.357595777
KY9_US-Vir17-VA2	dadi_objects_duos/probs.KY9.US-Vir17-VA2.delim	4256544	11738450.920330476	16971895.2860368	2507610.974572812	0.9140395143652	1.3215528207591947	185498.3829622888	3.016795072855763	4.361796153806153	4.833441038660012	0.6059672548456867	3820816.191194568	-554089.2609171207	1108186.5218342415
KY9_US-Vir17-VA2	dadi_objects_duos/probs.KY9.US-Vir17-VA2.delim	4256544	11765323.901453918	11814693.066843964	3457877.1430207896	1.4061210232170778	1.4120213300794369	252843.6580311351	2.218334189627105	2.227642671774763	4.889831404519719	1.2677269545698544	3820816.191194568	-306929.4878549497	613866.9757098994
KY9_US-Vir17-VA2	dadi_objects_duos/probs.KY9.US-Vir17-VA2.delim	4256544	720990.3786213592	1249215.497869459	16174.836944664507	0.7159819960473218	1.2405377827205963	1128106.292673054	0.03046874718210667	0.052791316374199496	0.005126562790058901	46.99779690763232	3820816.191194568	-58669.87399686066	117347.74799372132
KY9_US-Vir17-VA2	dadi_objects_duos/probs.KY9.US-Vir17-VA2.delim	4256544	28076987.834645927	5830438.336185313	2881461.021036835	118.42371115687928	24.59174572104211	207693.19574001772	6.444710223721645	1.3383018782244653	4.960516192759358	36.75067056420507	3820816.191194568	-985297.4224130271	1970602.8448260543
KY9_US-Vir17-VA2	dadi_objects_duos/probs.KY9.US-Vir17-VA2.delim	4256544	11489489.320370955	9979561.494556025	2325494.152056169	55.10065098188349	47.85942347227156	167215.57508156798	3.275662498695641	2.84518088051008	4.972501426005801	33.64244698825011	3820816.191194568	-1031192.7825037675	2062393.565007535
KY9_US-Vir17-VA2	dadi_objects_duos/probs.KY9.US-Vir17-VA2.delim	4256544	9553487.13547981	16618060.242301641	2509798.107086494	12.40227531651504	21.573458510875614	268660.26130090567	1.6952495589239822	2.9488456828825926	3.3401944187651655	14.631798900908816	3820816.191194568	-967136.1658544466	1934280.3317088932
KY9_US-Vir17-VA2	dadi_objects_duos/probs.KY9.US-Vir17-VA2.delim	4256544	11841897.387679636	12641142.569446111	2064892.3729591104	41.86410937894243	44.68964371813338	161613.6020537284	3.493160441301992	3.728924319373809	4.568313520193184	23.969187835723105	3820816.191194568	-1104637.2696613425	2209282.539322685
KY9_US-Vir17-VA2	dadi_objects_duos/probs.KY9.US-Vir17-VA2.delim	4256544	7088793.696040345	12971730.604209557	14945414.209988901	0.9257667793428063	1.6940537105303917	1079759.4505724933	0.31298280120719946	0.5727248887604752	4.948998628681546	5.915767740412895	3820816.191194568	-203662.88885770683	407333.77771541366
KY9_US-Vir17-VA2	dadi_objects_duos/probs.KY9.US-Vir17-VA2.delim	4256544	133324466.3720888	4429504.024563544	4256717.020952511	156.3654608037204	5.195006263890147	738401.4828333751	8.607805469690014	0.2859813356705404	2.0611927739636617	36.331086094897884	3820816.191194568	-897944.6830324043	1795897.3660648086
KY9_US-Vir17-VA2	dadi_objects_duos/probs.KY9.US-Vir17-VA2.delim	4256544	7891633.866824777	25953027.464981653	1905921.593544967	36.72716921476216	120.78376258036744	140032.20093748378	2.686668991023673	8.83558402354098	4.866463911418409	27.34030082415802	3820816.191194568	-1146642.203488003	2293292.406976006
KY9_US-Vir17-VA2	dadi_objects_duos/probs.KY9.US-Vir17-VA2.delim	4256544	6715914.743464855	31068456.201526113	2617956.2193381395	16.02330137506308	74.12530623016323	208017.37484653085	1.539149170694269	7.120249500466337	4.499861630567066	20.82098562004279	3820816.191194568	-1004596.2898110275	2009200.579622055
KY9_US-Vir17-VA2	dadi_objects_duos/probs.KY9.US-Vir17-VA2.delim	4256544	1212111046.5564528	2186237.6613729447	27288790.931355324	191.7432454081815	0.3458398515681853	5875609.693296048	9.834779341203022	0.01773860988076496	1.6606103746120824	38.992892215663446	3820816.191194568	-2293472.8483955227	4586953.696791045
KY9_US-Vir17-VA2	dadi_objects_duos/probs.KY9.US-Vir17-VA2.delim	4256544	4413791.831090594	57001694.495186016	13027386.790147064	2.211194755638416	28.55636440360059	972959.6008805913	0.21626796234025167	2.7929818147697762	4.787390914667851	20.448657597832927	3820816.191194568	-636783.846733167	1273575.693466334
KY9_US-Vir17-VA2	dadi_objects_duos/probs.KY9.US-Vir17-VA2.delim	4256544	26002288.551349442	5094668.491079386	6117958.598805725	5.675111456160127	1.1119333385584693	453392.83672296634	2.7340853563948198	0.5356935598048871	4.824677300992438	4.151378407324752	3820816.191194568	-592992.9434814802	1185993.8869629605
KY9_US-Vir17-VA2	dadi_objects_duos/probs.KY9.US-Vir17-VA2.delim	4256544	25297816.064181227	6299152.485387934	4127577.9575614524	13.867891000988129	3.453102822960645	300593.38463404466	4.012164784985299	0.999028442336968	4.909669492388894	6.91292194821402	3820816.191194568	-722894.0683542746	1445796.1367085492
KY9_US-Vir17-VA2	dadi_objects_duos/probs.KY9.US-Vir17-VA2.delim	4256544	36413593.15463673	12351667.227927217	798276.8769116558	87.1763882885609	29.57065329148284	470109.7893846049	3.6926605817622256	1.252568360884301	0.6071425161472226	47.2160310206243	3820816.191194568	-1408125.5162825603	2816259.0325651206
KY9_US-Vir17-VA2	dadi_objects_duos/probs.KY9.US-Vir17-VA2.delim	4256544	41371297.79378979	32385490.36292146	648631.4506286862	108.93717544586484	85.27612218380838	332519.923596578	5.931391935576733	4.643099119727518	0.6974558513185407	36.73241513259482	3820816.191194568	-2052863.1268280384	4105734.2536560767
KY9_US-Vir17-VA2	dadi_objects_duos/probs.KY9.US-Vir17-VA2.delim	4256544	12472145.214229818	8356299.954972423	3009984.34739327	42.95100311218791	28.777043500335783	220008.58681911434	2.7025682917137805	1.8107126646177636	4.89171331957655	31.785323052799804	3820816.191194568	-965123.0173850654	1930254.0347701309
KY9_US-Vir17-VA2	dadi_objects_duos/probs.KY9.US-Vir17-VA2.delim	4256544	18613772.04134328	6711449.559320391	4230206.995879884	2.604500558415023	0.9390882238269186	324751.0688198496	2.732492329784052	0.9852374038879697	4.657441637574743	1.9063186600936262	3820816.191194568	-470052.9314814918	940113.8629629835
KY9_US-Vir17-VA2	dadi_objects_duos/probs.KY9.US-Vir17-VA2.delim	4256544	4714992.8073162045	42035102.71875207	4668447.091336939	1.3379415670869215	11.928016330569804	380581.1604750605	0.5906210185824717	5.265504359931296	4.385928490931967	4.530626323790734	3820816.191194568	-564743.5488268506	1129495.0976537012
KY9_US-Vir17-VA2	dadi_objects_duos/probs.KY9.US-Vir17-VA2.delim	4256544	5783329.411264734	35686335.13628085	3518672.451702392	8.95197909264415	55.23865291346361	305486.67184502404	0.9025282665095958	5.569097642249744	4.118347274944289	19.837559497753354	3820816.191194568	-896079.5235804684	1792167.0471609368
KY9_US-Vir17-VA2	dadi_objects_duos/probs.KY9.US-Vir17-VA2.delim	4256544	26943662.868000012	9966594.86866137	2180900.755279874	9.337927081431951	3.4541456590249413	169648.91252132558	7.571478708118368	2.8007276223061193	4.5964359657740195	2.466605914487891	3820816.191194568	-1007952.0180967383	2015912.0361934765
KY9_US-Vir17-VA2	dadi_objects_duos/probs.KY9.US-Vir17-VA2.delim	4256544	6006373.710780835	8979517.10005193	4507791.640250833	1.1336776712599042	1.694845929542064	3641458.0912828306	0.0786343287228119	0.117558169607432	0.44261375789917595	28.834166697248683	3820816.191194568	-149341.4773076866	298690.9546153732
KY9_US-Vir17-VA2	dadi_objects_duos/probs.KY9.US-Vir17-VA2.delim	4256544	12580911.908752581	7388262.564128185	16512372.728108052	2.0639774545076395	1.212090782523837	1200278.0087539135	0.49969548116576123	0.2934510187924105	4.9188550576739845	8.260941042302392	3820816.191194568	-280762.59865447925	561533.1973089585
KY9_US-Vir17-VA2	dadi_objects_duos/probs.KY9.US-Vir17-VA2.delim	4256544	786962.4025241772	1241801.357095563	17741.031662268535	0.7846498208292447	1.2381521775693871	1135319.4766879189	0.0330454024690703	0.0521445821302751	0.005587238033571719	47.48919741943879	3820816.191194568	-57960.00425162573	115928.00850325146
KY9_US-Vir17-VA2	dadi_objects_duos/probs.KY9.US-Vir17-VA2.delim	4256544	7463.340880059164	12163.763945775701	106.1487064268656	2.1289461326361743e-12	3.469759538901461e-12	1084201.6898007442	0.00032816960016605385	0.0005348512971268478	3.5005881445381604e-05	1.297466999721441e-08	3820816.191194568	-67908.5091632899	135825.0183265798
KY9_US-Vir17-VA2	dadi_objects_duos/probs.KY9.US-Vir17-VA2.delim	4256544	8009523.313651273	17733867.06994324	3447355.7706588553	0.8568974138415114	1.897254584894405	248695.2575798084	1.5353744733052963	3.399469075241115	4.956270409689337	1.1162064092375001	3820816.191194568	-354047.661996444	708103.323992888
KY9_US-Vir17-VA2	dadi_objects_duos/probs.KY9.US-Vir17-VA2.delim	4256544	8020579.225445253	20316588.270137623	1873104.8956236318	30.108512858508004	76.26659396765619	315470.7262501033	1.2120535758906203	3.0702013870264744	2.1229483333708186	49.681818456554915	3820816.191194568	-1056248.0186679312	2112504.0373358624
KY9_US-Vir17-VA2	dadi_objects_duos/probs.KY9.US-Vir17-VA2.delim	4256544	6756314.462957642	20536696.022632137	3331498.0601347573	14.119239776186424	42.91726457434062	261472.44086790414	1.2318535619751114	3.744379022820819	4.555646687326223	22.923568534474377	3820816.191194568	-924545.4357693053	1849098.8715386107
KY9_US-Vir17-VA2	dadi_objects_duos/probs.KY9.US-Vir17-VA2.delim	4256544	7494012.005412118	12233327.394210692	9676813.407991117	1.414152640176574	2.308482054762347	1435793.1275676913	0.24882709195436206	0.40618873818573276	2.4097771836672552	11.366548787508611	3820816.191194568	-199866.89473628812	399741.78947257623
