Pair_name	fs_name	L	pop1_size	pop2_size	divergence_time	mig_pop1	mig_pop2	theta	nu1	nu2	Ts	m12	fs_sanitycheck	-2LL_model	AIC
KY9_US-Vir18-VA3	dadi_objects_duos/probs.KY9.US-Vir18-VA3.delim	4216813	10873519.60986721	9490087.88842416	5052291.271782983	1.04007499926494	0.9077468480969166	442435.0235425088	1.1607080808625474	1.0130318512686467	4.044850625571519	1.7921388097721136	3744089.6898459084	-254000.22526329613	508008.45052659226
KY9_US-Vir18-VA3	dadi_objects_duos/probs.KY9.US-Vir18-VA3.delim	4216813	10739072.567848617	11242982.522048254	2295355.83590625	45.331298672647776	47.45838110864254	163228.60268928102	3.107226262669205	3.2530267714018897	4.981009440407098	29.177983732479632	3744089.6898459084	-929607.5127541305	1859223.025508261
KY9_US-Vir18-VA3	dadi_objects_duos/probs.KY9.US-Vir18-VA3.delim	4216813	4145766.8731835643	80462611.46617067	9250122.188515512	1.5778545604653735	30.623598077853003	669114.3418661774	0.2926219520074631	5.67931751858697	4.89678163034218	10.784252853491536	3744089.6898459084	-559352.6027895354	1118713.2055790708
KY9_US-Vir18-VA3	dadi_objects_duos/probs.KY9.US-Vir18-VA3.delim	4216813	20697130.960337464	7137739.568648397	2564472.2003462687	63.451365638964155	21.882227255261434	233527.41821673053	4.185762997349016	1.4435279086949957	3.8897682223914583	30.317705841993458	3744089.6898459084	-894379.7595000967	1788767.5190001933
KY9_US-Vir18-VA3	dadi_objects_duos/probs.KY9.US-Vir18-VA3.delim	4216813	4686278.550319388	38187227.255441085	12550407.456518194	1.7033749118346966	13.880345387282896	892944.9108419836	0.2478596303242439	2.0197416626027147	4.978479987348808	13.744674028653904	3744089.6898459084	-454841.9095066729	909691.8190133458
KY9_US-Vir18-VA3	dadi_objects_duos/probs.KY9.US-Vir18-VA3.delim	4216813	15314479.121200904	12554899.202192428	2625634.341932815	1.3918120893600876	1.1410156592344154	197678.6458416114	3.6588519562219997	2.9995481493404923	4.704766707343392	0.7607916942325391	3744089.6898459084	-467036.2360155737	934080.4720311475
KY9_US-Vir18-VA3	dadi_objects_duos/probs.KY9.US-Vir18-VA3.delim	4216813	14026147.817336107	11209582.128080593	2136861.811938087	37.549212667854725	30.00902234360044	179821.25319938382	3.683831492228709	2.944087870449246	4.209194790837562	20.385955626400026	3744089.6898459084	-976620.6993754255	1953249.398750851
KY9_US-Vir18-VA3	dadi_objects_duos/probs.KY9.US-Vir18-VA3.delim	4216813	26453950.96273634	9034800.108429236	2039464.3099591474	54.82303024100175	18.723672704449122	153517.55802372601	8.138321742992003	2.7794755599868464	4.705672112443429	13.472809744394894	3744089.6898459084	-1064538.9629861321	2129085.9259722643
KY9_US-Vir18-VA3	dadi_objects_duos/probs.KY9.US-Vir18-VA3.delim	4216813	10114721.906906497	13337817.222831674	3587975.700416542	1.171848309338978	1.5452623123701752	293492.5604117011	1.6276432241018044	2.146298042284971	4.3302802331916554	1.439932648613026	3744089.6898459084	-245413.77185917142	490835.54371834284
KY9_US-Vir18-VA3	dadi_objects_duos/probs.KY9.US-Vir18-VA3.delim	4216813	197083.17051896694	277746.92690246284	2922.5747264713395	0.18445319605281443	0.2599476567486836	1087247.3606163072	0.00856098119255078	0.012064887180571953	0.000952140127576197	43.09160174614421	3744089.6898459084	-55649.53847364786	111307.07694729572
KY9_US-Vir18-VA3	dadi_objects_duos/probs.KY9.US-Vir18-VA3.delim	4216813	315126.0023942055	489233.7211080504	5267.8307056123	0.3380709855632249	0.5248558513393047	1094972.50892008	0.013592000732747292	0.021101607119894016	0.001704088714196738	49.74558083251252	3744089.6898459084	-52320.41780443191	104648.83560886382
KY9_US-Vir18-VA3	dadi_objects_duos/probs.KY9.US-Vir18-VA3.delim	4216813	19380590.948243704	5115194.47792792	14560808.264712118	2.353001247268198	0.6210367381844215	1491268.500596841	0.6137811344140358	0.16199763349814297	3.458543521083675	7.667232227704619	3744089.6898459084	-561338.4772003212	1122684.9544006423
KY9_US-Vir18-VA3	dadi_objects_duos/probs.KY9.US-Vir18-VA3.delim	4216813	52486712.49262161	6404069.856055271	1781756.0061004066	174.87412684497292	21.336945507671285	353479.09596776904	7.012744249427691	0.8556471137775702	1.785451683986273	49.87323667457127	3744089.6898459084	-966536.0232874769	1933080.0465749537
KY9_US-Vir18-VA3	dadi_objects_duos/probs.KY9.US-Vir18-VA3.delim	4216813	9998788.034144724	14749309.393735902	2148623.3237780677	31.920721989712064	47.086567200938205	189069.4694469848	2.497631258433412	3.684280140383177	4.025339238179086	25.560796360094947	3744089.6898459084	-951872.215483412	1903752.430966824
KY9_US-Vir18-VA3	dadi_objects_duos/probs.KY9.US-Vir18-VA3.delim	4216813	54811860.57416812	4719759.384828546	4230210.559540457	22.162604449180233	1.9083855071790514	441643.024804948	5.861456326282278	0.504720387429638	3.3927684099156075	7.562149478041822	3744089.6898459084	-736207.0898914702	1472422.1797829403
KY9_US-Vir18-VA3	dadi_objects_duos/probs.KY9.US-Vir18-VA3.delim	4216813	641707.6032520323	981251.9486448589	13151.279097380859	0.6555491575048386	1.0024174327594446	1118135.564485852	0.02710473019089271	0.04144655475877343	0.004166171461543458	48.37156857035276	3744089.6898459084	-49773.71186755693	99555.42373511386
KY9_US-Vir18-VA3	dadi_objects_duos/probs.KY9.US-Vir18-VA3.delim	4216813	5270442.5075155115	28957314.406214327	4274923.286860882	0.7946070257245237	4.365797642319533	308873.96430104057	0.8058758528108622	4.4277117925001015	4.902421294323869	1.9720333422399163	3744089.6898459084	-430947.92932688416	861903.8586537683
KY9_US-Vir18-VA3	dadi_objects_duos/probs.KY9.US-Vir18-VA3.delim	4216813	17535913.493923865	9178437.990245804	2132699.8678785823	54.27790583666802	28.409491934074502	180676.5878885587	4.5838339717652214	2.399215523160922	4.181108794482518	23.682317540731415	3744089.6898459084	-971794.473253897	1943596.946507794
KY9_US-Vir18-VA3	dadi_objects_duos/probs.KY9.US-Vir18-VA3.delim	4216813	9151689.400053697	11156833.659037866	2788739.562211638	35.51999959425849	43.302466869112635	199912.41401350868	2.1620407410657867	2.6357460199635283	4.9411928098923505	32.857844831128176	3744089.6898459084	-864778.9452319383	1729565.8904638765
KY9_US-Vir18-VA3	dadi_objects_duos/probs.KY9.US-Vir18-VA3.delim	4216813	71783119.3550436	4475938.61627682	4211875.788774633	31.992405929797037	1.9948428880685147	539481.1251585627	6.284177406252792	0.3918413211476702	2.7654315092632227	10.181891395352528	3744089.6898459084	-764358.5236755128	1528725.0473510255
KY9_US-Vir18-VA3	dadi_objects_duos/probs.KY9.US-Vir18-VA3.delim	4216813	17355388.545071974	14760960.097426452	1243693.4562091178	140.7240494732056	119.68744310320132	106485.71209305688	7.697423230800207	6.546748110407923	4.137000908231542	36.563937113427045	3744089.6898459084	-1049434.5926869302	2098877.1853738604
KY9_US-Vir18-VA3	dadi_objects_duos/probs.KY9.US-Vir18-VA3.delim	4216813	33046189.906544633	5058915.4744279655	5821201.462601551	14.159946651706424	2.1676923553358063	508016.7640683254	3.072173334051665	0.47030732631240296	4.058805053306228	9.218195142024689	3744089.6898459084	-630636.1502750722	1261280.3005501444
KY9_US-Vir18-VA3	dadi_objects_duos/probs.KY9.US-Vir18-VA3.delim	4216813	10462217.50248864	10452263.955946475	4666889.94755468	1.2846343584375244	1.2834121827493081	401514.843171871	1.2306215171469865	1.229450728206325	4.117082419974225	2.0877814023856147	3744089.6898459084	-204401.28885257378	408810.57770514756
KY9_US-Vir18-VA3	dadi_objects_duos/probs.KY9.US-Vir18-VA3.delim	4216813	9053665.257293295	19866525.051231686	1999747.4601350303	32.520734640380844	71.36049003989086	143084.64091135675	2.9883659549206882	6.5573936542280205	4.950462127501708	21.764894347582644	3744089.6898459084	-1010999.1592594224	2022006.318518845
KY9_US-Vir18-VA3	dadi_objects_duos/probs.KY9.US-Vir18-VA3.delim	4216813	5860748.909040538	24341470.14899796	3577880.0138385138	14.715041375004164	61.116035839449104	321158.07760380243	0.8618598124207851	3.5795655507951083	3.946122190953344	34.14718069676012	3744089.6898459084	-808872.6193333577	1617753.2386667153
KY9_US-Vir18-VA3	dadi_objects_duos/probs.KY9.US-Vir18-VA3.delim	4216813	46726084.16343308	5318646.493735981	3120824.4282023567	146.74858127614252	16.703814180857297	237676.15760695332	9.284876550433502	1.0568610015983477	4.651010557817476	31.610238537698372	3744089.6898459084	-874616.6584478848	1749241.3168957697
KY9_US-Vir18-VA3	dadi_objects_duos/probs.KY9.US-Vir18-VA3.delim	4216813	9446220.228843186	16364550.82287822	1994196.8475772636	21.6098812776597	37.43677279138918	343088.13251374743	1.3003334521191334	2.252686508294353	2.058855826885132	33.237445737387446	3744089.6898459084	-918099.9675216861	1836207.9350433722
KY9_US-Vir18-VA3	dadi_objects_duos/probs.KY9.US-Vir18-VA3.delim	4216813	12465315.493116627	11718630.95599799	2517422.836901098	23.48018807194507	22.073701940756475	186191.53129975733	3.161882419676378	2.972482583606178	4.789165555393544	14.85203113552103	3744089.6898459084	-909494.8610723091	1818997.7221446182
KY9_US-Vir18-VA3	dadi_objects_duos/probs.KY9.US-Vir18-VA3.delim	4216813	7185509.008981669	28589488.978362173	2340320.8074955735	21.319924265335963	84.82707892251614	165962.996687837	2.0447896346801153	8.13574802434786	4.9949107471770136	20.85292677911215	3744089.6898459084	-926711.5214554996	1853431.0429109992
KY9_US-Vir18-VA3	dadi_objects_duos/probs.KY9.US-Vir18-VA3.delim	4216813	10571488.27427958	23127945.99488341	2264000.2638338017	0.9900136147507247	2.1659184423315687	181637.30822676208	2.7487385919702296	6.013597712992938	4.415043860059724	0.7203403172952192	3744089.6898459084	-616943.0381529105	1233894.076305821
KY9_US-Vir18-VA3	dadi_objects_duos/probs.KY9.US-Vir18-VA3.delim	4216813	5269511.726010727	19052437.941426508	6057284.285184487	0.7625574024569786	2.7571012918280027	1261886.781632653	0.19722063324637193	0.7130705976320072	1.7002828414579196	7.733038779004191	3744089.6898459084	-273111.60709317145	546231.2141863429
KY9_US-Vir18-VA3	dadi_objects_duos/probs.KY9.US-Vir18-VA3.delim	4216813	14689247.061383413	18060956.595301855	2138887.656061812	0.8049687820019438	0.9897380152676724	152275.72362845665	4.555869003398208	5.601604492075771	4.975318737947328	0.3533766143853215	3744089.6898459084	-827310.5216710552	1654629.0433421105
KY9_US-Vir18-VA3	dadi_objects_duos/probs.KY9.US-Vir18-VA3.delim	4216813	19037469.12065268	11358926.567669509	2066068.7762589366	29.61717795828574	17.671432449222216	148475.12775582963	6.055609603241753	3.613149645562715	4.9289529575651985	9.781732938144085	3744089.6898459084	-1078790.9450756772	2157589.8901513545
KY9_US-Vir18-VA3	dadi_objects_duos/probs.KY9.US-Vir18-VA3.delim	4216813	35309116.74428163	5799328.640797049	2466590.7705926825	173.87531304310957	28.558065900126593	177405.06066049423	9.399899584918437	1.5438819180392631	4.924869241835584	36.995142654945354	3744089.6898459084	-917543.038866025	1835094.07773205
KY9_US-Vir18-VA3	dadi_objects_duos/probs.KY9.US-Vir18-VA3.delim	4216813	704556.7678734927	1129283.2474007122	15535.589633581547	0.731181157357787	1.1719575617893632	1124319.2211277897	0.029595707091354215	0.04743682516047576	0.004894425384827674	49.411298408976805	3744089.6898459084	-50292.54829074051	100593.09658148102
KY9_US-Vir18-VA3	dadi_objects_duos/probs.KY9.US-Vir18-VA3.delim	4216813	7585878.821521869	14492983.058333885	5334528.10316211	1.163627167782687	2.223134487865205	382438.3295085298	0.9367999376208236	1.7897762335021101	4.940810546134218	2.4842597038123917	3744089.6898459084	-196307.23736377922	392622.47472755844
KY9_US-Vir18-VA3	dadi_objects_duos/probs.KY9.US-Vir18-VA3.delim	4216813	16093946.80863755	63792342.90222969	812205.3676547502	51.36249762939232	203.5879762775563	312755.1293967058	2.430303348356482	9.633109043928691	0.9198669611653905	42.268384038664756	3744089.6898459084	-1588848.8739954415	3177705.747990883
KY9_US-Vir18-VA3	dadi_objects_duos/probs.KY9.US-Vir18-VA3.delim	4216813	673297.9303137324	975108.5969916183	13475.71172012963	0.6919397330917633	1.0021067226858558	1117959.1111600162	0.028443545112941993	0.04119356991878011	0.00426962171371583	48.6535507683201	3744089.6898459084	-50054.64393362109	100117.28786724218
KY9_US-Vir18-VA3	dadi_objects_duos/probs.KY9.US-Vir18-VA3.delim	4216813	8359518.478618469	11399452.336361323	7617148.906207562	1.205009284297764	1.643210184457344	580355.0588099393	0.6802833668523862	0.9276680033052315	4.649029239447518	3.5426686672444756	3744089.6898459084	-162192.84635582098	324393.69271164195
KY9_US-Vir18-VA3	dadi_objects_duos/probs.KY9.US-Vir18-VA3.delim	4216813	740909.4022642401	1172310.2217301184	16396.668728760862	0.7631755818948966	1.2075410743824488	1125032.7070383383	0.031103003008832907	0.04921299182103428	0.005162428865266871	49.07407697437854	3744089.6898459084	-50505.25074621758	101018.50149243516
KY9_US-Vir18-VA3	dadi_objects_duos/probs.KY9.US-Vir18-VA3.delim	4216813	11063702.019313937	17685035.82348542	1891220.7897709894	20.808639916068163	33.262061985333006	248019.12551471082	2.1067726085684604	3.367620439291391	2.700975643462697	19.75404448627943	3744089.6898459084	-1018902.4423682222	2037812.8847364443
KY9_US-Vir18-VA3	dadi_objects_duos/probs.KY9.US-Vir18-VA3.delim	4216813	11654007.206192242	19497944.835007127	1579861.4269233085	51.32183209927622	85.86490752910204	114420.73631944848	4.81030826669393	8.047972132155712	4.890777031273675	21.338271584223907	3744089.6898459084	-1299054.9155413464	2598117.831082693
KY9_US-Vir18-VA3	dadi_objects_duos/probs.KY9.US-Vir18-VA3.delim	4216813	40707332.28231286	5038169.783358376	3428484.6368946834	157.7572518748189	19.524930152367393	252797.69501016365	7.6050469095951305	0.9412436382521949	4.803886129388409	41.48751579054163	3744089.6898459084	-860464.576591584	1720937.153183168
KY9_US-Vir18-VA3	dadi_objects_duos/probs.KY9.US-Vir18-VA3.delim	4216813	34553129.586909026	4900221.9819782255	4217872.422072043	122.54326947123333	17.378721695702005	324787.7085576368	5.024468970251522	0.7125552327717966	4.599996071032015	48.7785953885984	3744089.6898459084	-845792.5120907938	1691593.0241815876
KY9_US-Vir18-VA3	dadi_objects_duos/probs.KY9.US-Vir18-VA3.delim	4216813	18419996.135756534	13308366.40574289	1515716.35104073	77.52142677003037	56.00889078086428	107959.67901377617	8.058056624448833	5.821910563174193	4.973017155888706	19.240725247530214	3744089.6898459084	-1380922.4346028096	2761852.869205619
KY9_US-Vir18-VA3	dadi_objects_duos/probs.KY9.US-Vir18-VA3.delim	4216813	6246079.462249743	9122555.719517658	4075318.5027452298	1.1401004418185414	1.6651452914097564	2773602.212264247	0.10635690595451185	0.1553369288030264	0.520452366575152	21.43914269762896	3744089.6898459084	-129600.09213930105	259208.1842786021
KY9_US-Vir18-VA3	dadi_objects_duos/probs.KY9.US-Vir18-VA3.delim	4216813	13600114.526122587	8220506.3915975895	4221046.280317933	12.232965773644452	7.394141655004791	346703.90619898745	1.852619349105541	1.1198044818863309	4.312459064058091	13.206129774635704	3744089.6898459084	-684931.4580140323	1369870.9160280647
KY9_US-Vir18-VA3	dadi_objects_duos/probs.KY9.US-Vir18-VA3.delim	4216813	1102641.9625127949	1579202.6424356827	22985.634401134223	1.139241618420859	1.6316206305834726	1115424.1183675334	0.04668709481479846	0.06686520738894831	0.007299280787585929	48.80327734848697	3744089.6898459084	-67543.56690313849	135095.13380627698
KY9_US-Vir18-VA3	dadi_objects_duos/probs.KY9.US-Vir18-VA3.delim	4216813	37565308.872588396	6030958.324425187	2389907.2677986915	109.28330734714214	17.54499275918105	330846.3254678241	5.362447005824575	0.8609191666374348	2.5586939418797816	40.758745859284375	3744089.6898459084	-900769.4517124287	1801546.9034248574
KY9_US-Vir18-VA3	dadi_objects_duos/probs.KY9.US-Vir18-VA3.delim	4216813	791366.6687046224	1275502.0958523825	17908.29743287206	0.7922086917355202	1.2768592444197138	1125809.9863517378	0.033198237113131086	0.053507966270194406	0.005634466596716202	47.725949365074776	3744089.6898459084	-51226.429938303925	102460.85987660785
KY9_US-Vir18-VA3	dadi_objects_duos/probs.KY9.US-Vir18-VA3.delim	4216813	5104519.792865475	33729981.947061144	3335176.9824394826	23.075708008690917	152.4811825858095	257531.48639333877	0.9361100815086004	6.1856898260790345	4.587247332946153	49.30127014870508	3744089.6898459084	-833802.3214425554	1667612.6428851108
KY9_US-Vir18-VA3	dadi_objects_duos/probs.KY9.US-Vir18-VA3.delim	4216813	6722781.3452586895	38054375.54909474	2405948.2042062157	13.374162776981747	75.70459112565457	255809.3599936257	1.2411804316455353	7.025715078973646	3.331451144929115	21.55071484530338	3744089.6898459084	-896840.2936370211	1793688.5872740422
KY9_US-Vir18-VA3	dadi_objects_duos/probs.KY9.US-Vir18-VA3.delim	4216813	22045104.745362516	6023922.967080956	3956615.8296827828	45.560345999564696	12.449567276956007	312670.65880968806	3.32987095067243	0.9099020543955912	4.48229423527188	27.364631647580396	3744089.6898459084	-823076.4710038037	1646160.9420076073
KY9_US-Vir18-VA3	dadi_objects_duos/probs.KY9.US-Vir18-VA3.delim	4216813	27666342.98698576	25348721.300048914	925118.139657831	184.79055829122515	169.31057217096446	138200.71206057182	9.454614827535021	8.662597596481486	2.3711035590825635	39.09002358362666	3744089.6898459084	-1320327.5665308642	2640663.1330617284
KY9_US-Vir18-VA3	dadi_objects_duos/probs.KY9.US-Vir18-VA3.delim	4216813	19771190.888769835	9526536.189996202	1537044.8744694428	145.84429797844263	70.27351010936862	121114.60108889789	7.709721511491247	3.714846586997039	4.495247936877962	37.83386929373868	3744089.6898459084	-1012599.2924694224	2025206.584938845
KY9_US-Vir18-VA3	dadi_objects_duos/probs.KY9.US-Vir18-VA3.delim	4216813	2221.0494165342484	3493.7383009155797	31.077193351839004	9.182108922161605e-06	1.4443571307203286e-05	1077378.4935667168	9.736262717618975e-05	0.00015315262105874579	1.0217322325827755e-05	0.18861670413937046	3744089.6898459084	-57718.76448108743	115445.52896217487
KY9_US-Vir18-VA3	dadi_objects_duos/probs.KY9.US-Vir18-VA3.delim	4216813	2517.741151736009	4118.882349865551	35.35472576508686	6.980707594801459e-13	1.1420043431380876e-12	1075825.3393141143	0.00011052783773590393	0.00018081730113729834	1.1640437683047129e-05	1.2631582663330871e-08	3744089.6898459084	-57867.21167349422	115742.42334698843
KY9_US-Vir18-VA3	dadi_objects_duos/probs.KY9.US-Vir18-VA3.delim	4216813	11797512.314741988	9258056.671351967	2455176.2938948865	35.95604188684476	28.216378553803107	363825.4057762874	1.5314392784955764	1.2017916363036654	2.3903047039453744	46.9571890857684	3744089.6898459084	-862726.432215863	1725460.864431726
KY9_US-Vir18-VA3	dadi_objects_duos/probs.KY9.US-Vir18-VA3.delim	4216813	5461586.004326525	27922052.238144647	4432903.42155665	1.2470851888075254	6.375653108770195	437827.15271634574	0.5891399180537533	3.0119448003641986	3.5863212066978822	4.233578987237259	3744089.6898459084	-377110.3287743081	754228.6575486162
KY9_US-Vir18-VA3	dadi_objects_duos/probs.KY9.US-Vir18-VA3.delim	4216813	26921020.50418757	11146307.845975341	1224386.149969153	191.60753744537496	79.3326760270171	156730.8630110218	8.112213248938886	3.3587592331727385	2.7671167915313575	47.2392752915952	3744089.6898459084	-1065031.1426080067	2130070.2852160134
KY9_US-Vir18-VA3	dadi_objects_duos/probs.KY9.US-Vir18-VA3.delim	4216813	23359678.301778644	61128763.23667573	639768.6259004271	67.41814266982385	176.4231351082559	377597.82795788394	2.921727679209909	7.645721710596741	0.6001461958209718	46.14950472595379	3744089.6898459084	-1649367.3005474622	3298742.6010949244
KY9_US-Vir18-VA3	dadi_objects_duos/probs.KY9.US-Vir18-VA3.delim	4216813	13196825.523436857	8010868.713689146	5105374.94864978	1.3178654207644789	0.7999838180254667	369650.291553931	1.6860901317044499	1.0235072563885454	4.892154863612378	1.5632206084170166	3744089.6898459084	-318201.0328349924	636410.0656699848
KY9_US-Vir18-VA3	dadi_objects_duos/probs.KY9.US-Vir18-VA3.delim	4216813	30041918.770226315	5798284.284374627	3872832.064316669	9.883643329419874	1.9076069750290339	332827.79009996285	4.262952081208386	0.8227772748660052	4.121664999880126	4.636994806011629	3744089.6898459084	-622774.5376761968	1245557.0753523936
KY9_US-Vir18-VA3	dadi_objects_duos/probs.KY9.US-Vir18-VA3.delim	4216813	6764960.483440465	30156345.620784312	2237619.2566062035	17.553064179065647	78.24676454259301	321826.3381863101	0.9927640568028588	4.425470938096786	2.4627947182413816	35.362005823607895	3744089.6898459084	-888899.7704124721	1777807.5408249442
KY9_US-Vir18-VA3	dadi_objects_duos/probs.KY9.US-Vir18-VA3.delim	4216813	14532130.670005107	20903771.858369324	1539932.672448052	37.1012041615595	53.36829987806254	109607.69094328363	6.261676552033867	9.00712091481425	4.9765034685623135	11.85024612921234	3744089.6898459084	-1394841.5752585002	2789691.1505170004
KY9_US-Vir18-VA3	dadi_objects_duos/probs.KY9.US-Vir18-VA3.delim	4216813	89245401.03175531	4963867.70977855	2277776.7766050394	42.438801431303794	2.3604644455751322	549611.7555674345	7.668884500060786	0.4265466645875436	1.467975319290321	11.067789958491986	3744089.6898459084	-841892.1410271984	1683792.2820543968
KY9_US-Vir18-VA3	dadi_objects_duos/probs.KY9.US-Vir18-VA3.delim	4216813	7597505.061340124	18159016.64172075	3783278.649748709	0.8799036813230801	2.103083244203692	269069.7504518274	1.3335474918008614	3.1873504394698435	4.980432518139526	1.3196435623523726	3744089.6898459084	-291107.1961393695	582222.392278739
KY9_US-Vir18-VA3	dadi_objects_duos/probs.KY9.US-Vir18-VA3.delim	4216813	544601.3625921418	841144.7565053476	10394.100237301007	0.5548532184496126	0.8569788975694018	1109027.420724148	0.023192032137387207	0.035820432274012534	0.0033197717346269344	47.848607242583945	3744089.6898459084	-50159.357722537476	100326.71544507495
KY9_US-Vir18-VA3	dadi_objects_duos/probs.KY9.US-Vir18-VA3.delim	4216813	17020340.44355673	14155870.380929451	1891084.1340136768	22.550690753392793	18.75548003073577	157939.34772669562	5.089560337271595	4.233003250978489	4.241154732009437	8.861547661887721	3744089.6898459084	-1164008.8485412963	2328025.6970825926
KY9_US-Vir18-VA3	dadi_objects_duos/probs.KY9.US-Vir18-VA3.delim	4216813	461405.70789051114	697344.4175640944	8364.527345442306	0.48704054285287474	0.7360875643229617	1104921.8214274743	0.019722128168022386	0.029806991429151383	0.00268147320192948	49.3902624203169	3744089.6898459084	-50632.26711204169	101272.53422408339
KY9_US-Vir18-VA3	dadi_objects_duos/probs.KY9.US-Vir18-VA3.delim	4216813	9221.358961312486	13986.66478347132	128.49196229282518	2.5173677583090622e-17	3.8182635682990575e-17	1078633.072737485	0.0004037602499679312	0.0006124107404217416	4.2195470676731814e-05	1.246961660296676e-13	3744089.6898459084	-57884.83000197897	115777.66000395794
KY9_US-Vir18-VA3	dadi_objects_duos/probs.KY9.US-Vir18-VA3.delim	4216813	509031.53649520443	832590.832137289	9986.81837435785	0.538689122790077	0.8810998785952857	1109785.6603409336	0.021662468551132304	0.035431935791870164	0.0031875106840086546	49.73478636735697	3744089.6898459084	-50441.49379016561	100890.98758033122
KY9_US-Vir18-VA3	dadi_objects_duos/probs.KY9.US-Vir18-VA3.delim	4216813	9442480.427825447	18229763.508165423	2987906.851509113	1.0571508039537396	2.0409477462885004	213646.6983061544	2.0873355628848147	4.029834529647695	4.953754444270741	1.0129188835289118	3744089.6898459084	-357550.4106553772	715108.8213107544
KY9_US-Vir18-VA3	dadi_objects_duos/probs.KY9.US-Vir18-VA3.delim	4216813	9674522.675518993	12669828.222891087	4108375.7541197743	1.176410012980503	1.5406354694757556	309455.2975664619	1.476501830948328	1.9336379888009247	4.702576207116298	1.593509724569618	3744089.6898459084	-215897.95068246895	431803.9013649379
KY9_US-Vir18-VA3	dadi_objects_duos/probs.KY9.US-Vir18-VA3.delim	4216813	49624227.7834062	37962643.012038924	467688.34278077324	93.54301914430405	71.56061465667784	495157.46612552874	4.733177534931017	3.620891187575778	0.3345621602987495	39.52652037830961	3744089.6898459084	-1646580.2761850073	3293168.5523700146
KY9_US-Vir18-VA3	dadi_objects_duos/probs.KY9.US-Vir18-VA3.delim	4216813	14530142.170821652	19754486.602797255	2028636.564018084	3.570039866988064	4.853655517940455	150467.68366729145	4.560673615288632	6.200473799483516	4.775563453454381	1.5655756882142624	3744089.6898459084	-921676.1986447626	1843360.3972895253
KY9_US-Vir18-VA3	dadi_objects_duos/probs.KY9.US-Vir18-VA3.delim	4216813	7241253.155136755	15604087.170457631	4780500.997962215	1.0566320892531957	2.27692346539682	449565.55161072826	0.7607169092748646	1.639259491424578	3.7665522295113245	2.7779902783031476	3744089.6898459084	-210402.09364719733	420812.18729439465
KY9_US-Vir18-VA3	dadi_objects_duos/probs.KY9.US-Vir18-VA3.delim	4216813	6729147.015387013	22007067.219031684	3533287.678500654	9.850022093519495	32.21360713703528	266520.8565401972	1.1924252975755147	3.89971917947597	4.695819608892874	16.520988129901205	3744089.6898459084	-776949.7135828687	1553907.4271657374
KY9_US-Vir18-VA3	dadi_objects_duos/probs.KY9.US-Vir18-VA3.delim	4216813	6333986.944891909	16163650.666860864	4202568.575325468	12.810190937180495	32.69022388045134	571258.5741462321	0.5236568598499319	1.3363157558677383	2.605827623940545	48.92589754615877	3744089.6898459084	-766950.7026026768	1533909.4052053536
KY9_US-Vir18-VA3	dadi_objects_duos/probs.KY9.US-Vir18-VA3.delim	4216813	6462190.514031697	15461433.788955668	16918213.51902736	1.1448480891428678	2.739162964982193	1229199.4696550244	0.2482903027348069	0.5940592540313251	4.875237124182913	9.221851006929203	3744089.6898459084	-197124.2386661786	394256.4773323572
KY9_US-Vir18-VA3	dadi_objects_duos/probs.KY9.US-Vir18-VA3.delim	4216813	11753646.790299954	13818723.81286876	3026590.2993874755	1.5353751888614375	1.8051355517606091	233888.47910481662	2.3733739457854024	2.790367929767443	4.583617959257381	1.2938333561703843	3744089.6898459084	-324311.7490178591	648631.4980357182
KY9_US-Vir18-VA3	dadi_objects_duos/probs.KY9.US-Vir18-VA3.delim	4216813	4739376.939324048	41258333.54905297	7724589.134361606	1.9755760082550515	17.19824671968774	548970.1955226187	0.40773204860584533	3.549484473462861	4.984139954316648	9.690560332503278	3744089.6898459084	-491849.64723188785	983707.2944637757
KY9_US-Vir18-VA3	dadi_objects_duos/probs.KY9.US-Vir18-VA3.delim	4216813	597517.1259495072	1000325.1055873473	12341.8293753619	0.6292671726486955	1.0534790110361638	1113685.0723306132	0.025339049724821663	0.042421022746730826	0.003925371328530041	49.667779927222526	3744089.6898459084	-50516.334808282896	101040.66961656579
KY9_US-Vir18-VA3	dadi_objects_duos/probs.KY9.US-Vir18-VA3.delim	4216813	11562700.961372066	19306639.10956428	1395214.5783001876	78.36968047571318	130.85654840777931	123520.57544923566	4.421018705418223	7.381926846269853	4.000970098334128	35.45322275142897	3744089.6898459084	-1025805.3988870918	2051618.7977741836
KY9_US-Vir18-VA3	dadi_objects_duos/probs.KY9.US-Vir18-VA3.delim	4216813	9221638.025143972	14079406.839526625	2443952.5304691293	28.08502879230933	42.879643007953426	204391.30850157567	2.130826119647463	3.2533013940696383	4.235395283777917	26.360695068780075	3744089.6898459084	-897773.6584063066	1795555.3168126133
KY9_US-Vir18-VA3	dadi_objects_duos/probs.KY9.US-Vir18-VA3.delim	4216813	11390393.502983902	13249187.000845335	2274756.326865332	25.57489075911113	29.748446364463902	205399.13121326067	2.6190421648114937	3.046442547888796	3.9228335934710152	19.52995725133879	3744089.6898459084	-937955.0937196994	1875918.1874393988
KY9_US-Vir18-VA3	dadi_objects_duos/probs.KY9.US-Vir18-VA3.delim	4216813	50763781.11218078	17551594.321923845	680289.6425842906	122.05941137613881	42.2020823648369	422473.38590937527	5.674883786151363	1.9620929697589475	0.5703718849806674	43.01741356325395	3744089.6898459084	-1499801.7916959338	2999611.5833918676
KY9_US-Vir18-VA3	dadi_objects_duos/probs.KY9.US-Vir18-VA3.delim	4216813	578202.5838919668	908338.7898352973	11270.465998943471	0.5845797922877384	0.918357191547983	1110160.421894082	0.024597821893316243	0.03864243501086415	0.003596000465388459	47.531020821529026	3744089.6898459084	-50100.0882236218	100208.1764472436
KY9_US-Vir18-VA3	dadi_objects_duos/probs.KY9.US-Vir18-VA3.delim	4216813	11962038.877178483	15527023.082423415	1407704.9528972441	38.87694661079592	50.46324072325318	359998.74651605304	1.5693022077377545	2.0369931792588813	1.3850780807425158	49.54679400705034	3744089.6898459084	-1039195.889155732	2078399.778311464
KY9_US-Vir18-VA3	dadi_objects_duos/probs.KY9.US-Vir18-VA3.delim	4216813	25034102.119884472	7938162.568670891	2144023.868359337	44.062431281248905	13.971930808879259	310312.7503932694	3.8100858693080495	1.208155215087164	2.447336016904965	23.129363900268782	3744089.6898459084	-941194.7348432522	1882397.4696865045
KY9_US-Vir18-VA3	dadi_objects_duos/probs.KY9.US-Vir18-VA3.delim	4216813	8148521.106976899	17486969.31957682	2475601.3378838245	24.818041768979477	53.26025781715515	186367.55993892113	2.064956182044131	4.431457552556177	4.705155663426953	24.037354385323304	3744089.6898459084	-897904.3496522257	1795816.6993044515
KY9_US-Vir18-VA3	dadi_objects_duos/probs.KY9.US-Vir18-VA3.delim	4216813	65230682.851003304	4229520.789153638	9527472.815155068	27.76516246886081	1.8002775188558207	792353.8641604733	3.888079257931063	0.25210087235877443	4.2591422427933034	14.28219983541966	3744089.6898459084	-733595.8892488651	1467199.7784977301
KY9_US-Vir18-VA3	dadi_objects_duos/probs.KY9.US-Vir18-VA3.delim	4216813	34646093.86295822	4730469.031308698	4626656.653708852	9.816293034736884	1.3402858742676522	652741.8582520324	2.506773984416803	0.3422670604276166	2.5106687351948005	7.831813395032205	3744089.6898459084	-631239.9373978785	1262487.874795757
KY9_US-Vir18-VA3	dadi_objects_duos/probs.KY9.US-Vir18-VA3.delim	4216813	9865422.495047973	24031348.35091735	2161787.9999643764	12.601528768133285	30.696275575944785	159445.20431792305	2.9221774995515863	7.118181250745848	4.802476482591898	8.624752445781963	3744089.6898459084	-1025920.7110203151	2051849.4220406301
KY9_US-Vir18-VA3	dadi_objects_duos/probs.KY9.US-Vir18-VA3.delim	4216813	4548158.537260138	42771060.0126927	6011065.399607831	1.3190579520837762	12.404472352184374	564445.5060882092	0.3805536920713874	3.5787417409249644	3.772185486697075	6.932309314378357	3744089.6898459084	-466352.68755480845	932713.3751096169
KY9_US-Vir18-VA3	dadi_objects_duos/probs.KY9.US-Vir18-VA3.delim	4216813	16579836.21730537	14527395.280414047	1924991.7622604396	22.56267404647149	19.769609310984027	136590.29361720127	5.732746822137554	5.023082136408768	4.9919777755916295	7.871505491693284	3744089.6898459084	-1172934.915440593	2345877.830881186
KY9_US-Vir18-VA3	dadi_objects_duos/probs.KY9.US-Vir18-VA3.delim	4216813	41331556.25164685	6135169.431387793	2753368.873751172	87.0075376280084	12.915216206851898	231167.22037068606	8.444187573161216	1.2534374741744487	4.21892450480268	20.607675249789775	3744089.6898459084	-903843.1314615502	1807694.2629231005
KY9_US-Vir18-VA3	dadi_objects_duos/probs.KY9.US-Vir18-VA3.delim	4216813	467523.8588739601	721410.5342242679	8553.18708815645	0.4903761060998409	0.7566725889120313	1104688.0727375024	0.019987868274411454	0.030842187957160087	0.0027425333229232915	49.06737420594494	3744089.6898459084	-50581.34245434143	101170.68490868286
KY9_US-Vir18-VA3	dadi_objects_duos/probs.KY9.US-Vir18-VA3.delim	4216813	24679322.5706539	4975632.920802325	6067028.024786862	4.217100006136945	0.8502154611731999	487768.88882440457	2.3895796043429476	0.4817665036067291	4.405807430680222	3.5295748243520033	3744089.6898459084	-572797.1163649595	1145602.232729919
KY9_US-Vir18-VA3	dadi_objects_duos/probs.KY9.US-Vir18-VA3.delim	4216813	25287539.6812333	10588720.160143567	2162312.242730769	13.853520194634713	5.800922130939799	157707.44606862904	7.5728044661740235	3.1709809784030107	4.85657181264699	3.658755552586945	3744089.6898459084	-1032111.5817021235	2064231.163404247
