Pair_name	fs_name	L	pop1_size	pop2_size	divergence_time	mig_pop1	mig_pop2	Mij	Mji	theta	nu1	nu2	Ts	m12	m21	fs_sanitycheck	-2LL_model	AIC
KY13_US-Vir18-VA4	dadi_objects_duos/probs.KY13.US-Vir18-VA4.delim	3946179	2677448.7370337853	6847623.1223438345	107962.25829006538	2.938591528567373	1.3456860083899722	1.0975341891411505e-06	1.965187020878808e-07	974151.1207830299	0.12147576248443302	0.31067643928611094	0.03673682937843019	48.38152843772354	8.662942136726956	3635095.4013793375	-128661.42323241208	257332.84646482416
KY13_US-Vir18-VA4	dadi_objects_duos/probs.KY13.US-Vir18-VA4.delim	3946179	37393938.03788554	45123799.734560706	640053.1239332911	68.80139531304707	119.79270845771269	1.8399077209611133e-06	2.65475667302819e-06	221579.14000018657	7.45876862658437	9.000602756292338	0.957509727232483	18.448459459602148	26.6188191394105	3635095.4013793375	-2054822.3633410532	4109654.7266821065
KY13_US-Vir18-VA4	dadi_objects_duos/probs.KY13.US-Vir18-VA4.delim	3946179	18511915.30720106	20213767.98097455	2953347.887972505	3.3631304692695823	37.10442001773146	1.816738253961943e-07	1.835601361045333e-06	209079.2846371544	3.91322800578985	4.272982111954551	4.682304435985001	1.7188522949818583	17.366990567980228	3635095.4013793375	-724045.0108194941	1448100.0216389883
KY13_US-Vir18-VA4	dadi_objects_duos/probs.KY13.US-Vir18-VA4.delim	3946179	23796120.56965453	6088919.659023334	2902896.6798362625	89.04438181215706	23.329952484932836	3.741970526309608e-06	3.8315421768391295e-06	197533.70282954973	5.324266184439607	1.3623661447424804	4.871317305065531	33.44850866862856	34.2491665327499	3635095.4013793375	-528663.8106866817	1057337.6213733633
KY13_US-Vir18-VA4	dadi_objects_duos/probs.KY13.US-Vir18-VA4.delim	3946179	19732605.36401358	10907243.275771331	1772034.38102492	111.42835406144205	41.35924777945729	5.646915448106732e-06	3.791906601306871e-06	121294.18016848041	7.190171855726991	3.9743841311519033	4.842707359870729	30.99462886208737	20.812909077044882	3635095.4013793375	-727540.9496749153	1455091.8993498306
KY13_US-Vir18-VA4	dadi_objects_duos/probs.KY13.US-Vir18-VA4.delim	3946179	14514923.952690266	27871092.928970817	1485603.8099207014	29.15872330970485	90.69010353893881	2.0088788204984312e-06	3.253912710565803e-06	128833.38034647373	4.979447600212223	9.56137608800444	3.8223517293714737	11.71162974321172	18.970094409886723	3635095.4013793375	-1051700.523883507	2103411.047767014
KY13_US-Vir18-VA4	dadi_objects_duos/probs.KY13.US-Vir18-VA4.delim	3946179	11445790.610231185	14817191.699903257	1781284.1192161008	55.52076237136219	98.06886281803368	4.850758174951513e-06	6.6185863559201965e-06	163111.09657490687	3.1013950756317112	4.0149227727173	3.6199763569475203	35.803734137324234	48.852178918331056	3635095.4013793375	-658682.6108310171	1317375.2216620343
KY13_US-Vir18-VA4	dadi_objects_duos/probs.KY13.US-Vir18-VA4.delim	3946179	10933926.956194805	12329854.404315587	2206416.828956567	51.147362589326214	85.77101719155282	4.67785844868369e-06	6.956369019372361e-06	150236.18952549357	3.2165952190179845	3.6272558694604426	4.868207115859708	31.80217534797016	47.29250997355823	3635095.4013793375	-579681.6558367084	1159373.3116734168
KY13_US-Vir18-VA4	dadi_objects_duos/probs.KY13.US-Vir18-VA4.delim	3946179	35700834.55261825	14357304.078762762	3020967.065657076	43.996293886291504	3.889707894471303	1.232360375818298e-06	2.7092188569196186e-07	242968.52205332357	6.494162630279709	2.6116663318456115	4.121468872509439	13.54948940796592	2.9787173399922993	3635095.4013793375	-668464.572386287	1336939.144772574
KY13_US-Vir18-VA4	dadi_objects_duos/probs.KY13.US-Vir18-VA4.delim	3946179	21558023.279771313	16879501.518823024	2551328.6305018906	4.373656510190365	47.403128595912136	2.0287836474758463e-07	2.8083251476976952e-06	175214.07373343484	5.437944279686042	4.2578017259293555	4.826735059873163	1.6085698143427378	22.26648005107161	3635095.4013793375	-817232.2905389168	1634474.5810778337
KY13_US-Vir18-VA4	dadi_objects_duos/probs.KY13.US-Vir18-VA4.delim	3946179	12194920.262302803	133334765.69595954	1268837.8063226293	3.706542989084496	195.79144084892278	3.039415518396e-07	1.4684200315421251e-06	716314.9063112523	0.7524363706574454	8.226862088869764	0.5871623054955228	9.852110114894854	47.598085086125785	3635095.4013793375	-734998.0022825229	1470006.0045650457
KY13_US-Vir18-VA4	dadi_objects_duos/probs.KY13.US-Vir18-VA4.delim	3946179	15500255.328103708	4758440.11061744	6703395.232012671	1.3786112352977054	2.092080124360938	8.894119523296677e-08	4.39656710125007e-07	451197.67900217016	1.5183321880190697	0.46611443694168947	4.924748024517488	1.8159546984199095	8.976680225086682	3635095.4013793375	-278259.2042740358	556528.4085480716
KY13_US-Vir18-VA4	dadi_objects_duos/probs.KY13.US-Vir18-VA4.delim	3946179	2682121.635996181	22865347.218041822	4069747.421092617	9.259305667388098	33.290907446433096	3.4522318239116883e-06	1.455954599288351e-06	294273.9347598295	0.40282969452045453	3.43416223609369	4.58428601757231	45.97131638178147	19.388080793935362	3635095.4013793375	-465490.8345099618	930991.6690199235
KY13_US-Vir18-VA4	dadi_objects_duos/probs.KY13.US-Vir18-VA4.delim	3946179	37424302.29478124	833820.9565520266	4552323.209875502	25.819715530988148	3.0210569349542027	6.899184205924039e-07	3.6231482444945035e-06	304422.39265071135	5.4334030378553075	0.12105730876882556	4.956927184562844	9.504067837816722	49.9111861262883	3635095.4013793375	-321447.8457015627	642905.6914031254
KY13_US-Vir18-VA4	dadi_objects_duos/probs.KY13.US-Vir18-VA4.delim	3946179	15071524.09225192	16093006.135904292	1386560.2104791035	147.20180553913607	57.52905963287495	9.766882542078852e-06	3.574786410136561e-06	104429.77287695301	6.378633397376665	6.810949295794079	4.401193321432797	46.15465300127631	16.893110529658617	3635095.4013793375	-940164.6485387039	1880339.2970774078
KY13_US-Vir18-VA4	dadi_objects_duos/probs.KY13.US-Vir18-VA4.delim	3946179	4589.402540223304	6434.147819985414	36.18795845977396	2.1602844257063816e-05	8.559322692001147e-10	4.707114720865758e-09	1.3302962461345116e-13	931896.5399875244	0.00021766232116561464	0.0003051533477280384	1.2872189637528921e-05	0.1984987033251995	5.609850100435056e-06	3635095.4013793375	-122996.65761729515	246003.3152345903
KY13_US-Vir18-VA4	dadi_objects_duos/probs.KY13.US-Vir18-VA4.delim	3946179	19258584.02459328	12804142.617300667	1792152.5766539003	15.007931684664054	10.1386030979214	7.792853132659636e-07	7.918221001554879e-07	129717.63727645455	6.561756752313719	4.36260885895711	4.579646925768759	4.574363924530473	4.647954206165094	3635095.4013793375	-907473.0627004625	1814956.125400925
KY13_US-Vir18-VA4	dadi_objects_duos/probs.KY13.US-Vir18-VA4.delim	3946179	10603099.417565415	117728422.84187327	3683397.5723531544	4.713354067762643	187.45221671474968	4.445260656477821e-07	1.592242656359423e-06	645612.2352611064	0.7258650485199856	8.05943092608662	1.8911801058821538	12.986860511807295	46.5174820490136	3635095.4013793375	-698993.8753276328	1397997.7506552655
KY13_US-Vir18-VA4	dadi_objects_duos/probs.KY13.US-Vir18-VA4.delim	3946179	39556918.46466846	1701797.7317471998	5728659.712604317	36.42553007852254	4.356682443690096	9.208384144244497e-07	2.560047156260564e-06	386726.99665977707	4.5207736768838105	0.19449043777095437	4.910261038305982	16.114732867419644	44.80099375189677	3635095.4013793375	-350680.67153883114	701371.3430776623
KY13_US-Vir18-VA4	dadi_objects_duos/probs.KY13.US-Vir18-VA4.delim	3946179	1561789.8701641734	16986321.12664719	822131.9784474372	0.6921476454799484	0.8044285902267685	4.431759090659173e-07	4.735743450445111e-08	882428.3916861735	0.0782236240317617	0.8507748851988302	0.30882902751328617	17.6966397056447	1.8910492169471358	3635095.4013793375	-745156.4284464656	1490322.8568929313
KY13_US-Vir18-VA4	dadi_objects_duos/probs.KY13.US-Vir18-VA4.delim	3946179	17156259.822975334	4647471.309250036	4600261.217687152	1.5063304730277547	4.596713082606513	8.78006330383564e-08	9.890783130726386e-07	573351.7679877335	1.3225017717470005	0.35825343659085485	2.6596064801447405	2.278001444244449	25.661794769361627	3635095.4013793375	-269943.2127798875	539896.425559775
KY13_US-Vir18-VA4	dadi_objects_duos/probs.KY13.US-Vir18-VA4.delim	3946179	29537053.077188034	10739649.524172451	4443903.8582297815	46.175225905800126	5.5102043926021205	1.5632983353191058e-06	5.130711556461813e-07	447949.8655124845	2.9142885946565067	1.0596330662071454	3.288450352952699	31.68884920351725	10.400212240120757	3635095.4013793375	-559444.9039442795	1118899.807888559
KY13_US-Vir18-VA4	dadi_objects_duos/probs.KY13.US-Vir18-VA4.delim	3946179	17791785.027068675	3710459.714545023	5190935.755195469	1.87403221688259	3.4328911957040606	1.0533132083326157e-07	9.251929571549066e-07	349479.5872131314	2.250051778043823	0.469246141709229	4.923567375585929	1.6657680815788678	14.631515916997227	3635095.4013793375	-251186.11146195358	502382.22292390716
KY13_US-Vir18-VA4	dadi_objects_duos/probs.KY13.US-Vir18-VA4.delim	3946179	2253142.7295135995	5221191.675726424	75165.88898926355	2.4413835549987946	2.4102474721593063	1.0835458948159186e-06	4.616278470228674e-07	983946.8374977284	0.10120730802203881	0.23452697747267134	0.02532242010128506	48.245202895173556	20.554117041312782	3635095.4013793375	-112626.15870718857	225262.31741437715
KY13_US-Vir18-VA4	dadi_objects_duos/probs.KY13.US-Vir18-VA4.delim	3946179	47937030.85654451	8409370.440080253	1317302.0653020428	229.57877159200405	39.11695528020122	4.789173786733628e-06	4.651591407338206e-06	221956.18795598237	9.545499901497621	1.6745226659461354	1.9673161668321089	48.10199024903552	46.72012636878753	3635095.4013793375	-805335.1221729468	1610680.2443458936
KY13_US-Vir18-VA4	dadi_objects_duos/probs.KY13.US-Vir18-VA4.delim	3946179	15786464.524481565	42316711.75650339	3718767.4000023315	1.2622974198317296	41.10733270607429	7.996074218354373e-08	9.714207697094225e-07	280093.82883332984	2.4910138454768456	6.677335176412117	4.4010015370950795	1.0134808540898277	12.312496413625347	3635095.4013793375	-750368.1096779408	1500746.2193558817
KY13_US-Vir18-VA4	dadi_objects_duos/probs.KY13.US-Vir18-VA4.delim	3946179	33731449.447437935	4216243.90514215	3541469.4775547516	49.5078311513918	8.913384086063646	1.4677054191975186e-06	2.1140579830291226e-06	238598.38500296042	6.248306246543804	0.7810035904476357	4.920078690945732	15.846800460133213	22.825462507681685	3635095.4013793375	-472382.61390654347	944775.2278130869
KY13_US-Vir18-VA4	dadi_objects_duos/probs.KY13.US-Vir18-VA4.delim	3946179	3488375.177997949	16156862.006025167	7306632.177141134	2.8776129345215615	1.3856888585559024	8.249149783748556e-07	8.576472696487446e-08	618724.5360489325	0.24918428667102127	1.1541293376947295	3.9144968855639743	23.096263195123946	2.4012713537352623	3635095.4013793375	-260148.18008180207	520306.36016360414
KY13_US-Vir18-VA4	dadi_objects_duos/probs.KY13.US-Vir18-VA4.delim	3946179	6055085.217903792	14121724.910229115	5128638.526222344	1.6962448155186975	2.778109806613626	2.801355809994562e-07	1.9672595410786494e-07	350352.17943804	0.7638537938779253	1.7814667771947954	4.852363334487239	4.441281379011601	3.118901617675076	3635095.4013793375	-291788.0005215927	583586.0010431854
KY13_US-Vir18-VA4	dadi_objects_duos/probs.KY13.US-Vir18-VA4.delim	3946179	8457723.647494385	7065316.391312204	4235078.996112894	1.9060828003005215	2.9931413144588626	2.2536593529692847e-07	4.2363868065970105e-07	2604445.1138566956	0.14352682734656405	0.11989779852231676	0.5390168621156061	26.56064842425644	49.92821138249247	3635095.4013793375	-208958.38254625566	417926.7650925113
KY13_US-Vir18-VA4	dadi_objects_duos/probs.KY13.US-Vir18-VA4.delim	3946179	4698280.773055116	63156681.25896577	4030323.592411222	15.090556882231626	207.29701191718314	3.2119316854745576e-06	3.2822657521725798e-06	305210.04076519946	0.6803540178888373	9.14566496270101	4.377207607694381	44.3608959025719	45.33229956763289	3635095.4013793375	-567364.3032467383	1134738.6064934765
KY13_US-Vir18-VA4	dadi_objects_duos/probs.KY13.US-Vir18-VA4.delim	3946179	2665307.25328784	25934390.679469943	4258126.352302097	7.458465539959729	32.92036967908689	2.7983511209670845e-06	1.269371240911673e-06	290128.81626388995	0.4060235451460382	3.9507539822627615	4.865009846417637	36.73907894812885	16.66536049922907	3635095.4013793375	-464828.048853417	929666.097706834
KY13_US-Vir18-VA4	dadi_objects_duos/probs.KY13.US-Vir18-VA4.delim	3946179	4854794.310215665	20247987.948531583	3700910.6315867747	21.468553130619668	73.09067192464263	4.422134442533358e-06	3.6097745667585354e-06	247748.44207020343	0.8660734113907169	3.6121497381428416	4.9516930031559925	49.57675145839208	40.469347742057685	3635095.4013793375	-522150.9492005818	1044311.8984011636
KY13_US-Vir18-VA4	dadi_objects_duos/probs.KY13.US-Vir18-VA4.delim	3946179	2709626.000692075	3957849.675070865	56168.234677857654	2.9816408333568263	2.58457102790507	1.1003883313030193e-06	6.530240509598924e-07	974874.5886915225	0.12284441165374076	0.17943425204210744	0.019098447707923485	48.54336950647982	28.80800068538257	3635095.4013793375	-112774.04094494041	225558.08188988082
KY13_US-Vir18-VA4	dadi_objects_duos/probs.KY13.US-Vir18-VA4.delim	3946179	12462751.538275324	15312813.671778249	3303745.618347902	22.071254381588766	4.7727098028885635	1.7709776459720008e-06	3.1168078611736397e-07	333612.70080676454	1.6510725784019693	2.028650468879572	3.282615905673766	26.73565616715767	4.705305202748447	3635095.4013793375	-564906.0645423811	1129822.1290847622
KY13_US-Vir18-VA4	dadi_objects_duos/probs.KY13.US-Vir18-VA4.delim	3946179	26266134.63555562	70264275.49737237	183326.72568917685	19.814075467020604	117.1587926457292	7.543582541528181e-07	1.6674019879435107e-06	660148.3682008567	1.7585285183024384	4.704222147431127	0.09205349311345574	22.53483552959123	49.81005954818994	3635095.4013793375	-1004275.7436841703	2008561.4873683406
KY13_US-Vir18-VA4	dadi_objects_duos/probs.KY13.US-Vir18-VA4.delim	3946179	52058171.46575112	14559408.326083995	40272.29667291443	9.741133327203363	16.55283351617913	1.8712015910147782e-07	1.136916634622013e-06	804654.043538693	2.8593973823418435	0.7997041172189383	0.016590262011814134	6.813416971953289	41.397394760811004	3635095.4013793375	-605812.2457742307	1211634.4915484614
KY13_US-Vir18-VA4	dadi_objects_duos/probs.KY13.US-Vir18-VA4.delim	3946179	16664518.229453743	43287324.500137255	3574653.0668419534	3.169236519943133	87.05793998553472	1.9017870641718635e-07	2.0111647229492936e-06	308099.2434600818	2.3905450620683744	6.209618448558445	3.845911726617438	2.6514760756703835	28.039706692685794	3635095.4013793375	-726991.8668100097	1453993.7336200194
KY13_US-Vir18-VA4	dadi_objects_duos/probs.KY13.US-Vir18-VA4.delim	3946179	6880994.602505662	20431615.731903024	1470882.5933235597	50.51030182088878	46.95709543843332	7.340552454800043e-06	2.2982565869772104e-06	127358.34375796527	2.387913651363081	7.090389826472149	3.8283060641265925	42.30496508285066	13.245278916292534	3635095.4013793375	-950101.4992087253	1900212.9984174506
KY13_US-Vir18-VA4	dadi_objects_duos/probs.KY13.US-Vir18-VA4.delim	3946179	14395009.168248625	14558164.157472542	1898595.9677678267	32.63703401209281	62.00464164915545	2.2672464901294406e-06	4.259097574286464e-06	149164.64991619068	4.2652141017622265	4.313556617746562	4.21912785660364	15.30381980056214	28.748732029648053	3635095.4013793375	-737023.2968356619	1474056.5936713237
KY13_US-Vir18-VA4	dadi_objects_duos/probs.KY13.US-Vir18-VA4.delim	3946179	9115549.103894334	13024085.276197461	3221959.6492305766	22.82893456048927	45.59543829635025	2.5043948861771057e-06	3.500855325301002e-06	221539.60051675676	1.8185542885765082	2.5983082164185114	4.82086282843354	25.106684693321803	35.09625071285705	3635095.4013793375	-547001.426718508	1094012.853437016
KY13_US-Vir18-VA4	dadi_objects_duos/probs.KY13.US-Vir18-VA4.delim	3946179	3723366.3410538407	6371017.75008702	111931.40601773813	4.165223621702243	1.394553691897532	1.1186714494828196e-06	2.188902537398337e-07	974103.9853845425	0.16893718452041825	0.2890668558078764	0.038089273082166746	49.31091557523644	9.648658529183988	3635095.4013793375	-148859.24991664314	297728.4998332863
KY13_US-Vir18-VA4	dadi_objects_duos/probs.KY13.US-Vir18-VA4.delim	3946179	53480663.35956562	34973223.762486994	517093.8095363781	164.86846349851854	108.20695690711479	3.082767735883552e-06	3.0939943552810196e-06	301203.2233534667	7.847511739835346	5.131813384788844	0.5690701016677083	42.01802277315937	42.1710412260313	3635095.4013793375	-1723484.1790061025	3446978.358012205
KY13_US-Vir18-VA4	dadi_objects_duos/probs.KY13.US-Vir18-VA4.delim	3946179	1884538.091287779	15034384.783452215	45147.184534707	0.7254280468212817	3.96485964797791	3.849367917660758e-07	2.63719447458993e-07	868560.6238747567	0.09589580011407167	0.7650332804081347	0.017230051706292306	15.12950610888814	10.365195213109454	3635095.4013793375	-308545.56515937584	617101.1303187517
KY13_US-Vir18-VA4	dadi_objects_duos/probs.KY13.US-Vir18-VA4.delim	3946179	35823752.08436192	18795166.262614693	775789.8866738603	160.1495161452263	87.00518630784039	4.4704841572174705e-06	4.629125653487922e-06	226078.15059003193	7.00337340625247	3.674365746494472	1.1374742328887193	45.73496423944725	47.3579345718905	3635095.4013793375	-1354903.3753518618	2709816.7507037236
KY13_US-Vir18-VA4	dadi_objects_duos/probs.KY13.US-Vir18-VA4.delim	3946179	24460129.565596286	1034330.4287482052	4316794.231790054	8.629283690860964	2.9022335812701012	3.5278977847272905e-07	2.805905637700826e-06	288079.5977521346	3.752675872504351	0.15868709254998778	4.9671227333806875	4.5990029429864965	36.578067373134	3635095.4013793375	-291235.58661506814	582481.1732301363
KY13_US-Vir18-VA4	dadi_objects_duos/probs.KY13.US-Vir18-VA4.delim	3946179	1994411.3015490782	12257115.303259084	296247.87621090247	2.255378905954684	1.3978099878987433	1.1308494412375772e-06	1.1404069826503755e-07	955058.9008470814	0.09229525495424164	0.5672218067753442	0.10282083694140945	48.87312802966656	4.9286186504192875	3635095.4013793375	-192780.41471654316	385570.8294330863
KY13_US-Vir18-VA4	dadi_objects_duos/probs.KY13.US-Vir18-VA4.delim	3946179	2009835.3514818544	2011241.807344201	19679.92177880333	0.08896328371468296	2.0989175366018857	4.4263966025421035e-08	1.0435928335108837e-06	944582.4575116694	0.09404060380046399	0.09410641215556942	0.006906206146156895	1.8920185562280283	44.60732246665866	3635095.4013793375	-119952.19305529115	239914.3861105823
KY13_US-Vir18-VA4	dadi_objects_duos/probs.KY13.US-Vir18-VA4.delim	3946179	12908485.606417814	25678771.714842767	4550324.57450135	4.268883598673853	40.87614649220461	3.307036726718321e-07	1.591826390534774e-06	374451.9879275712	1.5236105038786805	3.0309090860344905	4.0281188954929865	5.603641597122737	26.972862155812916	3635095.4013793375	-625012.7389261198	1250035.4778522395
KY13_US-Vir18-VA4	dadi_objects_duos/probs.KY13.US-Vir18-VA4.delim	3946179	7494352.906369497	50023035.79095514	1524582.3787592018	24.775990268275546	178.0097211475986	3.305954573772244e-06	3.5585549403977846e-06	277699.18732440285	1.1927634842494228	7.961414575505649	1.8198363373493545	41.54384435044384	44.71811371191979	3635095.4013793375	-750106.956935568	1500223.913871136
KY13_US-Vir18-VA4	dadi_objects_duos/probs.KY13.US-Vir18-VA4.delim	3946179	9537155.543970266	24073280.426828235	3527396.506438674	20.755486289877854	110.96624007664911	2.1762763744584433e-06	4.609518856972391e-06	234651.95779902415	1.7963439160705021	4.534254541117592	4.982945576284577	23.108588621805147	48.945748003506836	3635095.4013793375	-586269.9585374065	1172549.917074813
KY13_US-Vir18-VA4	dadi_objects_duos/probs.KY13.US-Vir18-VA4.delim	3946179	18982293.981937133	18678811.643311363	3262930.27364858	1.8624676609489423	34.50091663759518	9.811604765584178e-08	1.8470616491252808e-06	281859.2222298828	2.9765367549663795	2.9289489167281597	3.8373515651102594	1.2514326643817837	23.558564944953094	3635095.4013793375	-685377.3003456116	1370764.6006912233
KY13_US-Vir18-VA4	dadi_objects_duos/probs.KY13.US-Vir18-VA4.delim	3946179	17229156.983570337	10445225.193157652	1806720.0580120406	90.27294819376654	44.57841490646292	5.239545282444782e-06	4.2678270771667875e-06	120255.25332055571	6.3322022008002	3.838915509275275	4.980154934361067	28.512339098192015	23.224483476521524	3635095.4013793375	-704262.1916642304	1408534.3833284609
KY13_US-Vir18-VA4	dadi_objects_duos/probs.KY13.US-Vir18-VA4.delim	3946179	21381418.09866687	11464001.16430747	1816354.0388154734	37.441731555253966	93.70784341927666	1.751134156886837e-06	8.174095769549538e-06	122428.97309478917	7.718752275162449	4.138536773432276	4.917816759362518	9.701498434075853	45.28549511549248	3635095.4013793375	-824182.8964581168	1648375.7929162337
KY13_US-Vir18-VA4	dadi_objects_duos/probs.KY13.US-Vir18-VA4.delim	3946179	20123476.37425654	3690869.4804025055	9805499.409780247	9.64916824488314	3.2476404209428207	4.794980780372064e-07	8.799120202399168e-07	873297.1971929399	1.018440697462218	0.1867933560759834	3.721891401671999	18.948905456993693	34.77254747349528	3635095.4013793375	-309914.55835657986	619839.1167131597
KY13_US-Vir18-VA4	dadi_objects_duos/probs.KY13.US-Vir18-VA4.delim	3946179	4861331.972205084	14183813.494392045	5841286.071757981	7.755798782197086	6.0772959814666	1.5954061204915167e-06	4.2846699752992545e-07	401541.5674981697	0.5350810530402069	1.5611955538314382	4.822075560738052	28.989248406873795	7.785438494943041	3635095.4013793375	-365645.9582703034	731301.9165406068
KY13_US-Vir18-VA4	dadi_objects_duos/probs.KY13.US-Vir18-VA4.delim	3946179	2417993.5624783128	2370775.306964992	31353.814470657897	0.9529491744311461	2.6288001381256	3.9410740757077314e-07	1.1088356329689146e-06	967592.8124406947	0.11044786124068665	0.10829105014991712	0.010741224554762759	17.256091041083916	48.5506444805238	3635095.4013793375	-106347.08388028068	212704.16776056137
KY13_US-Vir18-VA4	dadi_objects_duos/probs.KY13.US-Vir18-VA4.delim	3946179	1690807.8173178558	39989353.751806974	2155196.6556571536	7.066462562068532	46.419621910483265	4.179341075722093e-06	1.1607995017520314e-06	193112.43472893155	0.3869713490192073	9.152272664725881	3.699412081310701	36.521890212175826	10.14384593006956	3635095.4013793375	-622505.5259054143	1245021.0518108285
KY13_US-Vir18-VA4	dadi_objects_duos/probs.KY13.US-Vir18-VA4.delim	3946179	77479903.39899439	78370447.67543417	329963.7959337184	193.84875901972754	22.870560366440397	2.5019230860610946e-06	2.918263330733704e-07	433303.65150900587	7.902991692970761	7.9938276866952656	0.25242361826699866	49.05705751712846	5.722054881044186	3635095.4013793375	-1922343.4297619422	3844696.8595238845
KY13_US-Vir18-VA4	dadi_objects_duos/probs.KY13.US-Vir18-VA4.delim	3946179	5331885.059176161	28058968.526811063	2350542.2054881784	29.256949829516124	128.14838733028833	5.487168141249592e-06	4.567109699981995e-06	157243.50225788736	1.4986591658584636	7.88667233080544	4.955088217997774	39.04416760799261	32.49745442821027	3635095.4013793375	-579999.060658793	1160008.121317586
KY13_US-Vir18-VA4	dadi_objects_duos/probs.KY13.US-Vir18-VA4.delim	3946179	19436621.749305256	21956502.3647663	2339378.404728033	92.7213806416568	6.9426471666253065	4.770447346127474e-06	3.1620005095921855e-07	163001.73796723224	5.270154556553684	5.953409109676735	4.757341052532892	35.187347789014424	2.332326584222359	3635095.4013793375	-863379.294261647	1726768.588523294
KY13_US-Vir18-VA4	dadi_objects_duos/probs.KY13.US-Vir18-VA4.delim	3946179	7119618.863231372	15887310.385835195	2053432.1336824845	39.8017689989902	38.95618519380102	5.590435353856206e-06	2.452031479698009e-06	136797.61180844274	2.300239374330655	5.132945682028266	4.975742347637977	34.606632199374545	15.17888074685708	3635095.4013793375	-671370.6453190077	1342751.2906380154
KY13_US-Vir18-VA4	dadi_objects_duos/probs.KY13.US-Vir18-VA4.delim	3946179	10344069.956286628	11496882.32967983	1985689.3451393272	71.74560537117056	64.35393120234387	6.935916488805939e-06	5.597511512856897e-06	131942.8177773122	3.4649781323841027	3.8511384813985265	4.988633470921059	41.411866182142674	33.42073078554889	3635095.4013793375	-611795.4824588166	1223600.9649176332
KY13_US-Vir18-VA4	dadi_objects_duos/probs.KY13.US-Vir18-VA4.delim	3946179	17042485.065793913	48821821.81817214	1306178.512094287	10.786085389895533	127.05592788969406	6.328939323258882e-07	2.602441350158755e-06	411256.12054735667	1.831535544690087	5.246822964567625	1.0528007991908606	11.778188439930757	48.43156658713922	3635095.4013793375	-879565.213048808	1759140.426097616
KY13_US-Vir18-VA4	dadi_objects_duos/probs.KY13.US-Vir18-VA4.delim	3946179	21426413.805339895	18487623.020085346	1793366.4285241659	156.42729188016494	24.560532946927797	7.300675386059244e-06	1.3284851665487074e-06	129339.95487346368	7.321694212825535	6.317469815752572	4.596130760833833	42.72980742794438	7.775433413448611	3635095.4013793375	-911534.9810979922	1823079.9621959843
KY13_US-Vir18-VA4	dadi_objects_duos/probs.KY13.US-Vir18-VA4.delim	3946179	23571848.98711274	20394864.475037	1951343.9590356946	11.33368011662386	83.72890674130893	4.808142171121255e-07	4.105391670721412e-06	131847.00819139832	7.901657015119603	6.836681502570961	4.905910198319506	2.8686844025087836	24.494020003658896	3635095.4013793375	-1015877.7677566399	2031765.5355132797
KY13_US-Vir18-VA4	dadi_objects_duos/probs.KY13.US-Vir18-VA4.delim	3946179	23534631.047188874	16831529.35400304	1192804.1270715906	193.4388520123976	56.25359890563687	8.219328003253451e-06	3.3421561239328553e-06	133537.02577897577	7.789337093718692	5.5707886679112	2.9608982235643433	49.667603208079505	20.19591919889845	3635095.4013793375	-1099708.9679176759	2199427.9358353517
KY13_US-Vir18-VA4	dadi_objects_duos/probs.KY13.US-Vir18-VA4.delim	3946179	143965902.74495777	930653.0262830453	1894115.591824379	49.75276533436823	0.7922894817684147	3.455871451902576e-07	8.513263906020447e-07	1286748.543444838	4.9449370043981355	0.03196604543281913	0.48794271596892747	20.12270946631556	49.57069109055205	3635095.4013793375	-1044397.473706868	2088804.947413736
KY13_US-Vir18-VA4	dadi_objects_duos/probs.KY13.US-Vir18-VA4.delim	3946179	42139430.18471282	4457972.149493902	2792103.6230441425	115.51803756251364	15.682135508959751	2.7413288944856407e-06	3.5177733245238173e-06	292108.19828124455	6.37587386108169	0.6745100248578986	3.1684279200253336	36.235985867799336	46.499340057291406	3635095.4013793375	-514829.3223681708	1029668.6447363416
KY13_US-Vir18-VA4	dadi_objects_duos/probs.KY13.US-Vir18-VA4.delim	3946179	20374792.2290101	6202225.726040339	4314477.724946808	54.2118605381925	15.051973169308289	2.6607319441031843e-06	2.426866391868304e-06	291655.0859477378	3.0875815588018645	0.9398808861462947	4.903596455222357	35.116067061386005	32.02953351040998	3635095.4013793375	-501132.7824108067	1002275.5648216134
KY13_US-Vir18-VA4	dadi_objects_duos/probs.KY13.US-Vir18-VA4.delim	3946179	15595878.794116125	23677598.593100272	1891529.7488928358	34.15657852698901	142.05966321336186	2.190102845623249e-06	5.999749622191774e-06	133219.0898355546	5.174140207311062	7.855358233442536	4.706550894111111	13.202803618937791	36.16885671962679	3635095.4013793375	-767132.3586046536	1534274.7172093072
KY13_US-Vir18-VA4	dadi_objects_duos/probs.KY13.US-Vir18-VA4.delim	3946179	59238664.899863385	47324061.01594676	509505.55931294494	188.12172871619802	161.19125957487293	3.1756578078556908e-06	3.4061163838106877e-06	274087.74093042413	9.552355007816447	7.631100937201112	0.6161910146723698	39.38750780561712	42.2458727518794	3635095.4013793375	-1883812.2299466883	3767634.4598933766
KY13_US-Vir18-VA4	dadi_objects_duos/probs.KY13.US-Vir18-VA4.delim	3946179	16635054.287312198	10774092.356488721	1726064.1811843843	56.770948459794674	25.045109393787506	3.412729978470507e-06	2.324567913946276e-06	316329.0058908391	2.3242348551785064	1.505346514376148	1.8087309465476862	48.85130117836955	33.27487612268037	3635095.4013793375	-654947.3737448498	1309904.7474896996
KY13_US-Vir18-VA4	dadi_objects_duos/probs.KY13.US-Vir18-VA4.delim	3946179	13998690.521897607	34509074.559473515	863285.5048686987	46.995471051795576	125.33325614340917	3.357133367459077e-06	3.631892704842251e-06	283753.59758127824	2.180423427938764	5.375102373201249	1.0084842450557128	43.10673830561631	46.63474197934745	3635095.4013793375	-1138818.9998404877	2277647.9996809755
KY13_US-Vir18-VA4	dadi_objects_duos/probs.KY13.US-Vir18-VA4.delim	3946179	10476492.422451258	28286705.882218238	3357368.2358148075	15.20593025149591	100.42240274999926	1.4514333269510515e-06	3.550162509842739e-06	271039.42985655146	1.708355427938243	4.612588410680443	4.106034060243785	17.80183444594716	43.542754657004	3635095.4013793375	-617800.322391906	1235610.644783812
KY13_US-Vir18-VA4	dadi_objects_duos/probs.KY13.US-Vir18-VA4.delim	3946179	21691538.334392726	5113102.503976237	3319122.864504124	81.54738482075636	23.530143675568826	3.7594099396565163e-06	4.601930756770563e-06	222186.88501560636	4.314860267854545	1.017093508987974	4.951775584788125	37.79838963883933	46.26938126658921	3635095.4013793375	-501870.1076259583	1003750.2152519166
KY13_US-Vir18-VA4	dadi_objects_duos/probs.KY13.US-Vir18-VA4.delim	3946179	15697999.761798587	31721819.353821207	880837.169933936	81.29327380792193	157.56339735656877	5.178575298857555e-06	4.9670353266666815e-06	196388.3816156979	3.532834807815868	7.138995367622972	1.4867429476305563	46.02155392495157	44.14161635995898	3635095.4013793375	-1288404.5368096668	2576819.0736193336
KY13_US-Vir18-VA4	dadi_objects_duos/probs.KY13.US-Vir18-VA4.delim	3946179	14322278.039911805	8335200.886212263	2479352.490446173	67.6001959264991	36.44387813327841	4.7199332213854555e-06	4.372285519064373e-06	166912.16823232715	3.7924416322447954	2.207104398190398	4.9238670915872484	35.649959831542965	33.02415432922764	3635095.4013793375	-552946.2947550799	1105902.5895101598
KY13_US-Vir18-VA4	dadi_objects_duos/probs.KY13.US-Vir18-VA4.delim	3946179	6580009.3827431295	42795494.91066237	5155640.257219197	11.38095520885402	110.07793517715427	1.729625984835516e-06	2.5721851191801195e-06	379552.57587078173	0.7662127482808294	4.983344530713556	4.502634643054841	29.707036940822906	44.178336255387265	3635095.4013793375	-585169.5221000493	1170349.0442000986
KY13_US-Vir18-VA4	dadi_objects_duos/probs.KY13.US-Vir18-VA4.delim	3946179	13896375.785163509	25995985.25842411	2458586.718347986	21.558229408160496	127.17784074533114	1.5513562486686046e-06	4.892210834906464e-06	186336.91736848536	3.296077745775283	6.16598095895446	4.373636346898866	13.081141326713277	41.251454259079054	3635095.4013793375	-683029.4427674494	1366068.8855348988
KY13_US-Vir18-VA4	dadi_objects_duos/probs.KY13.US-Vir18-VA4.delim	3946179	18906172.791376963	27481217.92958612	4335630.835600779	1.3044958416303043	74.55835348080971	6.89984089336833e-08	2.713065835431574e-06	294463.98114030145	2.837698477106924	4.124759205808061	4.8806331165288706	0.9194041242607689	36.15161504498217	3635095.4013793375	-723079.3014445112	1446168.6028890223
KY13_US-Vir18-VA4	dadi_objects_duos/probs.KY13.US-Vir18-VA4.delim	3946179	16153410.233677616	9501283.540494958	3447355.334953813	7.841703028831583	26.828082496637926	4.854518591054366e-07	2.8236271849266747e-06	267049.41923414153	2.673421205572091	1.5724811374105316	4.279080513714723	5.866417916105008	34.12197686621134	3635095.4013793375	-578627.7036572063	1157265.4073144125
KY13_US-Vir18-VA4	dadi_objects_duos/probs.KY13.US-Vir18-VA4.delim	3946179	5593192.092679976	116608829.03892662	1883897.0254529794	8.339614269074328	208.43268651582665	1.4910294749198227e-06	1.7874520157152695e-06	590783.8112998228	0.4184330235150295	8.723638325807276	1.0570234436906134	39.861166783719604	47.78572396776629	3635095.4013793375	-657850.192578773	1315710.385157546
KY13_US-Vir18-VA4	dadi_objects_duos/probs.KY13.US-Vir18-VA4.delim	3946179	18679827.743231457	33872204.0789808	2757688.538413278	9.304966444472702	142.17668862855678	4.981291354704441e-07	4.197444261289855e-06	183838.6768970137	4.4908731194732265	8.143317641177108	4.97238072001451	4.143945374063101	34.91861545707931	3635095.4013793375	-787550.7090668962	1575111.4181337925
KY13_US-Vir18-VA4	dadi_objects_duos/probs.KY13.US-Vir18-VA4.delim	3946179	12508927.515829612	13302870.549895376	1678604.0191547328	66.0909608451345	81.32826440765949	5.283503382803897e-06	6.113587597700793e-06	132270.76118020984	4.179756934280005	4.445046576246533	4.206689439973426	31.624308247732674	36.592761408738426	3635095.4013793375	-719639.4350908858	1439288.8701817717
KY13_US-Vir18-VA4	dadi_objects_duos/probs.KY13.US-Vir18-VA4.delim	3946179	3630637.8190915417	5361472.177771498	48699.599089990494	4.261137815850027	0.005226560673717856	1.1736609455900643e-06	9.748368545838993e-10	927641.9743854257	0.17298057620918203	0.255445624943243	0.017402075152417103	49.267240394633866	0.040921121079126994	3635095.4013793375	-159796.36351755622	319602.72703511245
KY13_US-Vir18-VA4	dadi_objects_duos/probs.KY13.US-Vir18-VA4.delim	3946179	3563552.3334220615	140033053.36070567	20054220.417447247	2.8830904758769944	106.61975727272996	8.090495679934008e-07	7.613899341185705e-07	1359004.3977492147	0.1158929673492028	4.5541203166102955	4.891487717286974	49.75436459728937	46.82342575968162	3635095.4013793375	-713545.0338354135	1427100.067670827
KY13_US-Vir18-VA4	dadi_objects_duos/probs.KY13.US-Vir18-VA4.delim	3946179	30410147.65025456	8514598.106192978	2519010.5092782537	156.26466667614028	26.66667582457923	5.138569811410705e-06	3.131877217455934e-06	181539.31085294732	7.403594942503985	2.072947366170932	4.599549979650656	42.213186401926436	25.728271021021513	3635095.4013793375	-584098.4549604238	1168206.9099208475
KY13_US-Vir18-VA4	dadi_objects_duos/probs.KY13.US-Vir18-VA4.delim	3946179	53731133.30762441	26644406.523541622	630919.3498011879	123.2746211169376	96.5278046614105	2.2942866365977994e-06	3.622816840604932e-06	237754.19884137553	9.98832371628301	4.953049399901871	0.8796333710537309	24.68374566514595	38.97712171549223	3635095.4013793375	-1830002.9975834088	3660015.9951668177
KY13_US-Vir18-VA4	dadi_objects_duos/probs.KY13.US-Vir18-VA4.delim	3946179	8687668.582076222	37345613.26665926	2193450.658410749	30.135982005404276	197.49062536118296	3.468822702051352e-06	5.288188038339032e-06	207777.49324775537	1.8479897006876438	7.943938932596433	3.499334129238136	32.614880909986205	49.721083466746705	3635095.4013793375	-624746.057195687	1249502.114391374
KY13_US-Vir18-VA4	dadi_objects_duos/probs.KY13.US-Vir18-VA4.delim	3946179	25145881.49934653	4068409.639958877	1958265.3268745276	37.354257053074264	19.157670201752868	1.485501991809076e-06	4.708884280872589e-06	213083.45833227813	5.215691932172835	0.843858718433042	3.0463362825478875	14.323797317343718	45.40492332016589	3635095.4013793375	-617834.3563240251	1235678.7126480502
KY13_US-Vir18-VA4	dadi_objects_duos/probs.KY13.US-Vir18-VA4.delim	3946179	188422779.33611435	2679280.924529362	23259.58508798647	17.900529853361288	1.5315378140335227	9.50019414660569e-08	5.716227066792372e-07	879854.6101364234	9.46492758162876	0.13458669918180774	0.00876288464980259	3.782496949708494	22.759125877136345	3635095.4013793375	-305337.48784941586	610684.9756988317
KY13_US-Vir18-VA4	dadi_objects_duos/probs.KY13.US-Vir18-VA4.delim	3946179	20767298.5524826	12286385.71718418	4676971.442632475	22.733364234768786	3.4026510729197494	1.0946712292558222e-06	2.769448356289742e-07	356431.48302615783	2.5751275938760365	1.5235015189562608	4.3495537894829335	17.656107051807037	4.466882416042328	3635095.4013793375	-524505.9722517687	1049021.9445035374
KY13_US-Vir18-VA4	dadi_objects_duos/probs.KY13.US-Vir18-VA4.delim	3946179	10510017.068626763	14751528.027679801	1972243.7734234263	52.35104604103924	94.9479092921256	4.981061943021128e-06	6.436479604957882e-06	132722.3409357462	3.4998883651281725	4.9123327749918175	4.925752721616224	29.9158376379368	38.65695328113587	3635095.4013793375	-629600.252424652	1259210.504849304
KY13_US-Vir18-VA4	dadi_objects_duos/probs.KY13.US-Vir18-VA4.delim	3946179	36806860.385575846	22542299.586183116	705479.688408234	82.30043451292951	9.002150497125765	2.2360080064091e-06	3.993448167392587e-07	485973.16712665465	3.3474283284499435	2.0501268359407843	0.48120293702884515	49.172335558885266	8.78204249542908	3635095.4013793375	-1037347.8271942409	2074705.6543884818
KY13_US-Vir18-VA4	dadi_objects_duos/probs.KY13.US-Vir18-VA4.delim	3946179	48746867.24563278	13108454.676041627	3139972.557936751	178.68241945786798	11.438272748041024	3.6655159511584013e-06	8.725874277878688e-07	261568.05250657428	8.23676765708799	2.2149381408647675	3.979213113204705	43.38653872410892	10.328299952950593	3635095.4013793375	-655954.331521221	1311918.663042442
KY13_US-Vir18-VA4	dadi_objects_duos/probs.KY13.US-Vir18-VA4.delim	3946179	9301895.440061728	41426336.52640148	1513132.5689345985	40.42036795877355	228.2106000410183	4.345390487264531e-06	5.5088289039407826e-06	198235.64646403646	2.0738842136909947	9.236120305452989	2.5301791537429343	38.980351643484866	49.416982995832825	3635095.4013793375	-761381.9297769456	1522773.8595538912
KY13_US-Vir18-VA4	dadi_objects_duos/probs.KY13.US-Vir18-VA4.delim	3946179	15357458.604524788	14102500.702964067	1364910.9871537855	157.58232291177455	75.35965486202896	1.0260963546751535e-05	5.343708640708654e-06	93044.59899413072	7.29496123890566	6.698842474460707	4.862607400286796	43.20305968765201	22.499306454611272	3635095.4013793375	-919636.3141534186	1839282.6283068373
KY13_US-Vir18-VA4	dadi_objects_duos/probs.KY13.US-Vir18-VA4.delim	3946179	14858605.921363397	6511409.394306867	2695229.561783677	60.19863921471083	37.576869779767506	4.051432518858211e-06	5.770927230074362e-06	182109.78848176796	3.6061150497395564	1.5802889945459273	4.9058980284170595	33.38697650207169	47.556959403573735	3635095.4013793375	-523985.1062549262	1047980.2125098524
KY13_US-Vir18-VA4	dadi_objects_duos/probs.KY13.US-Vir18-VA4.delim	3946179	17443778.02034935	11100870.066544523	1752391.2821384075	55.836188450265965	81.55438920297905	3.2009228955521713e-06	7.346666406695929e-06	118287.83860317423	6.51771339095573	4.147741928358238	4.910741042472716	17.13367406665864	39.32471721318494	3635095.4013793375	-731568.7126813268	1463147.4253626536
