Pair_name	fs_name	L	pop1_size	pop2_size	divergence_time	mig_pop1	mig_pop2	Mij	Mji	theta	nu1	nu2	Ts	m12	m21	fs_sanitycheck	-2LL_model	AIC
KY13_US-Vir18-VA3	dadi_objects_duos/probs.KY13.US-Vir18-VA3.delim	4405004	14227281.517991623	55967570.29295422	3932155.2473848294	3.507987946771389	67.27256241028225	2.4656769055530644e-07	1.2019918330946593e-06	292884.2186237538	2.396570910007095	9.42767953935909	4.967755995626826	2.927506073050852	14.27128746356509	3834356.1492504156	-538089.8503615549	1076189.7007231098
KY13_US-Vir18-VA3	dadi_objects_duos/probs.KY13.US-Vir18-VA3.delim	4405004	32229172.541655865	17714148.23595372	1286487.9115304998	27.577955272121102	111.74795986886019	8.556830069551704e-07	6.308401531948891e-06	192719.70897185567	8.250634607456117	4.534803501028962	2.470046618597989	6.685050686209965	49.28458745500405	3834356.1492504156	-1136648.2959303474	2273306.591860695
KY13_US-Vir18-VA3	dadi_objects_duos/probs.KY13.US-Vir18-VA3.delim	4405004	14102544.827811707	11529994.595899241	2015831.4312669518	37.533877580898675	63.82153090755787	2.6614967751691102e-06	5.535261129285927e-06	149975.4507557935	4.639184479277516	3.7929162877016296	4.973471207873768	16.181239503863843	33.653013178538366	3834356.1492504156	-540696.2158151878	1081402.4316303756
KY13_US-Vir18-VA3	dadi_objects_duos/probs.KY13.US-Vir18-VA3.delim	4405004	4099197.827866544	44597596.73657139	2934919.693006332	15.221874408655584	127.53295750419387	3.713378823821712e-06	2.8596374431901387e-06	325678.98859937367	0.6209740718903579	6.755944066365389	3.334510222199556	49.02579704275714	37.75429643922584	3834356.1492504156	-414583.61478829844	829177.2295765969
KY13_US-Vir18-VA3	dadi_objects_duos/probs.KY13.US-Vir18-VA3.delim	4405004	33283207.34332234	12451694.02277506	3964808.6511512557	111.0383901449656	10.897516627159403	3.336168566916776e-06	8.751834575461819e-07	302993.85335339763	5.41945584177451	2.0274910772761188	4.841879594866229	40.977689785403975	10.749755448295172	3834356.1492504156	-489608.91892675316	979227.8378535063
KY13_US-Vir18-VA3	dadi_objects_duos/probs.KY13.US-Vir18-VA3.delim	4405004	17897900.079022553	26309977.328829248	2489637.9019829673	7.229087717700993	62.0888320028443	4.039070329917604e-07	2.359896826471616e-06	329610.8400243226	2.6789519424161568	3.938068966683013	2.7948613791987666	5.396952146279303	31.532628061179416	3834356.1492504156	-590385.2480315116	1180780.496063023
KY13_US-Vir18-VA3	dadi_objects_duos/probs.KY13.US-Vir18-VA3.delim	4405004	19467821.89111937	20282022.995499857	1723688.1140392495	28.68078422476728	114.93185776911061	1.4732405291755102e-06	5.6666860990450265e-06	156134.59215397242	6.151521707832183	6.4087962913038075	4.08493476318855	9.324777050937039	35.866909336801164	3834356.1492504156	-716801.1725128107	1433612.3450256214
KY13_US-Vir18-VA3	dadi_objects_duos/probs.KY13.US-Vir18-VA3.delim	4405004	12320106.399810182	143148905.3483798	3032903.82896324	2.1266699609675164	149.62225580325241	1.7261782422595654e-07	1.04522109644582e-06	1163924.1977766	0.5222207102858651	6.067749790604629	0.9641830970441438	8.144717048097808	49.31721345363621	3834356.1492504156	-509151.7655973504	1018313.5311947007
KY13_US-Vir18-VA3	dadi_objects_duos/probs.KY13.US-Vir18-VA3.delim	4405004	18759943.55828306	70387183.60821871	3424360.568355507	3.5752851494884252	193.2271422049432	1.9058080523434372e-07	2.745203491596745e-06	447623.9530938917	2.06767624797502	7.757907546811958	2.830686284717495	3.458263984015759	49.81424205921303	3834356.1492504156	-570907.1240318717	1141824.2480637433
KY13_US-Vir18-VA3	dadi_objects_duos/probs.KY13.US-Vir18-VA3.delim	4405004	127190972.38532147	6587722.464177821	1336468.609057717	200.4670468527731	8.191118388008672	1.5761106554438773e-06	1.2433915412420098e-06	733683.9425957745	8.552864724770279	0.4429866210138796	0.6740239363851251	46.8771700018107	36.98133532458096	3834356.1492504156	-482221.0289613999	964452.0579227998
KY13_US-Vir18-VA3	dadi_objects_duos/probs.KY13.US-Vir18-VA3.delim	4405004	12845230.012953592	27733295.491810076	2681526.857907113	17.539044445447992	112.90517287205294	1.3654130309664355e-06	4.071105538301245e-06	207193.22319905247	3.0586562320937976	6.603744503366736	4.788860388506089	11.468464001553826	34.19428865380585	3834356.1492504156	-512636.6454910429	1025283.2909820857
KY13_US-Vir18-VA3	dadi_objects_duos/probs.KY13.US-Vir18-VA3.delim	4405004	1985959.9162524038	2267817.736194928	32720.762946210572	2.1225177582167523	1.1784893049971594	1.0687616305076486e-06	5.196578570615181e-07	1121873.721358706	0.08733550446352337	0.09973061611216187	0.010792076562326973	48.60606854577099	23.633450808561605	3834356.1492504156	-59710.72420590104	119431.44841180208
KY13_US-Vir18-VA3	dadi_objects_duos/probs.KY13.US-Vir18-VA3.delim	4405004	78213870.5635506	17562865.466096085	5822842.645993165	99.96344610271218	1.0856142327412437	1.2780782408855413e-06	6.18130472408929e-08	459680.8327952674	8.394439678156756	1.8849650793197268	4.687100115781025	23.816585724673903	1.1518666787535776	3834356.1492504156	-539237.8616982403	1078485.7233964805
KY13_US-Vir18-VA3	dadi_objects_duos/probs.KY13.US-Vir18-VA3.delim	4405004	24733705.195170883	8048417.172489315	1909055.0899579772	39.30344388463661	19.38269645918556	1.589064136347448e-06	2.4082619034011424e-06	146919.3264729485	8.30566826620747	2.702687792842107	4.80800713879781	9.464246012460434	14.343274506599963	3834356.1492504156	-640258.6828277275	1280527.365655455
KY13_US-Vir18-VA3	dadi_objects_duos/probs.KY13.US-Vir18-VA3.delim	4405004	18757911.906757243	3844963.647091627	10583572.14695546	0.11056301142350197	2.1550195496544355	5.894206773818646e-09	5.604785239736963e-07	2178058.8213156196	0.4248926489630944	0.08709374461829349	1.7979940154804401	0.5204279796005853	49.48735547195171	3834356.1492504156	-169006.73928795895	338023.4785759179
KY13_US-Vir18-VA3	dadi_objects_duos/probs.KY13.US-Vir18-VA3.delim	4405004	5347850.038328477	633626.0528731574	6434.110477303772	6.264260244088136	9.0711831155972e-06	1.1713604905133225e-06	1.4316303874287056e-11	1041955.3500010035	0.2532179225092528	0.030001864600980414	0.002284888312760416	49.477226430204475	0.0006047079564048674	3834356.1492504156	-171333.016766125	342676.03353225
KY13_US-Vir18-VA3	dadi_objects_duos/probs.KY13.US-Vir18-VA3.delim	4405004	42148102.65286397	2098464.2795936926	2532935.3558875653	23.671258619315502	3.990795573469268	5.616209776813532e-07	1.9017695999295118e-06	242202.553335785	8.585461433322822	0.4274518426141538	3.8696435346432994	5.514265902456925	18.672492082677127	3834356.1492504156	-381857.3755080339	763724.7510160678
KY13_US-Vir18-VA3	dadi_objects_duos/probs.KY13.US-Vir18-VA3.delim	4405004	13385590.10135574	8942252.011420215	8049036.887810397	1.9544219978510515	5.946236930143115	1.460094013825435e-07	6.649596681629117e-07	1130663.9267514513	0.5840745930687982	0.39019140472259833	2.634122407482932	6.692371217800395	30.47856440800134	3834356.1492504156	-234292.14156857523	468594.28313715046
KY13_US-Vir18-VA3	dadi_objects_duos/probs.KY13.US-Vir18-VA3.delim	4405004	31563286.82010393	14663692.309786435	4526366.65991747	107.24809921947549	7.878127592466628	3.397874873765202e-06	5.372540166577845e-07	348340.09633907455	4.470366027217578	2.0768455550544305	4.808081659910838	47.98179771701079	7.586628262552875	3834356.1492504156	-505298.84831405093	1010607.6966281019
KY13_US-Vir18-VA3	dadi_objects_duos/probs.KY13.US-Vir18-VA3.delim	4405004	9316442.126809802	18651674.67182208	2019160.316796002	21.211881251796093	30.160373615805717	2.2768220918535997e-06	1.6170330089110094e-06	194365.7710002259	2.364801187881797	4.734371965128417	3.84393989567915	17.9396740499746	12.741024084273716	3834356.1492504156	-568659.0302641902	1137328.0605283803
KY13_US-Vir18-VA3	dadi_objects_duos/probs.KY13.US-Vir18-VA3.delim	4405004	3856969.9479655293	1561525.2230217692	26923.432746041693	0.0011393167080271567	0.4977595974157498	2.9539164769176445e-10	3.18765006211373e-07	1079862.2399052859	0.1762147384297566	0.0713419504010892	0.009225451881460987	0.01293100359458656	13.954190896585029	3834356.1492504156	-125402.10886288965	250814.2177257793
KY13_US-Vir18-VA3	dadi_objects_duos/probs.KY13.US-Vir18-VA3.delim	4405004	82820917.96643929	14957501.767562788	5893269.292271481	101.0464136331704	1.9594627861941236	1.2200590878999487e-06	1.3100200933577448e-07	835914.6726802491	4.888126327616642	0.8827982106528143	2.6086746002931243	41.34361792668264	4.439208785312635	3834356.1492504156	-517053.4735174723	1034116.9470349445
KY13_US-Vir18-VA3	dadi_objects_duos/probs.KY13.US-Vir18-VA3.delim	4405004	19331107.300801385	16181335.552578114	1777957.9364522249	35.495028369328004	140.86983077382104	1.836161158127581e-06	8.705698631370187e-06	138840.58467727806	6.869175738799846	5.749926058014332	4.738387998545761	10.334581533221787	48.99883210757974	3834356.1492504156	-647773.5781691888	1295557.1563383776
KY13_US-Vir18-VA3	dadi_objects_duos/probs.KY13.US-Vir18-VA3.delim	4405004	56226486.20189555	6005716.83783428	4360128.658132	39.30366755715861	3.4552807322444954	6.990240758782037e-07	5.753319421384014e-07	332973.2106553034	8.330977848770424	0.8898563172225793	4.84524321714446	9.435547248024305	7.765929544736216	3834356.1492504156	-422309.0212354158	844628.0424708317
KY13_US-Vir18-VA3	dadi_objects_duos/probs.KY13.US-Vir18-VA3.delim	4405004	8791952.291790418	15262337.65917503	3214410.478647324	14.443807119565488	31.25764074390902	1.642844119280828e-06	2.048024453522579e-06	240484.8986801928	1.8036897723214949	3.1311046083901353	4.945828999694721	16.015844122656567	19.965887220855393	3834356.1492504156	-426696.2342545496	853402.4685090992
KY13_US-Vir18-VA3	dadi_objects_duos/probs.KY13.US-Vir18-VA3.delim	4405004	4484277.891365419	32572493.452836376	2855720.767287788	22.433330844818652	131.01282877766212	5.0026629455802795e-06	4.022192190087114e-06	219813.57189675438	1.0064734994978737	7.310731463804442	4.807140413953084	44.57808547569423	35.84123679725043	3834356.1492504156	-423093.5652347961	846197.1304695922
KY13_US-Vir18-VA3	dadi_objects_duos/probs.KY13.US-Vir18-VA3.delim	4405004	14104316.662528709	13143126.669264516	2639780.08486161	12.303458159657174	25.411255611850905	8.723186279803317e-07	1.933425451287453e-06	197260.2254625204	3.527579861091232	3.2871800924211714	4.951693950656949	6.975580224483528	15.460823500628015	3834356.1492504156	-503573.8772516481	1007157.7545032962
KY13_US-Vir18-VA3	dadi_objects_duos/probs.KY13.US-Vir18-VA3.delim	4405004	44724159.3673059	42019929.01371085	649129.7975940264	153.04769877443601	145.66977487126735	3.4220363432099835e-06	3.466683030895559e-06	340173.480102989	6.486434890573221	6.0942349170947105	0.7060844770470468	47.19008248949241	47.80576293921802	3834356.1492504156	-1226656.7587176976	2453323.517435395
KY13_US-Vir18-VA3	dadi_objects_duos/probs.KY13.US-Vir18-VA3.delim	4405004	2243503.3295676387	1724052.855067695	28980.36043264177	1.2406064621093509	1.8503426762628459	5.529773215662831e-07	1.0732517108300558e-06	1117923.7412118833	0.09900995631107153	0.07608564498592792	0.009592176794542807	25.06023653240666	48.63841731525225	3834356.1492504156	-59368.90182348593	118747.80364697186
KY13_US-Vir18-VA3	dadi_objects_duos/probs.KY13.US-Vir18-VA3.delim	4405004	4048235.299443352	24066245.491358705	4614341.247569179	5.334238837360075	19.348959407442596	1.317670155707983e-06	8.039874526498157e-07	360310.8759833401	0.5543099900862093	3.2953025980386186	4.738685749672326	19.24641061053388	11.743358208717584	3834356.1492504156	-326388.74343961413	652787.4868792283
KY13_US-Vir18-VA3	dadi_objects_duos/probs.KY13.US-Vir18-VA3.delim	4405004	5207351.6497844625	23877026.551758334	2517222.7584076314	20.458495618524825	7.785577074759902	3.928771666375099e-06	3.2606979172566037e-07	207908.3775188764	1.2356891884252947	5.665947980097079	4.47997129984382	33.11268854686054	2.7481992782526414	3834356.1492504156	-580775.907317357	1161561.814634714
KY13_US-Vir18-VA3	dadi_objects_duos/probs.KY13.US-Vir18-VA3.delim	4405004	16729536.355537578	22213703.6292989	2096780.4269812522	1.029109569320923	3.8717085983136155	6.151453019678465e-08	1.7429370009272124e-07	157938.95192658604	5.225874586680066	6.938986640473792	4.912349675955134	0.3938516136395472	1.1159291115306877	3834356.1492504156	-752971.4241677299	1505952.8483354598
KY13_US-Vir18-VA3	dadi_objects_duos/probs.KY13.US-Vir18-VA3.delim	4405004	11913823.857404875	15659818.90024873	2415679.755302892	61.0451382713175	22.30864053995996	5.123891288133803e-06	1.4245784502402912e-06	179195.33985500285	3.280112909430807	4.311459926623692	4.988135242558817	37.22136399378433	10.34853201450483	3834356.1492504156	-520873.40120312327	1041756.8024062465
KY13_US-Vir18-VA3	dadi_objects_duos/probs.KY13.US-Vir18-VA3.delim	4405004	38075093.32624213	13796039.965189125	2228209.0899654278	97.14262226328712	12.855915258224321	2.5513429850567025e-06	9.31855466544242e-07	259715.60434564558	7.232813426210897	2.620720643644194	3.174559484018748	26.86164194731009	9.810977213006396	3834356.1492504156	-587881.9386534241	1175773.8773068483
KY13_US-Vir18-VA3	dadi_objects_duos/probs.KY13.US-Vir18-VA3.delim	4405004	1650225.0048373395	1675161.38110594	25115.187343131947	1.803689827527216	1.6503295940741	1.0929963018618806e-06	9.85176480718863e-07	1127257.2605210522	0.07222448470289956	0.07331586128553401	0.00824401839776715	49.946769020141005	45.01971511039802	3834356.1492504156	-58381.96208975326	116773.92417950652
KY13_US-Vir18-VA3	dadi_objects_duos/probs.KY13.US-Vir18-VA3.delim	4405004	18347381.424990244	11458329.359004604	2730056.1348084416	9.251459550642476	29.511703582922202	5.042386886905522e-07	2.575567751482919e-06	202393.83900009675	4.472405071310367	2.7931119513412472	4.9911412461097004	4.137129532380169	21.131772801838995	3834356.1492504156	-545423.7197378716	1090857.439475743
KY13_US-Vir18-VA3	dadi_objects_duos/probs.KY13.US-Vir18-VA3.delim	4405004	33013916.99515957	38264133.98336708	809197.8161407869	193.41356260405595	178.97686177539273	5.858546340696678e-06	4.677405265546886e-06	201861.5417297007	8.068778599133356	9.351959824840874	1.4832921134072747	47.94122436940579	38.275797827957	3834356.1492504156	-932227.5339832369	1864465.0679664738
KY13_US-Vir18-VA3	dadi_objects_duos/probs.KY13.US-Vir18-VA3.delim	4405004	74059641.86683641	3403691.210089212	8298276.849005923	42.102016563300815	2.4556243275701823	5.684879848460882e-07	7.214591970890978e-07	959714.5853357664	3.8071837865586597	0.17497354379331156	3.199421037546682	22.11714428493988	28.068521381391257	3834356.1492504156	-377943.8829598188	755897.7659196376
KY13_US-Vir18-VA3	dadi_objects_duos/probs.KY13.US-Vir18-VA3.delim	4405004	93982038.99866897	16288693.936582705	8031868.762760365	150.4805325178847	1.8650315928949337	1.6011626702418738e-06	1.1449853500569911e-07	663702.4023601608	6.986116171864561	1.2108133569066775	4.477842206293567	43.079882674702844	3.0806260638875322	3834356.1492504156	-528090.3708887734	1056190.7417775467
KY13_US-Vir18-VA3	dadi_objects_duos/probs.KY13.US-Vir18-VA3.delim	4405004	21439421.878826864	7877429.451583935	2125407.9359169905	16.131026236883685	22.07409972730022	7.52400243255363e-07	2.802195800415797e-06	160346.72148211967	6.596556939381208	2.4237552769391795	4.904647329197573	4.890741150305862	18.214792505930156	3834356.1492504156	-630135.0258040206	1260280.0516080412
KY13_US-Vir18-VA3	dadi_objects_duos/probs.KY13.US-Vir18-VA3.delim	4405004	36269898.97467571	8731224.185988558	5907163.7111072745	44.76207221481493	5.107582697524571	1.234138320762035e-06	5.849789890541318e-07	498432.59039670613	3.5900809762095762	0.8642373630823914	4.385288269699059	24.936525115416714	11.819860875507285	3834356.1492504156	-432124.5466129014	864259.0932258028
KY13_US-Vir18-VA3	dadi_objects_duos/probs.KY13.US-Vir18-VA3.delim	4405004	49325318.7170895	59455179.89030339	628852.979513775	154.94966561631153	74.4631905447238	3.1413819443325136e-06	1.252425620141267e-06	355188.51800676336	6.8513367145338515	8.258384688561955	0.6551123342771976	45.23195168254227	18.03335479100579	3834356.1492504156	-1480925.0843689595	2961860.168737919
KY13_US-Vir18-VA3	dadi_objects_duos/probs.KY13.US-Vir18-VA3.delim	4405004	24405857.202746723	24222098.988911588	1376231.7065672406	83.57853332134742	14.117532326219992	3.4245276708388343e-06	5.828368686249167e-07	353924.19668315555	3.4021083486842074	3.3764929667603365	1.4388213571960486	49.13337539862426	8.362245954722319	3834356.1492504156	-834551.4573706769	1669112.9147413538
KY13_US-Vir18-VA3	dadi_objects_duos/probs.KY13.US-Vir18-VA3.delim	4405004	9581020.357400708	79397620.51169033	698953.8801619688	3.5792775506898273	92.88005903547756	3.735799964066532e-07	1.1698091005359802e-06	988000.1316017554	0.4784307556883665	3.96474093199523	0.26176832207035217	14.96257298734886	46.853028043240286	3834356.1492504156	-468925.29786664847	937860.5957332969
KY13_US-Vir18-VA3	dadi_objects_duos/probs.KY13.US-Vir18-VA3.delim	4405004	18002589.909453582	6921421.8351321025	3065545.0378978504	33.53384829766953	14.65175644030745	1.8627235562401007e-06	2.116870895794463e-06	227565.2000986728	3.902954326512641	1.500561498813136	4.9845668306865765	17.18382819387621	19.528365151173354	3834356.1492504156	-420376.9484553984	840763.8969107968
KY13_US-Vir18-VA3	dadi_objects_duos/probs.KY13.US-Vir18-VA3.delim	4405004	6648823.006437604	14350165.701832002	3626383.501096296	12.07315333443621	12.79076362716969	1.8158331666742512e-06	8.913321206832314e-07	323669.29116315645	1.0134623168421728	2.1873573962137964	4.14569936377539	23.825559438765737	11.695174871111456	3834356.1492504156	-371713.7421114916	743437.4842229832
KY13_US-Vir18-VA3	dadi_objects_duos/probs.KY13.US-Vir18-VA3.delim	4405004	21493993.53039068	50196491.12234047	2948135.921898633	0.6294273089417936	46.79859925046199	2.928386984260681e-08	9.323081793984955e-07	333111.810567547	3.183401470934143	7.4344296907251755	3.27478688910038	0.39544324816630383	12.589694488292919	3834356.1492504156	-632671.8240934234	1265353.6481868469
KY13_US-Vir18-VA3	dadi_objects_duos/probs.KY13.US-Vir18-VA3.delim	4405004	11088108.824570617	20254490.009559836	1329289.4906227842	88.10263750746599	102.39999867018076	7.945686582028809e-06	5.0556690700111135e-06	122542.09236099325	4.4641267598465	8.154556587536115	4.013838101599711	39.471387013434814	25.114792587666805	3834356.1492504156	-594767.2872720878	1189544.5745441755
KY13_US-Vir18-VA3	dadi_objects_duos/probs.KY13.US-Vir18-VA3.delim	4405004	2027024.2796108006	2386503.3930480145	24684.823541811005	2.2754149141453732	1.7235585772450657e-05	1.1225395457928432e-06	7.222108220193044e-12	1087785.9668697717	0.09193477735086344	0.1082387913622208	0.008396767859242666	49.500634682811956	0.00031847335979153386	3834356.1492504156	-66646.42339828613	133302.84679657227
KY13_US-Vir18-VA3	dadi_objects_duos/probs.KY13.US-Vir18-VA3.delim	4405004	23865363.322480556	16391520.597059013	2303271.1623782	99.77695000757666	17.27034279385492	4.1808267764182475e-06	1.053614439953398e-06	187943.65706708556	6.264763878814502	4.302846965609312	4.534641605304226	31.853379293349427	8.027402755379809	3834356.1492504156	-586595.3288465063	1173200.6576930126
KY13_US-Vir18-VA3	dadi_objects_duos/probs.KY13.US-Vir18-VA3.delim	4405004	11071627.415781118	28492505.753782902	2456460.834335187	23.69109402659496	142.2094767198525	2.139802319650541e-06	4.9911186453290995e-06	225157.91788898295	2.4259875527149415	6.243207227675615	4.036901861442378	19.531092812147428	45.556545388866724	3834356.1492504156	-489557.4399732595	979124.879946519
KY13_US-Vir18-VA3	dadi_objects_duos/probs.KY13.US-Vir18-VA3.delim	4405004	11448054.390228044	43549939.07515322	2174170.026059129	18.839000013864958	167.52020194285618	1.6456071373967053e-06	3.846623106722838e-06	318928.2282749426	1.7709367631836637	6.736881701787694	2.522470612559384	21.275745589015326	49.73226764495601	3834356.1492504156	-521835.67429872317	1043681.3485974463
KY13_US-Vir18-VA3	dadi_objects_duos/probs.KY13.US-Vir18-VA3.delim	4405004	3509545.8998667025	16403781.717793198	4758343.630434168	4.806767444232285	7.15319524358047	1.3696266073667403e-06	4.3606988721517747e-07	857411.8751811163	0.20194158578326787	0.9438844190809853	2.0534866286177804	47.6055234050812	15.15693044397362	3834356.1492504156	-242377.66714653707	484765.33429307415
KY13_US-Vir18-VA3	dadi_objects_duos/probs.KY13.US-Vir18-VA3.delim	4405004	19516560.96260999	15077994.777624816	4178881.158777506	2.7149245938272313	42.173052889688364	1.3910875994128826e-07	2.7969934670803578e-06	344356.89399793	2.796139536556064	2.1602257390773643	4.4903150194247905	1.9419092347380749	39.045042494216865	3834356.1492504156	-516988.84638487495	1033987.6927697499
KY13_US-Vir18-VA3	dadi_objects_duos/probs.KY13.US-Vir18-VA3.delim	4405004	17866911.04904143	30469509.503547713	1104987.8308338157	65.73966983358062	175.0996386413877	3.679408805088756e-06	5.746716684789429e-06	198278.254380252	4.445685315862436	7.581492436473533	2.062091726980447	29.574594314634943	46.19133768412327	3834356.1492504156	-1129796.9899087737	2259603.9798175474
KY13_US-Vir18-VA3	dadi_objects_duos/probs.KY13.US-Vir18-VA3.delim	4405004	57708988.39453316	17144792.496267043	5364502.426703433	64.94422466696106	1.2260282241278435	1.1253745122503882e-06	7.151023988157268e-08	420297.6023990524	6.774088694639165	2.012517430159962	4.722784236271318	19.174305975165694	1.2184025894676542	3834356.1492504156	-529280.3130293747	1058570.6260587494
KY13_US-Vir18-VA3	dadi_objects_duos/probs.KY13.US-Vir18-VA3.delim	4405004	22408049.38277939	1012114.7531384352	4706333.929662614	4.561510698605017	2.2596297776140153	2.0356571965208818e-07	2.2325825906669175e-06	367970.7406404513	3.0043816155199083	0.13570029703087083	4.73254795171767	3.036572101920313	33.303239964168476	3834356.1492504156	-197058.57402698594	394127.1480539719
KY13_US-Vir18-VA3	dadi_objects_duos/probs.KY13.US-Vir18-VA3.delim	4405004	17920834.350248355	133641724.05644904	9776772.10299464	0.6984693450864462	203.68433469709456	3.897526931142949e-08	1.5241073559561395e-06	754061.7586552857	1.1725075250254295	8.743785253022379	4.797490757410297	1.1914112791238551	46.58950987541442	3834356.1492504156	-547867.2862486606	1095744.5724973213
KY13_US-Vir18-VA3	dadi_objects_duos/probs.KY13.US-Vir18-VA3.delim	4405004	10005937.54093095	10562592.349604128	3673573.355231862	15.013488548745674	15.422804242157644	1.500457951824155e-06	1.4601343810012389e-06	273828.57004682615	1.8027826048281	1.9030758159204966	4.964042937616973	16.655905718789924	16.20829197989446	3834356.1492504156	-388186.152435507	776382.304871014
KY13_US-Vir18-VA3	dadi_objects_duos/probs.KY13.US-Vir18-VA3.delim	4405004	3392731.6498608175	34412438.52063286	3157442.751830145	13.766784397617101	82.66794138665468	4.057728644168444e-06	2.402269206731426e-06	235763.56792013347	0.7099653358173375	7.201170322915715	4.955464407939535	38.78156778392085	22.959585089547737	3834356.1492504156	-398794.2713469124	797598.5426938249
KY13_US-Vir18-VA3	dadi_objects_duos/probs.KY13.US-Vir18-VA3.delim	4405004	12554250.067044336	38900057.191304035	2580897.242458745	7.631720904351911	55.426622120240694	6.078993857534859e-07	1.4248468028635986e-06	218467.12863334868	2.8351040617080523	8.784731031704414	4.371295686728134	5.383732475593198	12.618854674139481	3834356.1492504156	-582205.56011552	1164421.12023104
KY13_US-Vir18-VA3	dadi_objects_duos/probs.KY13.US-Vir18-VA3.delim	4405004	11550350.845346933	9895682.068206014	3630877.683405404	25.497175478545206	13.025896908040975	2.20748060556245e-06	1.316321282177413e-06	448818.9971450879	1.26966244830662	1.0877743966923612	2.9934083043711635	40.16370731063428	23.94962953283206	3834356.1492504156	-405439.4766313205	810888.953262641
KY13_US-Vir18-VA3	dadi_objects_duos/probs.KY13.US-Vir18-VA3.delim	4405004	1696111.1625018313	1758270.5804160507	26339.763790327885	1.809894642491409	1.3521962539024979	1.0670849190224906e-06	7.690490126852572e-07	1127392.7702526865	0.07422383618817696	0.07694400604190993	0.008644944350992164	48.768555640343074	35.14753971000633	3834356.1492504156	-58014.308833060146	116038.61766612029
KY13_US-Vir18-VA3	dadi_objects_duos/probs.KY13.US-Vir18-VA3.delim	4405004	19303087.185293008	3244003.563957364	11986221.459038641	6.544057825148579	2.551302119357557	3.39016125365402e-07	7.864671135703749e-07	888254.1018415022	1.072145878276906	0.1801807667771608	4.993104406376286	12.207401917481286	28.319361327981124	3834356.1492504156	-203947.36708820422	407904.73417640844
KY13_US-Vir18-VA3	dadi_objects_duos/probs.KY13.US-Vir18-VA3.delim	4405004	31813202.985255834	10695503.461369617	2914516.989171992	177.12976155675312	22.77219591635559	5.5678066002610866e-06	2.129137351841826e-06	216169.8335325346	7.260668993742147	2.4410151467747188	4.9888112696691085	48.79158152214855	18.657971824914068	3834356.1492504156	-469305.8700197564	938621.7400395127
KY13_US-Vir18-VA3	dadi_objects_duos/probs.KY13.US-Vir18-VA3.delim	4405004	10345533.33618859	28029161.52712579	2040199.628091961	28.79699662692059	126.36118640769578	2.783519775262715e-06	4.508204295922558e-06	160752.2575039107	3.175119927268684	8.602354892434859	4.69614129138766	18.139155236062198	29.378277922205044	3834356.1492504156	-548668.3904983025	1097346.780996605
KY13_US-Vir18-VA3	dadi_objects_duos/probs.KY13.US-Vir18-VA3.delim	4405004	20683283.33279602	19465660.197533417	3456724.9390879367	2.0138805300742715	41.99564132161021	9.736754545546468e-08	2.1574218852814284e-06	355405.14918458235	2.871177852822692	2.70215185618573	3.5988743055708694	1.4028253443752356	31.083109726401453	3834356.1492504156	-547938.0089115289	1095886.0178230577
KY13_US-Vir18-VA3	dadi_objects_duos/probs.KY13.US-Vir18-VA3.delim	4405004	17978353.72884399	8921660.677473376	3744299.1533882553	54.22434578159354	15.16044051468496	3.0160907166153622e-06	1.6992845909242105e-06	297968.02510924864	2.9767652575181067	1.477203638587873	4.649716227235873	36.4317244328519	20.525864029386664	3834356.1492504156	-433864.66206696146	867739.3241339229
KY13_US-Vir18-VA3	dadi_objects_duos/probs.KY13.US-Vir18-VA3.delim	4405004	22379578.33410531	8914845.877044138	5042784.406853163	60.28007558920017	11.448439878002274	2.6935304450011235e-06	1.2841994170064318e-06	412156.6367199924	2.6788841448321423	1.0671264184294778	4.527241638402625	45.00386902172456	21.456576616013855	3834356.1492504156	-438446.2711225567	876902.5422451134
KY13_US-Vir18-VA3	dadi_objects_duos/probs.KY13.US-Vir18-VA3.delim	4405004	24058684.955040395	41979522.0973193	2836698.066605849	1.5588731748193636	103.68724959021847	6.479461274514812e-08	2.4699483083643696e-06	276388.38098435354	4.294537833115905	7.493453869152267	3.797684676598873	0.7259794815631289	27.674087650571895	3834356.1492504156	-671165.8299710271	1342341.6599420542
KY13_US-Vir18-VA3	dadi_objects_duos/probs.KY13.US-Vir18-VA3.delim	4405004	15062329.740638074	5490068.768786448	2939813.2425918537	45.875570470579554	27.263104004571492	3.0457154544165596e-06	4.965894809838213e-06	231050.40380637243	3.2162496262038434	1.172290869307101	4.708023061163567	28.52736932905717	46.51252469565976	3834356.1492504156	-412147.36491298553	824304.7298259711
KY13_US-Vir18-VA3	dadi_objects_duos/probs.KY13.US-Vir18-VA3.delim	4405004	17956480.018948246	9610295.671130786	1934887.0517858367	66.49467917093791	35.34968797623521	3.703102116938878e-06	3.6783142981152236e-06	144459.33062823425	6.132533625986413	3.2821277497978807	4.956049000870411	21.68587511340137	21.540714238446146	3834356.1492504156	-578335.9563809611	1156681.9127619222
KY13_US-Vir18-VA3	dadi_objects_duos/probs.KY13.US-Vir18-VA3.delim	4405004	44623593.98447705	34277700.95792972	936356.6816333878	11.259833192829918	121.95518272901408	2.523291422189528e-07	3.5578577127647545e-06	344377.5679069005	6.392842731702957	4.910674642311793	1.0060788765543138	3.5226373196984517	49.66942084829361	3834356.1492504156	-1419627.376676247	2839264.753352494
KY13_US-Vir18-VA3	dadi_objects_duos/probs.KY13.US-Vir18-VA3.delim	4405004	38111288.45506173	18371165.312062208	932302.7051790161	179.95361234417027	86.50617961946332	4.721792929051965e-06	4.708801981258357e-06	217171.92370753636	8.657934241706029	4.173470582158195	1.5884693430264534	41.5696417460225	41.45527225675521	3834356.1492504156	-993464.7301697581	1986939.4603395162
KY13_US-Vir18-VA3	dadi_objects_duos/probs.KY13.US-Vir18-VA3.delim	4405004	44245872.934404835	3231952.9246318983	7516539.623500415	60.89150195317085	6.470075578692729	1.3762074949553692e-06	2.001908978742206e-06	614269.5295512368	3.553678416869651	0.25957949501030936	4.527772002647137	34.26956230148067	49.85043659504589	3834356.1492504156	-361236.2353559002	722482.4707118004
KY13_US-Vir18-VA3	dadi_objects_duos/probs.KY13.US-Vir18-VA3.delim	4405004	24974345.51577686	79820919.52658151	711274.7153978731	7.1733928499956185	153.8458781709564	2.872304639760839e-07	1.9273879464608715e-06	639080.1477835447	1.9279826379998404	6.162057255883389	0.41182017143436794	7.441345900746865	49.933284220644964	3834356.1492504156	-810467.6024244542	1620945.2048489084
KY13_US-Vir18-VA3	dadi_objects_duos/probs.KY13.US-Vir18-VA3.delim	4405004	12680491.30137781	16875534.757926602	2943212.487675281	36.69001229221868	9.969439000895939	2.893421983439403e-06	5.907628495276689e-07	223048.91681234512	2.8047896213596872	3.7326885543294575	4.882554171167831	26.162398785854275	5.341693450064363	3834356.1492504156	-518996.4855709235	1038002.971141847
KY13_US-Vir18-VA3	dadi_objects_duos/probs.KY13.US-Vir18-VA3.delim	4405004	4847628.922042269	15268969.187277222	23328373.84488096	2.468323099068671	1.494623686782724	5.091815274566819e-07	9.788635162274807e-08	1855645.2680276432	0.12888392075380775	0.40595611718074703	4.651736215722273	38.30304175465964	7.363474146725376	3834356.1492504156	-147594.9611431209	295199.9222862418
KY13_US-Vir18-VA3	dadi_objects_duos/probs.KY13.US-Vir18-VA3.delim	4405004	13323575.548355673	35499593.7619078	3048423.024242454	11.81022879831773	116.30314352925977	8.864158690326403e-07	3.276182378572928e-06	301401.1101888562	2.1809226904903545	5.810892823592655	3.7424495702574605	10.830488260601609	40.029354200807276	3834356.1492504156	-514813.1023726711	1029636.2047453423
KY13_US-Vir18-VA3	dadi_objects_duos/probs.KY13.US-Vir18-VA3.delim	4405004	6558159.920700135	18619000.2800497	3161101.510054841	2.834482544307049	2.9466834416219014	4.322069877192696e-07	1.5826217290405646e-07	268597.4960227185	1.204604199384865	3.4199419039634256	4.354738229942685	4.70608112731881	1.7232359638664871	3834356.1492504156	-247903.02705457108	495816.05410914216
KY13_US-Vir18-VA3	dadi_objects_duos/probs.KY13.US-Vir18-VA3.delim	4405004	2288746.6919553434	1042155665.0713047	34274174.3773461	0.4683067077293038	188.1304377445063	2.046127294800001e-07	1.8052047697848895e-07	5649520.807261639	0.019987130445651476	9.100920296539856	2.244817094720688	46.86082466942537	41.34316785875665	3834356.1492504156	-1544167.460701458	3088344.921402916
KY13_US-Vir18-VA3	dadi_objects_duos/probs.KY13.US-Vir18-VA3.delim	4405004	120581807.28846677	4024296.642400739	1831209.1332117778	143.92286086516185	5.666001727750296	1.193570274833056e-06	1.4079483276784935e-06	793384.4716286892	7.498293272915178	0.25024800275003645	0.8540431645795772	38.388165313573474	45.2830924961256	3834356.1492504156	-414611.86651742307	829233.7330348461
KY13_US-Vir18-VA3	dadi_objects_duos/probs.KY13.US-Vir18-VA3.delim	4405004	7200743.673170037	13045826.298353216	4249051.412888946	19.176023659519704	11.634848869728355	2.6630615572346435e-06	8.91844533542274e-07	434416.08652199124	0.8177786768834342	1.4815967701877224	3.6191922943145527	46.89783238809746	15.705823748865473	3834356.1492504156	-396732.89943481726	793475.7988696345
KY13_US-Vir18-VA3	dadi_objects_duos/probs.KY13.US-Vir18-VA3.delim	4405004	12341589.265532684	21636971.971727084	1978334.137898737	24.348511909531858	11.279394981973248	1.9728830206278086e-06	5.213019176949516e-07	176095.44365733868	3.4576999169401543	6.0619547920312415	4.1569719841746915	14.083646640497799	3.721372187334886	3834356.1492504156	-743634.5784046048	1487279.1568092096
KY13_US-Vir18-VA3	dadi_objects_duos/probs.KY13.US-Vir18-VA3.delim	4405004	14029415.966360103	16470400.374379754	1770628.9981612936	66.71487740992427	35.32581738677179	4.755356714056664e-06	2.144806233230508e-06	135489.47010681938	5.108558577197802	5.997398986826783	4.835569166784825	26.11886558674615	11.780379282540492	3834356.1492504156	-657376.6833552613	1314763.3667105227
KY13_US-Vir18-VA3	dadi_objects_duos/probs.KY13.US-Vir18-VA3.delim	4405004	7428217.076544138	62309507.66811975	5538257.058990856	4.21591246169703	62.21885927059102	5.675537505506528e-07	9.985451915619113e-07	599459.6535933731	0.6113486508653297	5.128126043767965	3.418524704831679	13.792170656562806	24.265729328632027	3834356.1492504156	-447092.19987800997	894194.3997560199
KY13_US-Vir18-VA3	dadi_objects_duos/probs.KY13.US-Vir18-VA3.delim	4405004	18179236.184116986	18287804.93128875	1676831.4773470077	115.26026313010773	36.92479156949957	6.340214845264481e-06	2.0190936915739215e-06	124495.63214871663	7.20420142722752	7.247225848903193	4.983803085549669	31.99806787591855	10.19004853425061	3834356.1492504156	-707223.7716279001	1414457.5432558001
KY13_US-Vir18-VA3	dadi_objects_duos/probs.KY13.US-Vir18-VA3.delim	4405004	39269341.46496846	9040116.444916025	2329116.9624134772	211.9848044961081	27.671391619886972	5.3982266212744185e-06	3.060955219824496e-06	213447.13451875903	9.076692428550318	2.0895271839987912	4.037630206971752	46.7097031577978	26.485792414465163	3834356.1492504156	-482800.65656314336	965611.3131262867
KY13_US-Vir18-VA3	dadi_objects_duos/probs.KY13.US-Vir18-VA3.delim	4405004	26031952.879228856	7618756.11854889	2998735.880552071	10.789819687164156	3.1611231788170704	4.1448368231234224e-07	4.1491329157011466e-07	229694.89806672122	5.591389292016662	1.6364285682819895	4.83072637640894	3.859441410230466	3.8634416925827537	3834356.1492504156	-392990.1728571758	785990.3457143516
KY13_US-Vir18-VA3	dadi_objects_duos/probs.KY13.US-Vir18-VA3.delim	4405004	44677419.59407899	5213711.087851284	3332190.484741985	132.5752352105318	15.364285029854033	2.9673879202303286e-06	2.9468999664471404e-06	247706.39673777577	8.898466909497182	1.038422451709179	4.97757909109051	29.79732049551962	29.59158867292473	3834356.1492504156	-423465.082069733	846940.164139466
KY13_US-Vir18-VA3	dadi_objects_duos/probs.KY13.US-Vir18-VA3.delim	4405004	4207960.21834788	15808138.941279491	3643516.5510392827	17.397730747616414	19.21071934725195	4.1344808042047205e-06	1.2152423140137872e-06	292494.23725141224	0.7097716378958383	2.66641510048357	4.609236625299871	49.02345999395821	14.409398854490414	3834356.1492504156	-394372.9800851116	788755.9601702231
KY13_US-Vir18-VA3	dadi_objects_duos/probs.KY13.US-Vir18-VA3.delim	4405004	58133481.30529277	10198116.819620019	4826049.620410815	101.87253726460811	6.429266327661264	1.752390102523124e-06	6.304366228961101e-07	446832.3239325212	6.4186852303259325	1.1260034723100922	3.9964351663151754	31.742493550952695	11.419620784065748	3834356.1492504156	-477406.40535104304	954822.8107020861
KY13_US-Vir18-VA3	dadi_objects_duos/probs.KY13.US-Vir18-VA3.delim	4405004	19823970.972960528	1777728.3242161178	5794146.698151636	4.412446499321059	2.588803611837432	2.2258136401327168e-07	1.4562425408724667e-06	477776.51701061026	2.04705816467359	0.18357135841359815	4.487353238497795	4.311012335132781	28.204875032897995	3834356.1492504156	-182533.84934522698	365077.69869045395
KY13_US-Vir18-VA3	dadi_objects_duos/probs.KY13.US-Vir18-VA3.delim	4405004	7698595.836082336	24793152.642819487	4268005.927118268	11.175405839408763	55.666871797062306	1.4516161229079027e-06	2.245251848323709e-06	332868.33536864945	1.1410465601824378	3.674714472810095	4.744365085044331	19.587992689136136	30.29725014498513	3834356.1492504156	-431223.90459358343	862457.8091871669
KY13_US-Vir18-VA3	dadi_objects_duos/probs.KY13.US-Vir18-VA3.delim	4405004	15838223.216235481	19194364.284383886	2472549.5883586267	25.821223628853666	6.6054740382658395	1.6303106274184082e-06	3.4413611935248663e-07	193772.15861001288	4.032546758800551	4.887048908547123	4.721491416926218	12.806410029841281	2.7032567759709982	3834356.1492504156	-617756.7170931037	1235523.4341862074
KY13_US-Vir18-VA3	dadi_objects_duos/probs.KY13.US-Vir18-VA3.delim	4405004	19542228.4819471	4160843.0607210738	4152314.0157248103	8.415522293658658	4.259691124084059	4.306326835464454e-07	1.0237567391801253e-06	314190.06446778687	3.068640192395481	0.6533610157190404	4.890162752461905	5.4848543758981565	13.039318299075925	3834356.1492504156	-257790.6903093206	515591.3806186412
KY13_US-Vir18-VA3	dadi_objects_duos/probs.KY13.US-Vir18-VA3.delim	4405004	18025232.907455232	33799989.22388906	944680.2760555008	90.78832611425705	68.40881233765451	5.0367352577567535e-06	2.0239300043712653e-06	240365.3000796368	3.699759066545831	6.937597823133455	1.4542485773332203	49.07796668987899	19.721181331539565	3834356.1492504156	-1150639.1709159093	2301288.3418318187
KY13_US-Vir18-VA3	dadi_objects_duos/probs.KY13.US-Vir18-VA3.delim	4405004	32686994.591731064	784937.4054391718	3459112.9032539306	10.60484134218468	1.913337992371347	3.2443610905933273e-07	2.4375676061721584e-06	277206.7455899136	5.817488409682044	0.13969972814886583	4.617283219436287	3.6458487221169347	27.392150546384304	3834356.1492504156	-271854.38095380977	543718.7619076195
KY13_US-Vir18-VA3	dadi_objects_duos/probs.KY13.US-Vir18-VA3.delim	4405004	17324815.444881104	4247045.744419761	6261979.615243146	1.2744344457810572	2.9908455326258983	7.35612133841004e-08	7.042178758153482e-07	542207.9218231054	1.5764024030973918	0.38644296898100716	4.273378517992906	1.616889752612641	15.478845639305147	3834356.1492504156	-160440.0256849386	320890.0513698772
KY13_US-Vir18-VA3	dadi_objects_duos/probs.KY13.US-Vir18-VA3.delim	4405004	6912488.404357546	28933485.52687572	4651686.655729024	3.5608118227550167	19.261417044104785	5.151273484249645e-07	6.657136771929276e-07	362828.85007035936	0.9399330773468849	3.9342619471888187	4.743885644498403	7.576734787982973	9.791629181106158	3834356.1492504156	-374313.741531263	748637.483062526
