Pair_name	fs_name	L	pop1_size	pop2_size	divergence_time	mig_pop1	mig_pop2	Mij	Mji	theta	nu1	nu2	Ts	m12	m21	fs_sanitycheck	-2LL_model	AIC
KY14_US-Vir18-VA3	dadi_objects_duos/probs.KY14.US-Vir18-VA3.delim	4333565	11649759.817029355	21174014.538555477	1275068.5373390764	78.94425450829715	128.11314234057355	6.776470566620457e-06	6.050489013658419e-06	163227.25436503981	3.4640777724049907	6.296132647161624	2.8435798851315215	45.5788003012928	40.69582059975454	3808048.4648352424	-804192.0851800012	1608394.1703600024
KY14_US-Vir18-VA3	dadi_objects_duos/probs.KY14.US-Vir18-VA3.delim	4333565	32232275.162070103	11533804.774627494	4500200.767622062	60.50240495415617	6.728550915755984	1.8770752188586874e-06	5.833765220786213e-07	382419.69861430244	4.090854608722067	1.4638469726738068	4.283672042390112	29.579347466986313	9.192970360099691	3808048.4648352424	-600952.9440456817	1201915.8880913635
KY14_US-Vir18-VA3	dadi_objects_duos/probs.KY14.US-Vir18-VA3.delim	4333565	22858978.216264457	10022238.113187429	2133388.886709092	110.44403829698759	31.09928743910369	4.831538717614475e-06	3.103028194688642e-06	157692.69810521064	7.035720323067511	3.084725122376782	4.924736788776096	31.395232677138303	20.16340918904416	3808048.4648352424	-651429.2301021012	1302868.4602042024
KY14_US-Vir18-VA3	dadi_objects_duos/probs.KY14.US-Vir18-VA3.delim	4333565	17110723.11255298	11920077.505954867	4322271.869474048	23.15593270583381	5.302038496190362	1.353299480887857e-06	4.4479899510230895e-07	455113.83758243	1.8247848262104103	1.2712248580634684	3.457137233153479	25.379356922780293	8.34162180287643	3808048.4648352424	-532201.9030389772	1064413.8060779544
KY14_US-Vir18-VA3	dadi_objects_duos/probs.KY14.US-Vir18-VA3.delim	4333565	3737104.3006833633	43062234.26128696	2382242.1348437313	17.84091661217152	127.7551885455013	4.773994830411649e-06	2.966757083952643e-06	246962.16198427134	0.7344599828941007	8.46310011554754	3.5113980424708515	48.58240619691853	30.191108884746043	3808048.4648352424	-550174.7649977081	1100359.5299954163
KY14_US-Vir18-VA3	dadi_objects_duos/probs.KY14.US-Vir18-VA3.delim	4333565	20097702.002495646	51176963.25075772	4182338.513228516	2.003626422401652	145.76757077365275	9.969430446092047e-08	2.8483044228204485e-06	331345.6453534232	2.9439367350614463	7.49646611757338	4.59475641931593	1.3611885055402402	38.88967641218073	3808048.4648352424	-701859.8893947434	1403729.7787894867
KY14_US-Vir18-VA3	dadi_objects_duos/probs.KY14.US-Vir18-VA3.delim	4333565	1365024.298535649	1650307.5935452913	25620.182433770395	1.4322856544189382	1.5841264815800111	1.0492748414482034e-06	9.598977110545156e-07	1132307.5020818524	0.05851124447216413	0.07073980379967253	0.008236494495694142	48.95762061941195	44.78741518893906	3808048.4648352424	-55545.12095657731	111100.24191315462
KY14_US-Vir18-VA3	dadi_objects_duos/probs.KY14.US-Vir18-VA3.delim	4333565	21405391.21113823	12119164.815390337	1751362.197748561	114.71592201402979	35.77195134171378	5.359206981199097e-06	2.951684533268032e-06	226175.05695723416	4.593479672836258	2.600706367949053	2.8187453479138327	49.94728623374885	27.50941189098864	3808048.4648352424	-703604.4694284585	1407218.938856917
KY14_US-Vir18-VA3	dadi_objects_duos/probs.KY14.US-Vir18-VA3.delim	4333565	9497343.98575323	10321290.718285063	2584835.747191177	43.39332027035978	48.22106670924136	4.568995324951187e-06	4.6719996583192405e-06	200242.86195508618	2.3020166580876387	2.5017292415752346	4.698946352683239	37.700266084440976	38.55018833203434	3808048.4648352424	-564536.4952833827	1129082.9905667654
KY14_US-Vir18-VA3	dadi_objects_duos/probs.KY14.US-Vir18-VA3.delim	4333565	11418421.510587135	11627958.06783064	10965832.540769173	6.852776046149526	2.1903064335402864	6.001509087570158e-07	1.8836552563772005e-07	1890343.6008777723	0.2931761633462649	0.2985561647655922	2.1116670210108084	46.74852121627528	14.672659231538422	3808048.4648352424	-319681.8893302184	639373.7786604367
KY14_US-Vir18-VA3	dadi_objects_duos/probs.KY14.US-Vir18-VA3.delim	4333565	14380190.537866998	7674486.114576748	4360516.498505642	1.6920756751368882	2.266225999211926	1.176671248326778e-07	2.9529351742620357e-07	332164.3157730199	2.101236825960356	1.1213977173533345	4.778697489064854	1.6105520845928791	4.0417881437471745	3808048.4648352424	-195041.41322244637	390092.82644489274
KY14_US-Vir18-VA3	dadi_objects_duos/probs.KY14.US-Vir18-VA3.delim	4333565	9474027.237120224	23408517.236645833	2833219.572222952	7.20292651471693	0.9573826429776129	7.602813813427847e-07	4.089890159633172e-08	207517.3723004568	2.2158660682399836	5.47498310425599	4.96993093031956	6.501229129284031	0.34972989861224935	3808048.4648352424	-545403.1283355736	1090816.2566711472
KY14_US-Vir18-VA3	dadi_objects_duos/probs.KY14.US-Vir18-VA3.delim	4333565	39422490.1662996	12943106.3288914	2697708.936703671	174.35797204103736	18.18624612521591	4.4228046301876605e-06	1.4050913021258933e-06	199119.14085722202	9.609358176491078	3.1549236008700485	4.931813672193743	36.28920242927303	11.528802865591166	3808048.4648352424	-658193.5187155985	1316397.037431197
KY14_US-Vir18-VA3	dadi_objects_duos/probs.KY14.US-Vir18-VA3.delim	4333565	23825858.266085774	4671018.969718415	4489480.367463569	54.521557179277934	12.962126664057525	2.2883354954262053e-06	2.7750104951594588e-06	333335.22680179763	3.4692107174995632	0.6801328577723084	4.902746562407336	31.431678049567655	38.11645479535683	3808048.4648352424	-517769.85683585046	1035549.7136717009
KY14_US-Vir18-VA3	dadi_objects_duos/probs.KY14.US-Vir18-VA3.delim	4333565	120247223.96488811	60633028.63092057	206099.97859953134	163.6678138923192	78.13668192879544	1.3610943229767183e-06	1.2886818239679465e-06	733651.0168161226	7.955159157126143	4.011280901406947	0.10226169860730476	41.14759005059185	38.95846930160847	3808048.4648352424	-1053595.4008014381	2107200.8016028763
KY14_US-Vir18-VA3	dadi_objects_duos/probs.KY14.US-Vir18-VA3.delim	4333565	7638765.266679176	23188837.951014012	2663711.1924910396	29.09198689241594	123.71712819637376	3.808467190282336e-06	5.335201723248224e-06	204244.6831504968	1.8152470618745675	5.51050706355362	4.747456073017745	32.05292271606627	44.90226644100914	3808048.4648352424	-571356.4009110236	1142722.8018220472
KY14_US-Vir18-VA3	dadi_objects_duos/probs.KY14.US-Vir18-VA3.delim	4333565	30594592.144771487	66281338.72601765	522240.03326601046	81.29236541384172	74.69436041086752	2.6570828278792503e-06	1.1269289644197768e-06	453132.9071574837	3.277044986300042	7.099520324688195	0.41953590743858477	49.6132129730847	21.04208650579447	3808048.4648352424	-1467781.36778547	2935572.73557094
KY14_US-Vir18-VA3	dadi_objects_duos/probs.KY14.US-Vir18-VA3.delim	4333565	17268573.805673793	18265390.28867893	1192367.090478334	112.02295442397515	143.16893602369072	6.48709937975125e-06	7.838263172094836e-06	104678.97748242079	8.00682500968853	8.469013447252085	4.1464371656510055	27.981866542212067	33.81006227358024	3808048.4648352424	-877753.6276515299	1755517.2553030597
KY14_US-Vir18-VA3	dadi_objects_duos/probs.KY14.US-Vir18-VA3.delim	4333565	15183030.6235821	5617216.910587294	16118910.354052	1.043905724992455	2.38846893303404	6.875476648061772e-08	4.2520503855428283e-07	1322414.2732416722	0.5572553896908089	0.2061659806985634	4.4370337406501	3.7465971412915797	23.170349685637376	3808048.4648352424	-171133.44919684003	342276.89839368005
KY14_US-Vir18-VA3	dadi_objects_duos/probs.KY14.US-Vir18-VA3.delim	4333565	3952471.0755616785	22999787.874067854	2055747.2176523507	25.27997131120672	38.687255339561936	6.395991476702768e-06	1.6820700934890633e-06	154507.76249047302	1.241600088263351	7.224983588380311	4.843329180278925	40.72160037708483	10.70929916070157	3808048.4648352424	-654478.2085050276	1308966.4170100552
KY14_US-Vir18-VA3	dadi_objects_duos/probs.KY14.US-Vir18-VA3.delim	4333565	12979459.11467005	19626229.59519445	2624142.0692138285	22.858818312269715	108.45996520229433	1.761153381687031e-06	5.526276184441005e-06	193448.80604591503	3.2565209677181772	4.924182712803784	4.937940692225509	14.038796948564858	44.05196619543722	3808048.4648352424	-631576.1258652047	1263162.2517304095
KY14_US-Vir18-VA3	dadi_objects_duos/probs.KY14.US-Vir18-VA3.delim	4333565	1123970.6717041596	75323806.06412667	3589779.4361513234	1.6386808505367445	34.767895854578015	1.457939154277205e-06	4.615791165010765e-07	762511.4456265611	0.07154379112449673	4.79456518165485	1.7137441202022463	45.80917015384882	14.503044400192232	3808048.4648352424	-376899.5166281311	753809.0332562622
KY14_US-Vir18-VA3	dadi_objects_duos/probs.KY14.US-Vir18-VA3.delim	4333565	14537918.830850499	25879825.012541775	1775120.9741871203	41.796064193172725	217.1828768372557	2.8749688782467614e-06	8.391976249144089e-06	136569.0313145942	5.166701226858597	9.197556073805846	4.731515922235947	16.179013400620082	47.226214245277845	3808048.4648352424	-727739.1150213889	1455488.2300427777
KY14_US-Vir18-VA3	dadi_objects_duos/probs.KY14.US-Vir18-VA3.delim	4333565	55089113.98606327	6948436.174148123	3771147.046568411	79.59996712406421	6.9866410917929835	1.4449309739162228e-06	1.0054983476407258e-06	431930.10352443106	6.19035637524191	0.7807948441407329	3.1782245127914277	25.71741020999088	17.896227528197382	3808048.4648352424	-573073.6034295582	1146157.2068591164
KY14_US-Vir18-VA3	dadi_objects_duos/probs.KY14.US-Vir18-VA3.delim	4333565	5073754.993351801	30913692.515183076	3581548.1239184104	13.51388196892473	74.21221474224838	2.663487296219885e-06	2.40062602375305e-06	269179.5575002433	0.9148518161403877	5.57406650068406	4.843432989312189	29.543324351560276	26.627674690691588	3808048.4648352424	-526973.7816023981	1053957.5632047963
KY14_US-Vir18-VA3	dadi_objects_duos/probs.KY14.US-Vir18-VA3.delim	4333565	14593396.814665884	18623261.31031405	2497143.4250346315	8.709365575807098	27.168576053894125	5.968018060781073e-07	1.4588516802289324e-06	194854.07705636523	3.6350486875733288	4.638841966961354	4.66507434386539	4.791883864213803	11.71351654028893	3808048.4648352424	-693653.3839266467	1387316.7678532933
KY14_US-Vir18-VA3	dadi_objects_duos/probs.KY14.US-Vir18-VA3.delim	4333565	10817593.27140399	23762398.184551556	3813974.272731151	5.92596029461059	31.640894833763245	5.478076450032284e-07	1.3315530944319277e-06	382858.26939376147	1.371374135357004	3.0124203643791483	3.6263048150790964	8.64236847090296	21.00695852936471	3808048.4648352424	-552506.2023282209	1105022.4046564419
KY14_US-Vir18-VA3	dadi_objects_duos/probs.KY14.US-Vir18-VA3.delim	4333565	1710338.8846449517	2465654.201049425	32094.267493858955	1.8404412300979365	0.5092281881181228	1.0760681679057965e-06	2.0652863159050705e-07	1108243.64358429	0.07490490510935553	0.10798421039256827	0.010541849173416577	49.14073991312133	9.431530522228442	3808048.4648352424	-59300.90027494163	118611.80054988326
KY14_US-Vir18-VA3	dadi_objects_duos/probs.KY14.US-Vir18-VA3.delim	4333565	21168522.952705573	10555173.175742961	1537422.518462817	47.92388627400613	55.43059148743135	2.263922068680797e-06	5.251509431869618e-06	119439.50364682668	8.602128060887688	4.289243588957286	4.685649805067316	11.14233267275044	25.84632480661072	3808048.4648352424	-920676.5920343177	1841363.1840686353
KY14_US-Vir18-VA3	dadi_objects_duos/probs.KY14.US-Vir18-VA3.delim	4333565	22165907.933334704	4555541.613578421	4728302.3635136755	38.54032481204152	10.534399060976131	1.7387207836445886e-06	2.3124361392236874e-06	354649.9022193397	3.033535057459532	0.6234527018730098	4.853219967783239	25.409513377648285	33.79373937855471	3808048.4648352424	-497959.8691406031	995929.7382812062
KY14_US-Vir18-VA3	dadi_objects_duos/probs.KY14.US-Vir18-VA3.delim	4333565	15185568.871072523	13352472.366626596	1936190.1841155111	36.232097679305	88.13272751384243	2.3859559024044655e-06	6.6004800529767745e-06	146273.0997405411	5.038832694957495	4.430579775489351	4.818458563390516	14.381147330239205	39.78383506438875	3808048.4648352424	-701069.1409836	1402148.2819672
KY14_US-Vir18-VA3	dadi_objects_duos/probs.KY14.US-Vir18-VA3.delim	4333565	10594390.874383418	76352968.75087081	847870.8042758666	11.94586278126058	138.21508946257995	1.127564852279043e-06	1.8102123823574785e-06	656683.9739384927	0.7830381326331761	5.643296229162461	0.4699999834609977	30.51157353241382	48.98381507897305	3808048.4648352424	-736041.7577287771	1472093.5154575543
KY14_US-Vir18-VA3	dadi_objects_duos/probs.KY14.US-Vir18-VA3.delim	4333565	43682858.73969116	14136179.132280441	3407929.1839532694	123.83475153712787	9.312616416067888	2.834859144065336e-06	6.587788913060825e-07	249313.09677332093	8.504118371894144	2.75201175325053	4.975881713752142	29.123477854305982	6.767860933056205	3808048.4648352424	-664664.3465899695	1329338.693179939
KY14_US-Vir18-VA3	dadi_objects_duos/probs.KY14.US-Vir18-VA3.delim	4333565	70589968.9098716	8006722.428685148	4371777.6007538615	202.43415196159143	11.820766049855571	2.8677467222015193e-06	1.4763551696891732e-06	394938.58536157495	8.675145391010734	0.9839851503971512	4.029517755118664	46.669915681495226	24.026309838282685	3808048.4648352424	-591302.6701425166	1182615.3402850332
KY14_US-Vir18-VA3	dadi_objects_duos/probs.KY14.US-Vir18-VA3.delim	4333565	2152328.878313156	8044922.3038314935	139755.50408843104	2.2813290099012407	0.28436328573287056	1.0599351395076695e-06	3.5346927539305016e-08	1131891.8667171206	0.09229263195707348	0.34496914518597216	0.04494574268314506	49.436861026182825	1.6486302598429252	3808048.4648352424	-83796.77044243456	167603.54088486911
KY14_US-Vir18-VA3	dadi_objects_duos/probs.KY14.US-Vir18-VA3.delim	4333565	21534167.823900364	33309838.40976556	2148194.581764324	13.019173521549263	146.87032887152057	6.045821518628423e-07	4.409217693126427e-06	172655.04435861186	6.053578237018432	9.363896228771697	4.529173158157664	4.301315027840986	31.369490922003983	3808048.4648352424	-880267.6787129627	1760545.3574259253
KY14_US-Vir18-VA3	dadi_objects_duos/probs.KY14.US-Vir18-VA3.delim	4333565	56610229.78368586	2253827.8515238003	3771948.009193803	49.429064995093896	4.002945458821623	8.731472241672218e-07	1.7760653086770821e-06	653592.8617268214	4.203886238269298	0.16736967725892282	2.1007916230510704	23.515890865516567	47.83358042363935	3808048.4648352424	-431318.5395142423	862647.0790284846
KY14_US-Vir18-VA3	dadi_objects_duos/probs.KY14.US-Vir18-VA3.delim	4333565	14295999.00270984	5579477.424429253	16178376.606807744	1.031987287201185	1.654947596902495	7.218714040239997e-08	2.966133691403521e-07	2525348.738346626	0.27476188446665023	0.10723473967679521	2.3320516220980867	7.511866423571895	30.865885474996183	3808048.4648352424	-178062.51033815014	356135.0206763003
KY14_US-Vir18-VA3	dadi_objects_duos/probs.KY14.US-Vir18-VA3.delim	4333565	2945110.0236950917	2241101.8627359252	72255.0531698365	0.7804422983821844	2.194316616647982	2.649959736998212e-07	9.791239983929923e-07	1192645.3503237981	0.11985427857773032	0.09120394308407363	0.02205370113999272	13.023186283267078	48.11889798723322	3808048.4648352424	-71554.56599839724	143119.1319967945
KY14_US-Vir18-VA3	dadi_objects_duos/probs.KY14.US-Vir18-VA3.delim	4333565	54439689.69348334	15656435.07760478	5687919.861539966	75.25956114806434	2.293982390430676	1.382439201468726e-06	1.4652009726735467e-07	450954.0751542994	5.85931252179318	1.6850931115397751	4.591406369455541	25.688870790947995	2.7226773104953477	3808048.4648352424	-645940.2181466181	1291890.4362932362
KY14_US-Vir18-VA3	dadi_objects_duos/probs.KY14.US-Vir18-VA3.delim	4333565	19017459.538547173	2131607.8767195004	5571340.850487502	1.5374595747554158	2.133381274289375	8.084463498602869e-08	1.000831953000945e-06	645362.7733638505	1.4302499074972854	0.1603122626510111	3.142536988763014	2.1499173909344704	26.615322359133586	3808048.4648352424	-212013.39910186236	424036.7982037247
KY14_US-Vir18-VA3	dadi_objects_duos/probs.KY14.US-Vir18-VA3.delim	4333565	5565762.130660202	49170165.14664065	4229628.15520527	2.9738888325551605	28.207949013278945	5.343183489953428e-07	5.736801763661788e-07	313325.12317627977	0.8621697082581758	7.6167514788234225	4.91395922697537	6.898615908376666	7.406818797148492	3808048.4648352424	-475746.97686050844	951503.9537210169
KY14_US-Vir18-VA3	dadi_objects_duos/probs.KY14.US-Vir18-VA3.delim	4333565	52540439.0204805	18994566.977480732	713741.6826909786	139.7901326523292	57.84245469017522	2.6606198055908586e-06	3.0452104940718642e-06	364935.18076427805	6.987813452366526	2.5262539316692405	0.7119506767687912	40.00969218918894	45.79306455701815	3808048.4648352424	-1250700.6082376845	2501411.216475369
KY14_US-Vir18-VA3	dadi_objects_duos/probs.KY14.US-Vir18-VA3.delim	4333565	15403978.235609692	11482475.830542177	1978767.4951448422	30.632527445873922	33.56471030877763	1.9886114468183343e-06	2.92312483859091e-06	163902.2231892105	4.561538971280627	3.400274928117159	4.394753317050207	13.430786249437219	19.742350850061104	3808048.4648352424	-719151.45629553	1438312.91259106
KY14_US-Vir18-VA3	dadi_objects_duos/probs.KY14.US-Vir18-VA3.delim	4333565	19381136.13465555	4520282.88588179	6467716.945827037	0.20359272951470664	3.018862176320719	1.050468497306827e-08	6.678480644982504e-07	485830.08601056575	1.936235435138083	0.45159023906975443	4.846086687770237	0.2102974936001906	13.369917749061061	3808048.4648352424	-213940.99686430197	427891.99372860393
KY14_US-Vir18-VA3	dadi_objects_duos/probs.KY14.US-Vir18-VA3.delim	4333565	1863039.3667274287	2904557.849671267	42689.82091488094	1.9972318318767168	0.639334200945257	1.0720287866944043e-06	2.2011412202294946e-07	1123240.5768646847	0.08050309651121282	0.12550776170941566	0.013834903314579509	49.61875799643393	10.187962756048318	3808048.4648352424	-59730.73400546426	119471.46801092853
KY14_US-Vir18-VA3	dadi_objects_duos/probs.KY14.US-Vir18-VA3.delim	4333565	12539431.324952023	17256331.13866885	2848021.9823581083	21.149666747466593	90.08075790121752	1.6866527834784017e-06	5.220157006570189e-06	223849.8511370265	2.7188444971368875	3.741579641158187	4.631387365161733	15.557834785872092	48.15119096239977	3808048.4648352424	-612773.4727187314	1225556.9454374628
KY14_US-Vir18-VA3	dadi_objects_duos/probs.KY14.US-Vir18-VA3.delim	4333565	16444830.308504239	19359007.598279156	1485405.389227576	101.97652812154853	50.42620907378705	6.2011298510518916e-06	2.6047930823824613e-06	108523.69604433634	7.354754112868554	8.658085129699806	4.982473508928276	27.73077836636877	11.648351412210113	3808048.4648352424	-970976.1681637688	1941962.3363275377
KY14_US-Vir18-VA3	dadi_objects_duos/probs.KY14.US-Vir18-VA3.delim	4333565	58224991.62909732	17790235.715487517	7180009.314279988	89.7031459836392	0.9599555059733779	1.5406296072151087e-06	5.3959684476674825e-08	596305.2736987006	4.73919001920212	1.4480260998433163	4.383095535084345	37.855897577511115	1.325881496303485	3808048.4648352424	-657340.6890491131	1314691.3780982262
KY14_US-Vir18-VA3	dadi_objects_duos/probs.KY14.US-Vir18-VA3.delim	4333565	14902111.182090499	23844316.24811474	1697807.08672832	28.24117793079725	83.35916561892915	1.8951125505450376e-06	3.49597634721524e-06	133004.22672668382	5.438081278937511	8.701272471632993	4.646730432584699	10.38644936778694	19.160224183460123	3808048.4648352424	-886641.4954745937	1773292.9909491874
KY14_US-Vir18-VA3	dadi_objects_duos/probs.KY14.US-Vir18-VA3.delim	4333565	10440.252672700557	12113.31502972609	102.18858713924764	1.1973481910844805e-08	1.0920521875809246e-32	1.1468574838378553e-12	9.015304108751626e-37	1077400.9468067812	0.000470323841394282	0.0005456937715403194	3.4526266715200294e-05	5.091590456205342e-05	4.002435961467582e-29	3808048.4648352424	-63480.32623709433	126970.65247418865
KY14_US-Vir18-VA3	dadi_objects_duos/probs.KY14.US-Vir18-VA3.delim	4333565	27175017.356271863	4238854.428798601	2522147.843424386	53.250291250645745	15.068632622506698	1.959531085206679e-06	3.5548832533929527e-06	214860.37999596217	6.138705916035095	0.9575368588779207	4.273057927735309	17.349028273711266	31.473739068728307	3808048.4648352424	-565322.4482598143	1130654.8965196286
KY14_US-Vir18-VA3	dadi_objects_duos/probs.KY14.US-Vir18-VA3.delim	4333565	1327929.5852670362	1562179.99454274	21104.11017862531	1.4225691780269314	1.076780244902242	1.0712685324657963e-06	6.892805237961214e-07	1111951.7903300426	0.05796320964640058	0.06818807829398957	0.006908848453410155	49.08524516517247	31.582654089759107	3808048.4648352424	-55669.129939849474	111348.25987969895
KY14_US-Vir18-VA3	dadi_objects_duos/probs.KY14.US-Vir18-VA3.delim	4333565	38180164.85999749	9048407.179473354	2691822.965721599	118.54216556664414	16.96218950372508	3.104810207114751e-06	1.874605018019573e-06	198364.66074581174	9.34193482702838	2.2139671336940716	4.939770469798609	25.37850408111909	15.322891876378625	3808048.4648352424	-625038.8213757869	1250087.6427515738
KY14_US-Vir18-VA3	dadi_objects_duos/probs.KY14.US-Vir18-VA3.delim	4333565	699030.6985891237	43455521.065326236	4519039.530470446	2.4955748144934895	28.656636333962087	3.570050384811982e-06	6.594475369627454e-07	338222.383754262	0.10031300495227462	6.235997801853289	4.863717856547287	49.755758302341675	9.190714058765563	3808048.4648352424	-271427.63152577745	542865.2630515549
KY14_US-Vir18-VA3	dadi_objects_duos/probs.KY14.US-Vir18-VA3.delim	4333565	56081.86387160508	63210.53040236716	551.1341177899327	4.427845369234979e-08	0.06997200137001831	7.895324911761448e-13	1.1069674771689297e-06	1078683.128296926	0.002523433653102204	0.0028441918409301283	0.00018598931294220257	3.5093812462963474e-05	49.203433019578284	3808048.4648352424	-63314.7643706898	126639.5287413796
KY14_US-Vir18-VA3	dadi_objects_duos/probs.KY14.US-Vir18-VA3.delim	4333565	15417405.506199123	11654472.042082299	1667803.2530160325	68.02925937298784	58.36530183610194	4.412497248362198e-06	5.007974760706006e-06	122577.41312423102	6.104697957994034	4.614721435989417	4.952892981826889	22.28751032109763	25.295265443725814	3808048.4648352424	-811847.1847564505	1623704.369512901
KY14_US-Vir18-VA3	dadi_objects_duos/probs.KY14.US-Vir18-VA3.delim	4333565	51375222.476502046	2390754.0550161735	6309705.748108357	61.40994615059718	5.382024393136502	1.195322242715052e-06	2.25118279391566e-06	527909.1639082603	4.723434010205611	0.21980574427031152	4.350853747902864	26.002245831279865	48.9707346912447	3808048.4648352424	-446334.5482038445	892679.096407689
KY14_US-Vir18-VA3	dadi_objects_duos/probs.KY14.US-Vir18-VA3.delim	4333565	16651429.012485875	24571689.87000011	1095569.489380431	97.82034720248889	171.75920169341933	5.874591731985253e-06	6.990125734214249e-06	151212.14600026852	5.344759538335567	7.88699718848337	2.6374111109804783	36.60420885200441	43.555030536646555	3808048.4648352424	-875585.9806179638	1751181.9612359277
KY14_US-Vir18-VA3	dadi_objects_duos/probs.KY14.US-Vir18-VA3.delim	4333565	23818552.542781558	1139589.0396314994	3370497.1910594073	10.540607073988484	5.2553650232983316	4.425376838099642e-07	4.611631772974686e-06	252384.0466591786	4.5805413083094315	0.21915415141843744	4.861347309053524	4.602341236336877	47.96044235789182	3808048.4648352424	-373718.41943990794	747446.8388798159
KY14_US-Vir18-VA3	dadi_objects_duos/probs.KY14.US-Vir18-VA3.delim	4333565	7339131.012730461	15215795.798931591	2119168.41355583	48.43148403683148	51.121179497325386	6.5990760967234675e-06	3.359744056299373e-06	156304.31696460064	2.2789615880994925	4.724839234778797	4.935362745965829	42.50311570825573	21.639330761152863	3808048.4648352424	-621465.3682129064	1242940.7364258128
KY14_US-Vir18-VA3	dadi_objects_duos/probs.KY14.US-Vir18-VA3.delim	4333565	21085888.728481755	4322750.477121155	3695323.7137272004	35.98860154236801	12.09694017147996	1.7067623758137557e-06	2.7984359114653833e-06	274870.58356003003	3.7232910262225016	0.763299961757083	4.893829154489752	19.331608133184567	31.696425461972602	3808048.4648352424	-503922.4316055393	1007854.8632110786
KY14_US-Vir18-VA3	dadi_objects_duos/probs.KY14.US-Vir18-VA3.delim	4333565	4555260.98877463	36049586.03981884	3784747.3461133726	16.742950511851415	119.36578395027539	3.675519482442494e-06	3.311155468426989e-06	279239.0639147463	0.7917725273562578	6.265957520157883	4.933842697249446	42.29232496296989	38.09977439721542	3808048.4648352424	-526486.3259547454	1052982.6519094908
KY14_US-Vir18-VA3	dadi_objects_duos/probs.KY14.US-Vir18-VA3.delim	4333565	8376680.244176269	11436052.95961696	4888857.783471356	11.950225612486257	18.50271323257347	1.4266063958683907e-06	1.6179282570577745e-06	359343.76211866323	1.1314234225557627	1.5446474979266867	4.952470222055504	21.124232315240558	23.95719833477717	3808048.4648352424	-480828.83505048905	961667.6701009781
KY14_US-Vir18-VA3	dadi_objects_duos/probs.KY14.US-Vir18-VA3.delim	4333565	4393669.160838909	32310194.920958616	3162700.476939126	17.983670220327536	103.65900473165273	4.093087021803391e-06	3.2082444870802176e-06	239576.32785674345	0.8901163648096848	6.545743932127275	4.805501747573824	40.40745891504334	31.672184493158138	3808048.4648352424	-528919.2923249063	1057848.5846498127
KY14_US-Vir18-VA3	dadi_objects_duos/probs.KY14.US-Vir18-VA3.delim	4333565	12155246.647050535	49448785.58175935	3523270.1321603446	11.441789911296988	162.7315714823118	9.413046270083983e-07	3.2909113857457437e-06	319221.6082427357	1.8481398528475452	7.51842179448805	4.0177068021064395	12.381952473637645	43.28875818103596	3808048.4648352424	-629931.6488143536	1259873.2976287073
KY14_US-Vir18-VA3	dadi_objects_duos/probs.KY14.US-Vir18-VA3.delim	4333565	16957409.039880496	44910222.81809633	3841276.7749259314	4.550846742192589	110.67779867161367	2.683692261883812e-07	2.464423281084605e-06	385077.8539376343	2.137343334107927	5.660567905616576	3.631212268131552	4.258414331071425	39.10483913170479	3808048.4648352424	-669921.9978566807	1339853.9957133613
KY14_US-Vir18-VA3	dadi_objects_duos/probs.KY14.US-Vir18-VA3.delim	4333565	21069682.678095408	7073947.71309685	2013645.0331561135	24.39886370849894	40.27718680405242	1.1580081238653222e-06	5.693735441312694e-06	156909.05489208308	6.517384239872084	2.1881504360266004	4.671533720313407	7.487317859588962	36.81391017812341	3808048.4648352424	-770333.6028378888	1540677.2056757775
KY14_US-Vir18-VA3	dadi_objects_duos/probs.KY14.US-Vir18-VA3.delim	4333565	24910359.145641267	5046992.241937452	4388312.434881018	66.63934459721622	14.465768618926038	2.6751659503422515e-06	2.866215743056677e-06	322005.7911132233	3.7547380553844203	0.7607330639128227	4.960876751509833	35.496135077467336	38.03112893377213	3808048.4648352424	-529593.4874823333	1059196.9749646666
KY14_US-Vir18-VA3	dadi_objects_duos/probs.KY14.US-Vir18-VA3.delim	4333565	24833682.23011116	23429290.671215832	987276.4853613841	168.64117814489674	116.579832789763	6.79082451737331e-06	4.975815718270452e-06	163828.65427380122	7.357234410783445	6.94116893134398	2.1936811768100384	45.84363328092975	33.590835763505986	3808048.4648352424	-989167.7523038589	1978345.5046077177
KY14_US-Vir18-VA3	dadi_objects_duos/probs.KY14.US-Vir18-VA3.delim	4333565	25262890.64254604	773050.6258612332	8481.67995689018	29.020312627342992	0.006272558869898476	1.1487328603033637e-06	8.114033751554629e-09	1019034.8952106507	1.203254026983072	0.036819867203271406	0.0030298240206847204	48.23638562857062	0.3407159963543359	3808048.4648352424	-273785.55642028584	547581.1128405717
KY14_US-Vir18-VA3	dadi_objects_duos/probs.KY14.US-Vir18-VA3.delim	4333565	119488176.94217522	1738404.5618760344	6812794.422461032	104.07660563469919	3.2950890358105998	8.710201151120227e-07	1.8954673199054643e-06	606063.919541116	9.569072445869688	0.13921811863338066	4.091960505805281	21.752705128619215	47.33707175698794	3808048.4648352424	-432994.4070821932	865998.8141643864
KY14_US-Vir18-VA3	dadi_objects_duos/probs.KY14.US-Vir18-VA3.delim	4333565	70225316.31869414	49718038.00663592	396056.7829104845	132.98771048074542	101.90734835790774	1.893728892259098e-06	2.049705749537141e-06	546467.915919153	6.237238815545807	4.415833103271064	0.26382586211543085	42.643135661018604	46.15543476152622	3808048.4648352424	-1283796.435117614	2567602.870235228
KY14_US-Vir18-VA3	dadi_objects_duos/probs.KY14.US-Vir18-VA3.delim	4333565	6604518.698207645	9432671.123301808	3691879.7593433526	1.8464955549913542	1.6908822043924687	2.7958063855470076e-07	1.7925804708863772e-07	2009845.6583459238	0.15949306489269116	0.22779035026253625	0.6686662747483415	23.154556045853138	14.84595113395865	3808048.4648352424	-125543.43647355385	251096.8729471077
KY14_US-Vir18-VA3	dadi_objects_duos/probs.KY14.US-Vir18-VA3.delim	4333565	68056517.03917769	21707248.56149691	2896283.3030220987	148.39338674958145	1.8947993818123898	2.1804434491432573e-06	8.728878634454289e-08	374948.28540813737	8.809711470873186	2.809938048155299	2.8118635883621192	33.68859178650791	1.3486413930416081	3808048.4648352424	-770681.8647784258	1541373.7295568516
KY14_US-Vir18-VA3	dadi_objects_duos/probs.KY14.US-Vir18-VA3.delim	4333565	6125502.4549732255	15886892.70619703	2897685.603602244	21.013815848137448	22.754911706090056	3.430545657699732e-06	1.4323072564853417e-06	222513.00466487976	1.3361328995856618	3.4653483812912986	4.740459540874889	31.45467917847676	13.132827757774157	3808048.4648352424	-549589.522599369	1099189.045198738
KY14_US-Vir18-VA3	dadi_objects_duos/probs.KY14.US-Vir18-VA3.delim	4333565	1943854.649656473	29467414.32508687	2153579.752336235	4.283710408033549	9.119488285755038	2.2037195058748793e-06	3.0947704420714065e-07	334855.75748089585	0.2817535228540141	4.271177269843365	2.341142064310632	30.407502022631903	4.270245747065175	3808048.4648352424	-439785.8556875441	879581.7113750882
KY14_US-Vir18-VA3	dadi_objects_duos/probs.KY14.US-Vir18-VA3.delim	4333565	12950183.769839048	6431052.287283194	3401194.388758812	32.86130668791338	24.37279475220456	2.537516630802359e-06	3.7898610776963336e-06	270709.4041290358	2.3218594457844306	1.153033792025303	4.5735421967676375	28.30602579977559	42.27594181675068	3808048.4648352424	-529395.9165192273	1058801.8330384546
KY14_US-Vir18-VA3	dadi_objects_duos/probs.KY14.US-Vir18-VA3.delim	4333565	57418334.946104914	35242929.778119944	684250.3967049998	73.87248065522907	122.22920184497677	1.2865660546333964e-06	3.468190715542071e-06	297568.9127465018	9.365400925459388	5.748410633462567	0.8370513074109608	15.775615212459364	42.526259739851525	3808048.4648352424	-1790832.783850648	3581675.567701296
KY14_US-Vir18-VA3	dadi_objects_duos/probs.KY14.US-Vir18-VA3.delim	4333565	22017918.6792241	32796408.786235236	2520628.2786284997	6.221791869899394	110.5887000178572	2.8257856523787683e-07	3.3719758995159146e-06	244491.39806763714	4.3709517969586695	6.510675418801103	3.752924259181315	2.846881941927865	33.97149847111296	3808048.4648352424	-815143.9355619664	1630297.8711239328
KY14_US-Vir18-VA3	dadi_objects_duos/probs.KY14.US-Vir18-VA3.delim	4333565	17252757.866203923	69940677.97991924	3901695.337891284	4.060438511232354	167.23299765235166	2.3535011287593994e-07	2.3910691529236553e-06	382434.3342040102	2.189601033961575	8.87638845965559	3.713821777862124	3.708838686366468	37.680414374032566	3808048.4648352424	-682847.5853893076	1365705.1707786152
KY14_US-Vir18-VA3	dadi_objects_duos/probs.KY14.US-Vir18-VA3.delim	4333565	54454152.100149535	39758309.54385608	665585.1958488177	200.93145191439268	155.14394971781138	3.689919761212128e-06	3.902176714698527e-06	289689.5813379261	9.123499690349021	6.661290476895982	0.8363640499033137	44.04701238208865	46.58074895725163	3808048.4648352424	-1508924.9900802667	3017859.9801605335
KY14_US-Vir18-VA3	dadi_objects_duos/probs.KY14.US-Vir18-VA3.delim	4333565	16072666.184820343	43205241.25220192	753274.6957632753	10.75258613629685	68.33692346173018	6.689982864480825e-07	1.581681330346638e-06	630781.0775556598	1.236723478988063	3.3244600278207668	0.4347096703275538	17.388828333873064	41.11159279392873	3808048.4648352424	-835972.8243157697	1671955.6486315394
KY14_US-Vir18-VA3	dadi_objects_duos/probs.KY14.US-Vir18-VA3.delim	4333565	17583328.197435625	17576976.392866746	1549821.6888120563	71.57696481163443	37.792685784448715	4.0707290456008945e-06	2.1501243979474253e-06	139144.80720010132	6.133345315314676	6.131129704574838	4.0545187233475195	23.340269015315375	12.328131227186114	3808048.4648352424	-940153.734482202	1880317.468964404
KY14_US-Vir18-VA3	dadi_objects_duos/probs.KY14.US-Vir18-VA3.delim	4333565	24935240.484823253	12427422.70452411	2288439.1327498564	130.241252213746	26.226790133021787	5.223180113021845e-06	2.1103965606218674e-06	176307.9061128195	6.864439964817141	3.4211539738120114	4.724894952592733	37.94665052976844	15.332130815380202	3808048.4648352424	-655622.1428329168	1311254.2856658336
KY14_US-Vir18-VA3	dadi_objects_duos/probs.KY14.US-Vir18-VA3.delim	4333565	9019465.463507643	58036945.40766614	4509464.465821382	8.079281065236371	115.64888965067519	8.957605190601132e-07	1.992677058351852e-06	420468.4654159595	1.0411437773394492	6.69937756416464	3.9040567192997977	15.520010283079746	34.525264039240845	3808048.4648352424	-584802.176591695	1169614.35318339
KY14_US-Vir18-VA3	dadi_objects_duos/probs.KY14.US-Vir18-VA3.delim	4333565	1762875.6898627463	2845840.7582504097	37037.39911807226	1.9071450691986316	0.36087205596365457	1.081837522728059e-06	1.268068337687013e-07	1110800.7696525252	0.07702804129573468	0.12434770114996857	0.0121374901071287	49.51820238753071	5.80424169689197	3808048.4648352424	-60303.6902531874	120617.3805063748
KY14_US-Vir18-VA3	dadi_objects_duos/probs.KY14.US-Vir18-VA3.delim	4333565	22179742.769988343	6376668.081454903	1675283.7980624698	50.90603149468829	43.322660088146456	2.2951587862222554e-06	6.7939336868012016e-06	124799.93391124996	8.625921219703734	2.4799492530299645	4.8865079805197125	11.80303649850322	34.93834402878646	3808048.4648352424	-792090.3746778861	1584190.7493557723
KY14_US-Vir18-VA3	dadi_objects_duos/probs.KY14.US-Vir18-VA3.delim	4333565	13229671.767719315	17286570.17975695	3325723.328826139	45.21815436041244	8.601144636031576	3.4179347117851946e-06	4.975622432091099e-07	264943.04365387326	2.4235940960221174	3.166792809656637	4.56938945458362	37.31495668736749	5.432085490281358	3808048.4648352424	-643247.6938872914	1286505.3877745827
KY14_US-Vir18-VA3	dadi_objects_duos/probs.KY14.US-Vir18-VA3.delim	4333565	7820969.94755061	19144408.066186335	1681828.7004380645	58.076319147334246	64.81804580710968	7.425718234030899e-06	3.3857430108583023e-06	123699.9619306181	3.06869968543234	7.511656406363425	4.949220154800331	37.8507674915423	17.25799006253793	3808048.4648352424	-775242.0837355007	1550494.1674710014
KY14_US-Vir18-VA3	dadi_objects_duos/probs.KY14.US-Vir18-VA3.delim	4333565	17574446.631847043	29250920.56874717	2821512.4908319004	11.471046254890345	123.61582025679648	6.527116611514475e-07	4.226048885069021e-06	209121.73999530185	4.078925875341004	6.788966917979581	4.911423374560138	5.624542639638603	36.41668069685777	3808048.4648352424	-715183.542372754	1430377.084745508
KY14_US-Vir18-VA3	dadi_objects_duos/probs.KY14.US-Vir18-VA3.delim	4333565	7861314.5776792765	16481383.304431261	2232559.889294859	54.10293591629725	33.14573850675559	6.882174142975063e-06	2.0111017318457655e-06	165793.70181592798	2.301391392727412	4.824907247034077	4.901846064009758	47.0175877838659	13.739430339155488	3808048.4648352424	-638234.5382450711	1276479.0764901421
KY14_US-Vir18-VA3	dadi_objects_duos/probs.KY14.US-Vir18-VA3.delim	4333565	6317315.731714942	56269684.40043176	3403032.8709700825	8.73065732383772	103.6320143353387	1.3820201007220572e-06	1.84170242715176e-06	596172.1312780017	0.5143091490212662	4.58106175608624	2.0778732535832347	33.95100919535349	45.24366614252986	3808048.4648352424	-547511.8548983079	1095033.7097966159
KY14_US-Vir18-VA3	dadi_objects_duos/probs.KY14.US-Vir18-VA3.delim	4333565	18040574.737996124	10123352.882241147	1930805.6709101656	43.74648336029553	29.42073488796369	2.4248941065141874e-06	2.906224373505235e-06	145104.25164500263	6.034392697907931	3.3861607846827737	4.843764359618075	14.499050873988375	17.37704542622297	3808048.4648352424	-732390.8893504012	1464791.7787008025
KY14_US-Vir18-VA3	dadi_objects_duos/probs.KY14.US-Vir18-VA3.delim	4333565	10321144.087422436	9205543.868217064	21191276.51919741	1.6391129438888896	2.3312496377919754	1.588111676385128e-07	2.532440962929758e-07	1896809.799363831	0.26409938754680246	0.23555319807946826	4.066847741989888	12.412849261897009	19.793827099774592	3808048.4648352424	-149888.4749710093	299786.9499420186
KY14_US-Vir18-VA3	dadi_objects_duos/probs.KY14.US-Vir18-VA3.delim	4333565	15745743.12124014	12301985.013823893	1942249.0431738747	29.297195816610753	42.84992450978089	1.8606423076399898e-06	3.483171574475981e-06	146861.53545946896	5.203774099515126	4.065654475285128	4.814170097833229	11.25997987473768	21.078979913449622	3808048.4648352424	-747633.8483616626	1495277.6967233252
KY14_US-Vir18-VA3	dadi_objects_duos/probs.KY14.US-Vir18-VA3.delim	4333565	4264191.715028819	33752543.38141951	3700989.9253334613	12.71499501585328	78.59648037923371	2.9818066038260544e-06	2.328609121127755e-06	307343.4791412837	0.6734045655925374	5.330228641761353	4.3834744452294006	37.763316928703006	29.490847639609623	3808048.4648352424	-512716.1855993438	1025442.3711986876
KY14_US-Vir18-VA3	dadi_objects_duos/probs.KY14.US-Vir18-VA3.delim	4333565	21025156.83239376	99131446.78596039	1762054.191465857	1.6503382133547984	162.33959674368205	7.849350311680427e-08	1.637619564800638e-06	624372.3850585945	1.6344020373514834	7.706037100419926	1.0273067780485585	2.0195009252792406	42.133095033979444	3808048.4648352424	-762068.6860506446	1524147.3721012892
KY14_US-Vir18-VA3	dadi_objects_duos/probs.KY14.US-Vir18-VA3.delim	4333565	172861226.1542504	42956395.12719439	54704.33553980021	13.51311036041478	2.39343213625627	7.817317197759858e-08	5.571771395549579e-08	906630.8185731174	9.254020329706876	2.2996444179058244	0.021964223230934467	2.9204842606700456	2.081567148051396	3808048.4648352424	-686840.6912902662	1373691.3825805325
KY14_US-Vir18-VA3	dadi_objects_duos/probs.KY14.US-Vir18-VA3.delim	4333565	1157582.705891566	1283520.0340376291	17400.041965194872	1.2574750319922248	1.3013829698573731	1.0862938998589497e-06	1.0139171460873514e-06	1112707.271461826	0.05049337980274514	0.055986724951266886	0.005692380849752718	49.80752078409537	46.488983629249596	3808048.4648352424	-54953.31664285863	109916.63328571725
