Pair_name	fs_name	L	pop1_size	pop2_size	divergence_time	mig_pop1	mig_pop2	Mij	Mji	theta	nu1	nu2	Ts	m12	m21	fs_sanitycheck	-2LL_model	AIC
KY16_US-Vir18-VA3	dadi_objects_duos/probs.KY16.US-Vir18-VA3.delim	4402780	13656697.736247519	18997162.46281855	1451442.0023716162	55.455882233182656	113.95388566168359	4.060709499778414e-06	5.998468765254566e-06	108866.72768491002	6.185795180067096	8.604756308368273	4.930724835663025	17.930073860797034	26.486255177467715	3980072.1036059787	-1155924.5712280723	2311859.1424561446
KY16_US-Vir18-VA3	dadi_objects_duos/probs.KY16.US-Vir18-VA3.delim	4402780	62365682.06964416	19859620.596699886	4026059.768996565	117.72471209568586	0.01132816134911806	1.88765212195101e-06	5.704117706559049e-10	454951.9784770986	6.759664262947678	2.1525358685775347	3.272810872553991	34.83152639428568	0.010525410065853237	3980072.1036059787	-901846.4241257305	1803702.848251461
KY16_US-Vir18-VA3	dadi_objects_duos/probs.KY16.US-Vir18-VA3.delim	4402780	18555549.689624198	28886501.453462668	911402.9794148676	104.62893891508737	129.21306927414125	5.638687113300301e-06	4.473129758628222e-06	205976.61727513195	4.442228668497927	6.915475264035563	1.636435045983325	47.10650744166489	37.36925210220136	3980072.1036059787	-1579334.7608734511	3158679.5217469023
KY16_US-Vir18-VA3	dadi_objects_duos/probs.KY16.US-Vir18-VA3.delim	4402780	29377140.425373323	3404915.4257910973	2049908.2023219904	79.37978955028237	20.674258044556744	2.7020938185570052e-06	6.071885923496408e-06	164974.75834667694	8.780859455860273	1.017732950860629	4.595398325374473	18.08018678565797	40.628060685416344	3980072.1036059787	-808203.7918727376	1616417.5837454752
KY16_US-Vir18-VA3	dadi_objects_duos/probs.KY16.US-Vir18-VA3.delim	4402780	80371369.00861326	7833053.639796145	7736809.208695626	80.65563921290104	3.695836299209261	1.0035369585935175e-06	4.718257360619127e-07	583139.522819276	6.796321210624189	0.6623745402470168	4.90676952630516	23.73508747256325	11.159354940879782	3980072.1036059787	-783382.199658735	1566774.39931747
KY16_US-Vir18-VA3	dadi_objects_duos/probs.KY16.US-Vir18-VA3.delim	4402780	16378343.252061127	10565399.875078253	2729301.7813381124	13.585020686583142	45.9747605535069	8.294502366638054e-07	4.351445387500431e-06	234305.3482993387	3.446932464065089	2.2235594446131435	4.307999120769671	7.882382859664067	41.35240068790301	3980072.1036059787	-824414.3482223077	1648838.6964446155
KY16_US-Vir18-VA3	dadi_objects_duos/probs.KY16.US-Vir18-VA3.delim	4402780	20043398.07580014	19132248.310048107	2471563.8995821844	79.43378449567021	10.040165097147579	3.963089701420261e-06	5.247770640669849e-07	277015.6420850487	3.567895014803799	3.4057026213447603	3.299695007487751	44.52697412120369	5.896090301145064	3980072.1036059787	-930270.156764634	1860550.313529268
KY16_US-Vir18-VA3	dadi_objects_duos/probs.KY16.US-Vir18-VA3.delim	4402780	1639339.983393975	1749621.535261124	18587.04575990237	1.8367870705543914	1.1334568949668815e-06	1.1204430375398004e-06	6.478297575353733e-13	1076398.7013512827	0.07510016202165284	0.08015229428043871	0.006386213776968123	48.91566199350701	2.828258143182068e-05	3980072.1036059787	-89864.51660710594	179739.03321421187
KY16_US-Vir18-VA3	dadi_objects_duos/probs.KY16.US-Vir18-VA3.delim	4402780	8936777.09919796	3228084.3042157437	44314.196023540775	0.35569471697448685	3.6600817136155266	3.980122957373627e-08	1.1338246987030705e-06	991408.0618960655	0.44450176257133883	0.16056002594957278	0.01653090681002603	1.600419826985054	45.591443972051316	3980072.1036059787	-231586.516185323	463183.032370646
KY16_US-Vir18-VA3	dadi_objects_duos/probs.KY16.US-Vir18-VA3.delim	4402780	8948182.186074652	21336890.12019722	2788407.998264509	14.105389449377157	46.67141654060703	1.5763413345928806e-06	2.1873579644312118e-06	215230.14377397168	2.050107949533718	4.8884708809144986	4.791367396543521	13.76063094880962	19.09448483075595	3980072.1036059787	-737448.940350545	1474907.88070109
KY16_US-Vir18-VA3	dadi_objects_duos/probs.KY16.US-Vir18-VA3.delim	4402780	38875103.11929327	8744433.735674452	1679737.4168261865	197.38193624566094	34.81566594120493	5.077335374261748e-06	3.981466038123007e-06	242170.04094921486	7.915824308472166	1.7805586499993895	2.565235435582443	49.870216557082145	39.10645228250904	3980072.1036059787	-887132.3455415531	1774274.6910831062
KY16_US-Vir18-VA3	dadi_objects_duos/probs.KY16.US-Vir18-VA3.delim	4402780	29712177.909439906	8590649.011572631	2833961.0401912536	105.31299150568212	19.221323738571147	3.544438641511464e-06	2.23747049992122e-06	236293.12929558416	6.200524112217457	1.7927506525507766	4.435565848895348	33.969061195383254	21.44338780323131	3980072.1036059787	-772330.0252271877	1544670.0504543753
KY16_US-Vir18-VA3	dadi_objects_duos/probs.KY16.US-Vir18-VA3.delim	4402780	14288362.562732175	12307026.625122106	2206244.0335658654	16.751989748020247	16.176576448965058	1.1724219394959827e-06	1.3144179290182173e-06	174643.86530268504	4.034355219560996	3.474920018605926	4.6720390361342385	8.304667703427038	9.310474118742338	3980072.1036059787	-857285.5900962616	1714581.1801925232
KY16_US-Vir18-VA3	dadi_objects_duos/probs.KY16.US-Vir18-VA3.delim	4402780	42179723.72422136	70056992.50601368	464463.79351428524	110.07615261249315	162.7443161414047	2.6096935421433974e-06	2.323027442655846e-06	403471.9361560288	5.1550799612569955	8.562156560695904	0.4257403196756663	42.70589532646263	38.01479568558074	3980072.1036059787	-1939804.4579746856	3879618.915949371
KY16_US-Vir18-VA3	dadi_objects_duos/probs.KY16.US-Vir18-VA3.delim	4402780	15723809.472340226	5288739.158524206	9479862.71277671	0.8167266298278941	3.033212354191298	5.194203295738218e-08	5.735227741951448e-07	1454170.6865841513	0.5331966284851857	0.17934190141538162	2.4109761345278855	3.063510105636709	33.826030952643265	3980072.1036059787	-265664.72091679036	531339.4418335807
KY16_US-Vir18-VA3	dadi_objects_duos/probs.KY16.US-Vir18-VA3.delim	4402780	9537019.928122004	19220219.339480024	1623512.9576632904	62.92811202408454	54.85089868163134	6.598299311352715e-06	2.853812316749308e-06	181186.34426203277	2.5955669486338926	5.230917670198465	3.3138782302953635	48.48891457583483	20.97180729650071	3980072.1036059787	-950263.4828658472	1900536.9657316944
KY16_US-Vir18-VA3	dadi_objects_duos/probs.KY16.US-Vir18-VA3.delim	4402780	15526212.801276466	27488102.2597532	2271327.3644701666	22.649051916109645	187.65799567073006	1.4587621724627905e-06	6.826880731795376e-06	169029.7120642805	4.529471071438187	8.019120025461111	4.969617128343847	10.000749120103409	46.80264045803191	3980072.1036059787	-913537.9528801213	1827085.9057602426
KY16_US-Vir18-VA3	dadi_objects_duos/probs.KY16.US-Vir18-VA3.delim	4402780	8632314.143499954	14472921.66153265	2863640.6967601413	45.18832381133212	24.71932388875052	5.234786762870356e-06	1.7079705443615866e-06	223547.59724921113	1.9041547391373355	3.1925022552292313	4.737560497077897	47.46286935882573	15.48586150456805	3980072.1036059787	-742699.6745038966	1485409.3490077932
KY16_US-Vir18-VA3	dadi_objects_duos/probs.KY16.US-Vir18-VA3.delim	4402780	14008392.472979821	16884819.23645184	1659576.7214796396	33.30085349358408	45.88361319169962	2.377207346083189e-06	2.7174476995669373e-06	122900.09352917009	5.620579501125697	6.774686607593789	4.994032569884455	11.849615679989775	13.545604645466076	3980072.1036059787	-1132031.3250103786	2264072.650020757
KY16_US-Vir18-VA3	dadi_objects_duos/probs.KY16.US-Vir18-VA3.delim	4402780	23572716.847923663	19635771.93403266	2103819.459571008	90.50320961621637	15.25685392902543	3.839320270127798e-06	7.769928261685652e-07	159650.36426843877	7.280894420152908	6.064892020390354	4.873543012819249	24.860464770842174	5.031203812938934	3980072.1036059787	-1062751.8171007314	2125513.634201463
KY16_US-Vir18-VA3	dadi_objects_duos/probs.KY16.US-Vir18-VA3.delim	4402780	21000987.258412983	2315587.034014655	3535347.615820581	3.0427243334270533	1.8120918762500622	1.4488482355552784e-07	7.825626286688708e-07	347287.04781538545	2.9819209940255984	0.3287891900156108	3.764868272608552	2.0407813215194346	11.022819066308262	3980072.1036059787	-378676.85355434177	757363.7071086835
KY16_US-Vir18-VA3	dadi_objects_duos/probs.KY16.US-Vir18-VA3.delim	4402780	39377101.76708899	78342250.68370031	370610.9416350786	71.55588130498647	183.07626711790894	1.8171952249871322e-06	2.336877808847523e-06	513110.73729905306	3.784231120837137	7.528872614019197	0.26712429165619705	37.81792338791246	48.63311587368614	3980072.1036059787	-1708119.5251524462	3416249.0503048925
KY16_US-Vir18-VA3	dadi_objects_duos/probs.KY16.US-Vir18-VA3.delim	4402780	38756424.3530289	46076801.930523634	573437.2704081598	95.14493569252859	64.96695281611883	2.4549461742358284e-06	1.409970963568142e-06	353005.9982022944	5.413855067274884	6.436432972844442	0.600772549731274	35.14868222743935	20.18725374449385	3980072.1036059787	-2043555.0823480934	4087120.164696187
KY16_US-Vir18-VA3	dadi_objects_duos/probs.KY16.US-Vir18-VA3.delim	4402780	23934287.0598136	14070633.434977967	2823890.1469174614	1.1065740159456152	42.077811990234515	4.6233840731508014e-08	2.990470342695016e-06	217459.98611359677	5.427328978366537	3.1906509851237552	4.802580923387833	0.4077784930143154	26.375690845799262	3980072.1036059787	-940538.504253628	1881087.008507256
KY16_US-Vir18-VA3	dadi_objects_duos/probs.KY16.US-Vir18-VA3.delim	4402780	897595.6847891328	24782648.691132475	4257244.484256825	2.9217714940869506	9.212584089880238	3.2551086681898947e-06	3.717352493148406e-07	319371.1488776261	0.1385894218723238	3.826458853103585	4.929911921984528	42.16442286307605	4.815200917374583	3980072.1036059787	-274153.80429277604	548317.6085855521
KY16_US-Vir18-VA3	dadi_objects_duos/probs.KY16.US-Vir18-VA3.delim	4402780	242683484.16553006	467873.1762398834	3131613.5551012284	51.09795055978075	0.21277945542917162	2.1055388559086186e-07	4.5478019735860514e-07	2707379.186163464	4.420141202901958	0.00852165738077144	0.4277847788640322	23.120505981226746	49.9385145216691	3980072.1036059787	-3338804.278226419	6677618.556452838
KY16_US-Vir18-VA3	dadi_objects_duos/probs.KY16.US-Vir18-VA3.delim	4402780	8989545.031180015	21966347.905944426	1849586.9757862394	48.4652224306274	161.8429931917441	5.391287574902509e-06	7.367769730531627e-06	154384.1466851219	2.871309568557933	7.01617097526587	4.4307608150619755	33.75827041524349	46.13427858650816	3980072.1036059787	-836348.3653700417	1672706.7307400834
KY16_US-Vir18-VA3	dadi_objects_duos/probs.KY16.US-Vir18-VA3.delim	4402780	18003368.261577908	32091121.579177406	944276.3447153455	94.58952654730663	242.49513760647287	5.2539905407132034e-06	7.5564556697768355e-06	162028.72119910322	5.4790689837874575	9.766476269591827	2.1553279219455517	34.527591029496676	49.65867543475996	3980072.1036059787	-1664419.404823516	3328848.809647032
KY16_US-Vir18-VA3	dadi_objects_duos/probs.KY16.US-Vir18-VA3.delim	4402780	22799670.81385943	76722578.75630976	514447.96140019625	65.15248818457493	121.49424378587712	2.857606529343842e-06	1.5835526614893048e-06	399332.1251733297	2.815394999261483	9.474012424322169	0.4764457425654696	46.283017623932224	25.64789623327301	3980072.1036059787	-1881440.8269579255	3762891.653915851
KY16_US-Vir18-VA3	dadi_objects_duos/probs.KY16.US-Vir18-VA3.delim	4402780	12048193.476297332	21279846.036193077	1479577.0289285646	48.028945027361516	68.05087811046175	3.986402203936207e-06	3.1979027477322822e-06	114471.11352418642	5.1900439226397665	9.166796317815724	4.780220411189752	18.508107346780594	14.847254318982625	3980072.1036059787	-1207746.7986572005	2415503.597314401
KY16_US-Vir18-VA3	dadi_objects_duos/probs.KY16.US-Vir18-VA3.delim	4402780	82252959.55063093	10691326.716963986	8003974.283817103	132.118946353208	4.779522871430476	1.6062515814021498e-06	4.4704675088142067e-07	641024.7740312584	6.327348082503092	0.8224353989397243	4.617821268827156	41.76123855697279	11.622852998769728	3980072.1036059787	-803318.7990424415	1606647.598084883
KY16_US-Vir18-VA3	dadi_objects_duos/probs.KY16.US-Vir18-VA3.delim	4402780	3747770.5298301196	23771749.40212008	3262707.9376181546	11.188571598569638	34.93708797398283	2.9853939854414722e-06	1.4696893940362237e-06	287336.2482745825	0.643172671053466	4.079582631028439	4.199465637260036	34.79181284317831	17.127775625015538	3980072.1036059787	-585344.1713344648	1170698.3426689296
KY16_US-Vir18-VA3	dadi_objects_duos/probs.KY16.US-Vir18-VA3.delim	4402780	47738436.282748386	126268.68560370058	3795456.5176375736	15.088755092724533	0.5232075447457035	3.1607141472661254e-07	4.1436049028641335e-06	295355.73979404964	7.970173613715447	0.021081196298020147	4.752529863544492	3.7863052485479356	49.637367571482734	3980072.1036059787	-1375940.3604299426	2751890.720859885
KY16_US-Vir18-VA3	dadi_objects_duos/probs.KY16.US-Vir18-VA3.delim	4402780	45146665.738052055	7757747.3329761205	2041952.1406481683	198.81317906456553	26.046948063666576	4.403717878483217e-06	3.357540139641817e-06	279422.64760282845	7.9672617565344765	1.3690491342483095	2.702652474905142	49.90753037616863	38.05115157969538	3980072.1036059787	-811721.8716213425	1623453.743242685
KY16_US-Vir18-VA3	dadi_objects_duos/probs.KY16.US-Vir18-VA3.delim	4402780	24296452.484684147	28334263.64186985	670889.0495082535	68.18158441196742	53.14595090356502	2.8062361966195406e-06	1.875677856862695e-06	396438.78259314643	3.022120250074923	3.5243643892883196	0.6258652210570045	45.12168859612856	30.159169162583023	3980072.1036059787	-1537080.948579529	3074171.897159058
KY16_US-Vir18-VA3	dadi_objects_duos/probs.KY16.US-Vir18-VA3.delim	4402780	17665840.981558297	54129204.84820628	4020657.0724250055	3.2725428554246276	134.43696570499668	1.8524693270141492e-07	2.4836308991051365e-06	310091.12913738115	2.80924736421614	8.607703771684559	4.7952796572918714	2.329836024488189	31.236429429003664	3980072.1036059787	-840771.033320643	1681552.066641286
KY16_US-Vir18-VA3	dadi_objects_duos/probs.KY16.US-Vir18-VA3.delim	4402780	13960555.262012038	22274745.069788586	1911227.56878208	33.38952472315029	160.44788256046888	2.391704634700761e-06	7.203129914967495e-06	147946.79603008615	4.653097313581549	7.424243126416253	4.777636305136198	14.351526509317699	43.22269080590266	3980072.1036059787	-929450.5902187956	1858911.1804375912
KY16_US-Vir18-VA3	dadi_objects_duos/probs.KY16.US-Vir18-VA3.delim	4402780	34171268.58132229	19634695.717614632	1180239.0181306296	232.66064857512083	61.46108414605486	6.808662898230564e-06	3.1302285011178977e-06	179168.66800394424	9.404680467173065	5.403897688342464	2.4362068075562693	49.477629652005774	22.74694588635219	3980072.1036059787	-1320514.3556432927	2641038.7112865853
KY16_US-Vir18-VA3	dadi_objects_duos/probs.KY16.US-Vir18-VA3.delim	4402780	17591572.463368822	23387437.299091026	1000474.6067771526	133.79611554575774	160.6349780778245	7.605693909646979e-06	6.868430090203502e-06	154171.20368137758	5.626604719178281	7.480392406680374	2.3999879235505537	47.55838457594639	42.94827579750208	3980072.1036059787	-1275900.6457330184	2551811.291466037
KY16_US-Vir18-VA3	dadi_objects_duos/probs.KY16.US-Vir18-VA3.delim	4402780	6073446.328293192	19643109.37970351	2502844.5194810173	36.53675472373213	103.80232934060041	6.0158191492572185e-06	5.284414363026226e-06	186092.4442471916	1.6093535613157275	5.205069136492108	4.974064133098487	45.40550392651009	39.88509148239929	3980072.1036059787	-700055.9636330861	1400121.9272661721
KY16_US-Vir18-VA3	dadi_objects_duos/probs.KY16.US-Vir18-VA3.delim	4402780	49859506.38215996	42729710.490971066	568016.8173922991	141.88906716661756	125.58219711409777	2.845777615186867e-06	2.938990123526199e-06	308039.3635450588	7.981541293322141	6.840199060964133	0.6819636493018537	35.554302597001126	36.718872066391825	3980072.1036059787	-2098295.111379521	4196600.222759042
KY16_US-Vir18-VA3	dadi_objects_duos/probs.KY16.US-Vir18-VA3.delim	4402780	19527788.701863237	11722712.647609394	1683303.1381329775	26.585151208819962	23.936106848396577	1.3614010072878016e-06	2.041857338649161e-06	132019.32955707668	7.293912548166133	4.378603342363368	4.715535942837246	7.289681918520978	10.933215446493023	3980072.1036059787	-1201546.7968920514	2403103.5937841027
KY16_US-Vir18-VA3	dadi_objects_duos/probs.KY16.US-Vir18-VA3.delim	4402780	1578975.1910437637	132041617.31060503	19361181.836707935	0.8015058805487197	33.68161551277661	5.076114463957431e-07	2.5508333053469377e-07	2358927.902909045	0.03300696909395419	2.7602039641964646	3.0354525304392768	48.565857608266725	24.40516421950855	3980072.1036059787	-955052.4729418411	1910114.9458836822
KY16_US-Vir18-VA3	dadi_objects_duos/probs.KY16.US-Vir18-VA3.delim	4402780	1126094.3023974488	37000254.44688652	3719189.7431768277	2.507274496652908	17.306563787537694	2.2265226733808474e-06	4.6774175059744757e-07	279350.6280017179	0.19877882391588625	6.531306523691816	4.923851345286667	25.226776648139015	5.299571754827141	3980072.1036059787	-340296.3716473372	680602.7432946744
KY16_US-Vir18-VA3	dadi_objects_duos/probs.KY16.US-Vir18-VA3.delim	4402780	26064069.937945165	4586157.114357432	1613141.1433102582	35.499340154909284	19.264650495347457	1.3620029503998476e-06	4.200608486577467e-06	203782.34258213034	6.306968901908329	1.1097557046303081	2.9276022146871257	11.257179385859374	34.71872307566119	3980072.1036059787	-1056780.4889900882	2113570.9779801765
KY16_US-Vir18-VA3	dadi_objects_duos/probs.KY16.US-Vir18-VA3.delim	4402780	14268685.104136413	6255139.023952966	4142463.5969194667	9.115705369383896	13.067785479032967	6.388609253659472e-07	2.089127904110869e-06	314494.41320597247	2.2372577768191744	0.9807742146027867	4.871380070958928	8.148998710684262	26.64789772093553	3980072.1036059787	-585861.5522618683	1171733.1045237365
KY16_US-Vir18-VA3	dadi_objects_duos/probs.KY16.US-Vir18-VA3.delim	4402780	33361774.567690745	1858131.7646355266	7885790.030443267	21.417902272455493	2.980073597610658	6.419892991303193e-07	1.6038010082644492e-06	720435.8680858284	2.2834884766075407	0.12718215765035534	4.048145668908905	18.758931776415135	46.86307659291911	3980072.1036059787	-487395.507304154	974801.014608308
KY16_US-Vir18-VA3	dadi_objects_duos/probs.KY16.US-Vir18-VA3.delim	4402780	9943354.223340422	154798179.22766742	157821.21756242967	0.7801933344346642	6.996753229691511	7.846379771961518e-08	4.5199195911736966e-08	843466.7702043545	0.5813128741094565	9.049881202312806	0.06919961232056511	2.6842458482616025	1.5462641051914376	3980072.1036059787	-522480.3095492722	1044970.6190985444
KY16_US-Vir18-VA3	dadi_objects_duos/probs.KY16.US-Vir18-VA3.delim	4402780	6434862.269783539	69333990.80091193	18118261.673140306	1.2719863322291753	24.259899595678345	1.9767110450865385e-07	3.4989908002467473e-07	1653146.371780934	0.19194329911919802	2.068139826071963	4.053325386186376	13.253771692642042	23.460599027054567	3980072.1036059787	-643829.384331145	1287668.76866229
KY16_US-Vir18-VA3	dadi_objects_duos/probs.KY16.US-Vir18-VA3.delim	4402780	13252713.022784984	12900977.587950833	1848444.624465259	85.27331160589729	54.44409702475305	6.434404144969374e-06	4.220152825906959e-06	139450.10701110697	4.686309306191287	4.561931675833897	4.902231790727694	36.39252385378789	23.86887875290283	3980072.1036059787	-868488.3498402706	1736986.6996805412
KY16_US-Vir18-VA3	dadi_objects_duos/probs.KY16.US-Vir18-VA3.delim	4402780	5983542.6734911455	620742846.4322044	19198480.8686628	1.0562989118928168	203.04655159688556	1.7653403168202205e-07	3.271025236358671e-07	3752378.762226001	0.0786315308850356	8.157368128607368	1.8921974174819494	26.867057019077862	49.78236813533382	3980072.1036059787	-858599.8697357236	1717209.7394714472
KY16_US-Vir18-VA3	dadi_objects_duos/probs.KY16.US-Vir18-VA3.delim	4402780	12076947.822981741	22293694.478418667	1654793.734015593	46.80087319345283	159.5786354829458	3.87522359783599e-06	7.158016614851582e-06	123987.3365247412	4.803135814157288	8.866449035691522	4.935973124988458	19.487632665104663	35.99606445389098	3980072.1036059787	-971007.6836253946	1942025.3672507892
KY16_US-Vir18-VA3	dadi_objects_duos/probs.KY16.US-Vir18-VA3.delim	4402780	10420068.434138484	16954965.977340207	1646724.026740587	63.62520043916906	81.48159452428328	6.106025199481283e-06	4.805765734545321e-06	122780.0526333693	4.1849258138	6.809482609366207	4.960200779893145	30.406847466381276	23.931801929329602	3980072.1036059787	-974468.5594306616	1948947.1188613232
KY16_US-Vir18-VA3	dadi_objects_duos/probs.KY16.US-Vir18-VA3.delim	4402780	21956306.689089715	10168886.020141274	2313960.945526448	8.090253851039193	37.033222157676285	3.6847061601026517e-07	3.641817017549951e-06	171822.3958585261	6.301218300406371	2.918358337411129	4.980609626362019	2.56783798476477	25.379489340249012	3980072.1036059787	-1007581.8259670293	2015173.6519340586
KY16_US-Vir18-VA3	dadi_objects_duos/probs.KY16.US-Vir18-VA3.delim	4402780	4029997.4393347036	24050926.40740756	3729099.257399196	3.765466183037524	13.006634691159835	9.343594480445004e-07	5.407955797974526e-07	528755.435437314	0.37583301937374564	2.2429622912921676	2.6082868248822795	20.037974254161906	11.597729254437649	3980072.1036059787	-396325.54030388145	792661.0806077629
KY16_US-Vir18-VA3	dadi_objects_duos/probs.KY16.US-Vir18-VA3.delim	4402780	11992813.166414248	16626536.37324865	1929575.8886936614	74.21918375324852	36.39012871578674	6.188638372279374e-06	2.188677659547711e-06	191582.14266033252	3.086818180753596	4.279487560402817	3.724886868014821	48.08782338785442	17.006769246157795	3980072.1036059787	-883905.6533524499	1767821.3067048998
KY16_US-Vir18-VA3	dadi_objects_duos/probs.KY16.US-Vir18-VA3.delim	4402780	19279075.497719422	18250563.04007143	3428604.5447570905	52.57072550715814	4.5579444477799225	2.7268281362027385e-06	2.497426757614204e-07	296842.10008415306	3.202622247830748	3.03176670657701	4.271674481872338	32.82980098122168	3.006791015873402	3980072.1036059787	-844275.3810202747	1688560.7620405494
KY16_US-Vir18-VA3	dadi_objects_duos/probs.KY16.US-Vir18-VA3.delim	4402780	3948792.3273735587	20965164.722116675	7603591.130874857	2.4118519808957597	7.586062688041167	6.107821786870071e-07	3.618413109837597e-07	573669.8788082903	0.33942767902573745	1.8021097621898663	4.901883183775857	14.211286409043138	8.419090609467457	3980072.1036059787	-305912.15403472446	611834.3080694489
KY16_US-Vir18-VA3	dadi_objects_duos/probs.KY16.US-Vir18-VA3.delim	4402780	2131997.1379377064	2911819.12374689	47416.99175475132	2.3090878443199956	1.310642222483247	1.0830632946128577e-06	4.501111390451788e-07	1132739.6955061317	0.09281143870700335	0.12675913926926247	0.015481396265375362	49.758690878816346	20.679254056769405	3980072.1036059787	-80332.19350405081	160674.38700810162
KY16_US-Vir18-VA3	dadi_objects_duos/probs.KY16.US-Vir18-VA3.delim	4402780	3573306.630384911	2594958.8100738036	60119.087454881745	0.7895132783974455	2.802115240763721	2.2094753125409794e-07	1.0798303348344962e-06	1128058.0160982609	0.15620101688569857	0.11343420725871722	0.019710025817490758	10.108939034310879	49.405118764091036	3980072.1036059787	-88799.57408411022	177609.14816822045
KY16_US-Vir18-VA3	dadi_objects_duos/probs.KY16.US-Vir18-VA3.delim	4402780	16056153.949775621	28300074.38630763	2075518.8913472851	26.18771177430874	218.9500764396587	1.6310077653854773e-06	7.736731481723344e-06	153750.7930360353	5.149548665214087	9.076433293883955	4.992471283408196	10.170876508541557	48.245840486085115	3980072.1036059787	-954524.3758523524	1909058.7517047047
KY16_US-Vir18-VA3	dadi_objects_duos/probs.KY16.US-Vir18-VA3.delim	4402780	11692090.383710243	38916546.99559145	1572989.8515413401	37.6526996191023	237.08453421793973	3.2203565302198764e-06	6.092126679296526e-06	192980.91923571387	2.987602408149008	9.944087473259684	3.014517429684488	25.205964164709805	47.68351743797023	3980072.1036059787	-983463.807686221	1966937.615372442
KY16_US-Vir18-VA3	dadi_objects_duos/probs.KY16.US-Vir18-VA3.delim	4402780	12430105.794737592	14870708.54667041	1898796.0112206312	32.27071615852041	48.11825241089428	2.5961738935627186e-06	3.2357740224602866e-06	143827.23033273665	4.261659185960011	5.098419331755162	4.882513386756982	15.144672415305251	18.87575316184488	3980072.1036059787	-933472.5774867263	1866955.1549734527
KY16_US-Vir18-VA3	dadi_objects_duos/probs.KY16.US-Vir18-VA3.delim	4402780	37489099.91568263	46046535.5259125	651422.5367181993	46.50384652482823	171.09827839590986	1.2404631380700208e-06	3.7157687639632517e-06	296492.6406537669	6.234994907069468	7.658223727376199	0.8125593848963757	14.917043948857263	44.68354137638395	3980072.1036059787	-2183156.9193973956	4366323.838794791
KY16_US-Vir18-VA3	dadi_objects_duos/probs.KY16.US-Vir18-VA3.delim	4402780	62070829.00045192	9262539.892345851	1842665.3762791073	126.10760722642377	9.87957374287313	2.0316726755092252e-06	1.0666160532314867e-06	574055.111505975	5.331862793529313	0.7956489807026788	1.1871323407079606	47.303395496023086	24.834000878497875	3980072.1036059787	-839848.4263079073	1679706.8526158147
KY16_US-Vir18-VA3	dadi_objects_duos/probs.KY16.US-Vir18-VA3.delim	4402780	2648838.8551961873	21704219.23836851	3724817.5308201634	2.708494934480473	2.1560780368552055	1.0225215962712339e-06	9.933911988152569e-08	278096.36945528665	0.46968341689072146	3.848520959598814	4.9535429484429265	11.533278958029054	1.1204709858615214	3980072.1036059787	-274300.0303570528	548610.0607141056
KY16_US-Vir18-VA3	dadi_objects_duos/probs.KY16.US-Vir18-VA3.delim	4402780	17535023.147925973	61038141.74899946	2146654.8409651313	4.428676597909358	113.22376138306032	2.525617765399516e-07	1.8549673718550956e-06	446570.104375182	1.9362512240274803	6.739949852181511	1.7777833056575112	4.57448552435002	33.597805285276216	3980072.1036059787	-917343.7258428467	1834697.4516856933
KY16_US-Vir18-VA3	dadi_objects_duos/probs.KY16.US-Vir18-VA3.delim	4402780	31053754.295707557	30423715.21732079	755786.1429220577	173.5438534074824	159.34858004797093	5.588498310217864e-06	5.237643690447471e-06	214629.02212354058	7.1346171465329835	6.989865321396484	1.3023170532242694	48.64839972298018	45.5941774901423	3980072.1036059787	-1805501.1311798943	3611012.2623597886
KY16_US-Vir18-VA3	dadi_objects_duos/probs.KY16.US-Vir18-VA3.delim	4402780	7140197.484320807	20620282.44809264	2049542.379678836	38.2054456637177	92.78309049047894	5.350754758200065e-06	4.499603277697164e-06	158943.13263028534	2.2152026538648517	6.397316671249276	4.768934789585869	34.49386050261439	29.00687749520461	3980072.1036059787	-784357.5647556816	1568725.129511363
KY16_US-Vir18-VA3	dadi_objects_duos/probs.KY16.US-Vir18-VA3.delim	4402780	11243808.008917322	7363797.544404769	15796701.762341566	1.8374149579540933	1.6302841735659306	1.6341571792197648e-07	2.2139177017497833e-07	1258521.7777160306	0.4405525241619734	0.288526768958735	4.642072651020677	8.341411555633488	11.300748138201993	3980072.1036059787	-226930.45374584565	453870.9074916913
KY16_US-Vir18-VA3	dadi_objects_duos/probs.KY16.US-Vir18-VA3.delim	4402780	18247313.043537997	4689796.523086536	3968587.9633915387	5.3379806371040655	2.8038267001039534	2.925351597995645e-07	5.978567910785706e-07	300237.5155371231	2.9969463793182105	0.7702541561087928	4.888518944473506	3.5622797084000064	7.280263735981539	3980072.1036059787	-378628.86470516806	757267.7294103361
KY16_US-Vir18-VA3	dadi_objects_duos/probs.KY16.US-Vir18-VA3.delim	4402780	34403683.593669064	501325.81692976935	2774781.1747892215	15.258714138446203	2.1897649968690978	4.435197788313022e-07	4.367947795467038e-06	224103.4498423928	7.570096407625522	0.1103104193903337	4.579166623777505	4.031313028741819	39.70187057526468	3980072.1036059787	-527525.7840519561	1055061.5681039123
KY16_US-Vir18-VA3	dadi_objects_duos/probs.KY16.US-Vir18-VA3.delim	4402780	23331583.48586448	7548203.09192272	2111105.598580474	117.36598720106163	34.7278016009483	5.030348123271111e-06	4.600803817548349e-06	195958.6733770644	5.871171030807132	1.8994335020079105	3.984297107760616	39.98043544813133	36.566483179576636	3980072.1036059787	-785799.9621572408	1571609.9243144817
KY16_US-Vir18-VA3	dadi_objects_duos/probs.KY16.US-Vir18-VA3.delim	4402780	25578695.922228783	14017225.524768436	3417030.8791611386	86.10950581717199	10.578952338546053	3.366454102233563e-06	7.54710860566026e-07	326723.3990199303	3.8604965457240734	2.115567223737054	3.8678971221315726	44.610585605910096	10.001055244048269	3980072.1036059787	-811368.0184952264	1622746.0369904528
KY16_US-Vir18-VA3	dadi_objects_duos/probs.KY16.US-Vir18-VA3.delim	4402780	19624765.33159523	7782830.1073850235	1426919.9649470826	61.48912802470874	78.92147861375874	3.133241441909792e-06	1.0140460157144018e-05	108092.03501575197	8.952736176105429	3.5504946671993936	4.88216182562954	13.736387807075403	44.45661014103788	3980072.1036059787	-1148332.0696591542	2296674.1393183083
KY16_US-Vir18-VA3	dadi_objects_duos/probs.KY16.US-Vir18-VA3.delim	4402780	15206002.241266182	61724390.12623961	10316345.897457272	0.7234140926012087	45.006586932512015	4.757424608540444e-08	7.291540157863674e-07	770948.4172777521	0.9726010557010322	3.9479940911993534	4.9488788620900745	1.4875864844291904	22.799723552189793	3980072.1036059787	-716153.5564315298	1432317.1128630596
KY16_US-Vir18-VA3	dadi_objects_duos/probs.KY16.US-Vir18-VA3.delim	4402780	37650926.41068957	2102827.669255817	3577761.2173674647	60.69488273640498	8.244511759958481	1.6120422131013739e-06	3.9206787510439145e-06	277951.2877938459	6.679623496260024	0.37306112882680603	4.76045989598395	18.173144869733616	44.199253810685825	3980072.1036059787	-618581.2925464038	1237172.5850928077
KY16_US-Vir18-VA3	dadi_objects_duos/probs.KY16.US-Vir18-VA3.delim	4402780	9056093.426682157	12607172.733989242	3069142.7996994574	25.98343687356482	51.749129262553666	2.869166167942711e-06	4.104737069480833e-06	235860.83833538328	1.893346338220138	2.6357661307776894	4.812464147303223	27.447103944005143	39.26685957322394	3980072.1036059787	-694757.2859977895	1389524.571995579
KY16_US-Vir18-VA3	dadi_objects_duos/probs.KY16.US-Vir18-VA3.delim	4402780	16153214.052604893	12723112.661707405	1365409.8064998358	158.8405645951991	108.31095054470774	9.83337211269012e-06	8.512928669624208e-06	109547.04305060364	7.271153221517483	5.7271389654484945	4.609656962610787	43.690611311873646	37.82375500163051	3980072.1036059787	-866244.0984134594	1732498.1968269187
KY16_US-Vir18-VA3	dadi_objects_duos/probs.KY16.US-Vir18-VA3.delim	4402780	16641723.338021738	5495682.5181928165	2291784.2955912687	33.64020472049677	33.95169321068845	2.021437566122626e-06	6.177884748308389e-06	174183.14490281887	4.711261145579899	1.5558241770099237	4.866019678386184	14.280764186488783	43.644640200846915	3980072.1036059787	-795524.9207011844	1591059.8414023689
KY16_US-Vir18-VA3	dadi_objects_duos/probs.KY16.US-Vir18-VA3.delim	4402780	12968573.404617317	14594882.588236202	3210516.299272783	15.252589541974736	60.28924046418021	1.1761193051923676e-06	4.130847925612959e-06	254855.2442703632	2.5092482939164444	2.8239177195391116	4.658944680573241	12.157098664929995	42.699006452652554	3980072.1036059787	-762482.4222473316	1524974.8444946632
KY16_US-Vir18-VA3	dadi_objects_duos/probs.KY16.US-Vir18-VA3.delim	4402780	22340751.03025655	94102043.76954871	559567.3916262375	27.71100537235084	222.04436887103523	1.2403793110993108e-06	2.359612607509471e-06	469292.64543693856	2.3474644725561875	9.887814614861057	0.4409759449401389	23.609307571054256	44.91272895373866	3980072.1036059787	-1562302.1549545939	3124614.3099091877
KY16_US-Vir18-VA3	dadi_objects_duos/probs.KY16.US-Vir18-VA3.delim	4402780	81161755.01113221	81327019.48540583	332228.92283247074	157.86810149067063	181.2482802711687	1.945104581203515e-06	2.228635469712422e-06	507593.3814237237	7.8846149020444445	7.900669837481186	0.24206262400199433	40.04459404852763	45.88175028180965	3980072.1036059787	-1850806.378877602	3701622.757755204
KY16_US-Vir18-VA3	dadi_objects_duos/probs.KY16.US-Vir18-VA3.delim	4402780	4107557.19133133	16173994.98281454	6576178.247092862	3.18104873239526	1.4984126547075893	7.744380867316e-07	9.264332382319319e-08	1062940.6957855064	0.1905546679063175	0.7503316689474336	2.2880778178014265	33.38725592341994	3.994000831151282	3980072.1036059787	-222569.7783879798	445149.5567759596
KY16_US-Vir18-VA3	dadi_objects_duos/probs.KY16.US-Vir18-VA3.delim	4402780	18944068.461802784	9423814.003481165	1510846.0519028732	129.08821910397603	70.666833177358	6.814176129285986e-06	7.498750840291799e-06	119203.69154853272	7.836615831087209	3.8983605954448666	4.687451188437175	32.944888938384274	36.254641635732916	3980072.1036059787	-1099368.599551525	2198747.19910305
KY16_US-Vir18-VA3	dadi_objects_duos/probs.KY16.US-Vir18-VA3.delim	4402780	26224235.0825947	32356158.80736645	783429.3030135437	155.8792876956059	183.2770406010303	5.944092828814848e-06	5.664363365632389e-06	201412.7195085943	6.42038311090189	7.921639463884821	1.4385308089013822	48.557628105064616	46.27250241231002	3980072.1036059787	-1819493.2833993088	3638996.5667986176
KY16_US-Vir18-VA3	dadi_objects_duos/probs.KY16.US-Vir18-VA3.delim	4402780	9812500.236178668	16006518.752339752	6398858.330186427	4.416276422639569	0.15468227104816792	4.5006637618787184e-07	9.663704734394994e-09	1420188.4488580434	0.3407051606674515	0.5557710483547745	1.6663367342632898	25.924329493500792	0.5566402622305257	3980072.1036059787	-365341.767257475	730693.53451495
KY16_US-Vir18-VA3	dadi_objects_duos/probs.KY16.US-Vir18-VA3.delim	4402780	67529686.05816996	7897692.711579204	1819169.3586122543	88.57329871242817	6.592405770104991	1.3116201759938774e-06	8.347255345145974e-07	582207.0890840894	5.719555113096138	0.6689100952026412	1.155584990884663	30.972093794365495	19.710887359557255	3980072.1036059787	-840927.4665272847	1681864.9330545694
KY16_US-Vir18-VA3	dadi_objects_duos/probs.KY16.US-Vir18-VA3.delim	4402780	21566919.26547888	5816712.23191411	2672482.747265421	64.85914299278468	21.294719335215742	3.007343895268415e-06	3.660954588466597e-06	224013.72581047355	4.747429137002134	1.2804067558942847	4.4121120193231835	27.323901472172945	33.26242889173558	3980072.1036059787	-728335.4861095314	1456680.9722190627
KY16_US-Vir18-VA3	dadi_objects_duos/probs.KY16.US-Vir18-VA3.delim	4402780	30990211.349670775	11006539.566359494	1536232.9347969599	152.94107788843195	36.98372345486563	4.9351414923492195e-06	3.360159042893289e-06	246994.04225292904	6.1870420541054045	2.197401056703819	2.300259553736796	49.43915898775832	33.66133218334076	3980072.1036059787	-956007.9500668456	1912025.9001336913
KY16_US-Vir18-VA3	dadi_objects_duos/probs.KY16.US-Vir18-VA3.delim	4402780	19262126.473808244	11893243.9462482	2325515.7950603343	58.017221622044026	17.33624307115668	3.011984253188929e-06	1.4576547113225158e-06	295076.0243461783	3.2189580305746066	1.9875195587784709	2.9146849568878523	36.04720600329638	17.44510437100959	3980072.1036059787	-820227.2091974963	1640464.4183949926
KY16_US-Vir18-VA3	dadi_objects_duos/probs.KY16.US-Vir18-VA3.delim	4402780	12020569.241409749	10243641.651263246	3576414.3056521397	2.014578138053349	2.069807202721789	1.6759423764336498e-07	2.020577518412644e-07	276089.8469923499	2.1469385097562	1.829569656774459	4.790751416296903	1.876698497789877	2.2626164519703176	3980072.1036059787	-294937.8250581105	589885.650116221
KY16_US-Vir18-VA3	dadi_objects_duos/probs.KY16.US-Vir18-VA3.delim	4402780	4402967.214933832	2528820.579427575	84526.63547238581	1.1372165496900297	2.689522597039612	2.582841284470295e-07	1.0635482085678113e-06	1146761.2791792005	0.18932912985564412	0.10874016918412681	0.027260060254079444	12.013117585837023	49.46695627235076	3980072.1036059787	-93436.54047422504	186883.08094845008
KY16_US-Vir18-VA3	dadi_objects_duos/probs.KY16.US-Vir18-VA3.delim	4402780	20808388.3111378	5962346.334121961	1776967.9309067174	106.47837609795467	46.72120631200145	5.117089055905476e-06	7.836043680424982e-06	133378.61881273022	7.6930266266439435	2.2043268522205444	4.927193562245153	27.681790604800103	42.39045245484944	3980072.1036059787	-863376.3517721111	1726762.7035442223
KY16_US-Vir18-VA3	dadi_objects_duos/probs.KY16.US-Vir18-VA3.delim	4402780	25133598.984128114	22898528.53526023	1657713.8663495749	172.2209899745102	29.210948842390025	6.852221605161595e-06	1.275669255227891e-06	162116.431084813	7.644914888531041	6.965071012520436	3.7817149044579454	45.055044427735204	8.387839489326188	3980072.1036059787	-1185200.2709862215	2370410.541972443
KY16_US-Vir18-VA3	dadi_objects_duos/probs.KY16.US-Vir18-VA3.delim	4402780	65782942.8128597	14104225.274836624	3803203.1699491246	168.21073020732962	6.682091457331243	2.5570569362617e-06	4.7376522475522106e-07	385137.87622838205	8.422520452394027	1.80583477665979	3.6520737951407765	39.943086195657074	7.400556843512505	3980072.1036059787	-848892.8400665759	1697795.6801331518
KY16_US-Vir18-VA3	dadi_objects_duos/probs.KY16.US-Vir18-VA3.delim	4402780	14517403.375009613	16221806.825599814	1682960.9059467462	30.69195343961746	49.77420079775988	2.1141489732558415e-06	3.0683512220852403e-06	134555.83185191633	5.320242477336835	5.944861040458042	4.625703071962715	11.537802485641969	16.74528654547823	3980072.1036059787	-1103287.839601531	2206585.679203062
KY16_US-Vir18-VA3	dadi_objects_duos/probs.KY16.US-Vir18-VA3.delim	4402780	10613251.134629665	23239832.160444394	3886812.0907579516	7.297396119880044	38.95746011778203	6.875740550479942e-07	1.6763227827475445e-06	303183.26369140664	1.7261885228419733	3.779834382438996	4.741268722184581	8.454923692651727	20.613315916050336	3980072.1036059787	-691765.6494020119	1383541.2988040238
KY16_US-Vir18-VA3	dadi_objects_duos/probs.KY16.US-Vir18-VA3.delim	4402780	6582800.178479675	8473012.4935812	4973219.261149948	2.079406745117389	1.9688304832826258	3.1588483452913143e-07	2.3236487433178336e-07	3857123.9445126797	0.08415735649968778	0.10832264594325072	0.4768483252233441	49.41711174411957	36.35122584273059	3980072.1036059787	-175057.63611554433	350125.27223108866
KY16_US-Vir18-VA3	dadi_objects_duos/probs.KY16.US-Vir18-VA3.delim	4402780	39554061.22507911	10270660.213106308	4219264.144961937	137.50746216957276	13.219681194111098	3.4764435790069174e-06	1.2871306147623858e-06	321140.97143106797	6.073518690967972	1.577057951594893	4.85900389964643	45.28098756790272	16.76499101474605	3980072.1036059787	-774128.2756338738	1548266.5512677475
