Pair_name	fs_name	L	pop1_size	pop2_size	divergence_time	mig_pop1	mig_pop2	Mij	Mji	theta	nu1	nu2	Ts	m12	m21	fs_sanitycheck	-2LL_model	AIC
KY16_US-Vir17-VA2	dadi_objects_duos/probs.KY16.US-Vir17-VA2.delim	4428170	29657730.924821764	4356753.466909061	3096094.226576121	55.162213307845384	11.647102393348197	1.8599606776281687e-06	2.6733443794356676e-06	303201.96298233833	4.851189280719141	0.7126450695429328	3.7982689263589995	22.741727900449238	32.686965478673045	4033736.2062761635	-771714.8255143091	1543439.6510286182
KY16_US-Vir17-VA2	dadi_objects_duos/probs.KY16.US-Vir17-VA2.delim	4428170	13440864.241510702	14191491.420716882	1971447.0976303986	36.82939398402982	89.88276813351821	2.740106091562631e-06	6.33356745030381e-06	160403.47832644926	4.15581035528818	4.387898422562281	4.5716702287737645	17.724290011051732	40.96848170930622	4033736.2062761635	-996798.2419486659	1993606.4838973319
KY16_US-Vir17-VA2	dadi_objects_duos/probs.KY16.US-Vir17-VA2.delim	4428170	16904309.46658691	13969492.971651472	2214898.6677286457	43.697225689125865	16.9147949657118	2.584975492521471e-06	1.2108381456676543e-06	173746.1492735527	4.825302611152402	3.987564889640825	4.741788985040885	18.111703746053713	8.483771642013519	4033736.2062761635	-1024153.6604676788	2048317.3209353576
KY16_US-Vir17-VA2	dadi_objects_duos/probs.KY16.US-Vir17-VA2.delim	4428170	6228514.485671463	18311914.255617447	2322041.6326607764	39.49634200441401	89.64646337424391	6.341213799096771e-06	4.895526602127003e-06	189207.0283418189	1.632636576956914	4.799972943242946	4.564952753020946	48.3835074650007	37.35290362435967	4033736.2062761635	-818385.0674463536	1636780.1348927072
KY16_US-Vir17-VA2	dadi_objects_duos/probs.KY16.US-Vir17-VA2.delim	4428170	5784837.6856042	15158610.521064408	4341353.127068205	1.6354022501339425	1.5235986125659582	2.827049502536098e-07	1.0051043995416105e-07	447668.80129355815	0.6408799088672662	1.6793641338407697	3.6072133850604344	5.103615287377198	1.814494643376038	4033736.2062761635	-289622.0558985027	579254.1117970054
KY16_US-Vir17-VA2	dadi_objects_duos/probs.KY16.US-Vir17-VA2.delim	4428170	14446620.676226541	67236335.11475804	5529983.930436594	4.285895091591816	151.5294191866118	2.966711169100407e-07	2.253683502052625e-06	494882.8971677273	1.4477918667927654	6.738199978648975	4.156473096945099	5.920595618603915	44.97623094201897	4033736.2062761635	-871494.9315745379	1742999.8631490758
KY16_US-Vir17-VA2	dadi_objects_duos/probs.KY16.US-Vir17-VA2.delim	4428170	13684861.354415478	18829363.965180356	1744457.5490736018	18.57615999528884	13.776272626921665	1.357424055253228e-06	7.316377044066401e-07	147692.2303023693	4.595418422843536	6.3229581809462125	4.393456252738625	8.084643567144145	4.3575403261199765	4033736.2062761635	-1293813.755802822	2587637.511605644
KY16_US-Vir17-VA2	dadi_objects_duos/probs.KY16.US-Vir17-VA2.delim	4428170	8048556.776162472	28263859.00201487	2602446.2709597005	16.87510442740888	74.31563955744063	2.096662159033048e-06	2.629352189739654e-06	194097.90047670022	2.0565509920820095	7.22192423899059	4.987288412343461	16.411073192330498	20.580564707731618	4033736.2062761635	-869512.8035271621	1739035.6070543241
KY16_US-Vir17-VA2	dadi_objects_duos/probs.KY16.US-Vir17-VA2.delim	4428170	5583683.970290502	18061066.46550349	3321146.5031852704	1.8705535468774874	2.4463771693797813	3.3500347742283994e-07	1.354503165165991e-07	328348.1939970277	0.8433901137454871	2.728042092237769	3.762330571455172	4.435796712319469	1.7935039758664852	4033736.2062761635	-331688.15774719627	663386.3154943925
KY16_US-Vir17-VA2	dadi_objects_duos/probs.KY16.US-Vir17-VA2.delim	4428170	18156644.662449017	12255647.005430205	1753440.1001103548	22.527158281551664	24.779964109356673	1.2407115246431849e-06	2.021922147266254e-06	133357.45282039582	6.7524380823007695	4.557862925733989	4.890769468341984	6.672303546358754	10.873501249652504	4033736.2062761635	-1277981.7499614244	2555973.499922849
KY16_US-Vir17-VA2	dadi_objects_duos/probs.KY16.US-Vir17-VA2.delim	4428170	9065549.885569425	13133106.273930142	2094862.04858899	54.07511781054299	71.0035028387642	5.964902128730211e-06	5.4064515551594696e-06	184271.24392411098	2.439938571191946	3.5346970632562296	4.228646791394286	44.32498297211351	40.175155928839025	4033736.2062761635	-864475.1793299712	1728960.3586599424
KY16_US-Vir17-VA2	dadi_objects_duos/probs.KY16.US-Vir17-VA2.delim	4428170	22330532.776751958	16951476.217872437	2081141.7711444888	10.726128587023018	73.75920230811452	4.803346473752681e-07	4.351196400839004e-06	159142.5701905528	6.959131213762922	5.282791433886902	4.864283159010175	3.0826056464663822	27.924328730822133	4033736.2062761635	-1247065.160100945	2494140.32020189
KY16_US-Vir17-VA2	dadi_objects_duos/probs.KY16.US-Vir17-VA2.delim	4428170	30869531.014495317	4385807.995012539	2991435.39624687	51.54142767456588	10.944285059503443	1.6696537323603564e-06	2.4953862713436346e-06	230115.09208907725	6.653148800491896	0.9452502918655855	4.835463117455557	15.49384486057345	23.15637488543557	4033736.2062761635	-790402.6240301211	1580815.2480602423
KY16_US-Vir17-VA2	dadi_objects_duos/probs.KY16.US-Vir17-VA2.delim	4428170	9687817.959898418	17787364.676160295	1841162.6261758124	39.033158938196046	50.65482624094049	4.029097068067259e-06	2.8477982637209413e-06	137805.17942294004	3.486604904063794	6.401597673179428	4.969699844076568	22.39035394730338	15.825682533336145	4033736.2062761635	-1058836.6679645702	2117683.3359291404
KY16_US-Vir17-VA2	dadi_objects_duos/probs.KY16.US-Vir17-VA2.delim	4428170	8659087.259673033	18582003.06385056	2132991.0825475086	64.40428058350375	32.482312160892704	7.437767821493886e-06	1.7480522443828358e-06	159619.51503066352	2.6904717555429456	5.773628663789467	4.970574672062614	47.875827316021585	11.251957495850881	4033736.2062761635	-999456.8096395856	1998923.619279171
KY16_US-Vir17-VA2	dadi_objects_duos/probs.KY16.US-Vir17-VA2.delim	4428170	18823314.67620191	26346494.511437032	1803968.599272584	10.94672768454167	52.71578935054834	5.815515424805327e-07	2.0008654027071563e-06	136562.11782348764	6.836096226359684	9.568302650496948	4.913628070888422	3.202625393812209	11.018838194423218	4033736.2062761635	-1398207.1773637328	2796424.3547274657
KY16_US-Vir17-VA2	dadi_objects_duos/probs.KY16.US-Vir17-VA2.delim	4428170	35579003.30052275	40827852.05462981	608903.4037105289	38.75891375074338	118.53340840919732	1.0893760407890322e-06	2.9032487001910704e-06	339506.4281224466	5.197423242515698	5.964181329599176	0.6671199832224706	14.914665187814485	39.748425427958395	4033736.2062761635	-2267251.7197478362	4534513.4394956725
KY16_US-Vir17-VA2	dadi_objects_duos/probs.KY16.US-Vir17-VA2.delim	4428170	9286603.318883454	15746151.163012411	2076641.995646702	46.88722948706433	100.65339178995828	5.048910551797066e-06	6.392253621087566e-06	155555.11961715715	2.96083968937592	5.02033173136175	4.9657045122753045	31.671575908216177	40.098303130520954	4033736.2062761635	-888541.9879395628	1777093.9758791255
KY16_US-Vir17-VA2	dadi_objects_duos/probs.KY16.US-Vir17-VA2.delim	4428170	17479094.166258898	8439368.38769269	2078558.6277480389	64.32999622365607	34.22257363571145	3.6803964560038068e-06	4.055110769381623e-06	167207.61685789327	5.184479636330319	2.5032037205877318	4.623914247427783	24.816375310981122	27.343019151214964	4033736.2062761635	-935483.6174255279	1870977.2348510558
KY16_US-Vir17-VA2	dadi_objects_duos/probs.KY16.US-Vir17-VA2.delim	4428170	2092755.8228844767	1891776.5888765715	40039.11954899974	1.5992347878272481	2.019894210538134	7.641764845852866e-07	1.0677234417715492e-06	1159246.4777704892	0.08953340102831803	0.08093499974326411	0.01284731236544264	35.723758272545346	49.91398571558633	4033736.2062761635	-82351.70584176031	164713.41168352062
KY16_US-Vir17-VA2	dadi_objects_duos/probs.KY16.US-Vir17-VA2.delim	4428170	17288693.416935004	4668721.094133901	4002048.929360493	7.797103843172695	4.8047850718638045	4.5099439588275095e-07	1.0291437365793522e-06	308046.22297359	2.783483125478495	0.7516650373565974	4.832479891592349	5.602407840595285	12.784378235180217	4033736.2062761635	-480093.827308329	960197.654616658
KY16_US-Vir17-VA2	dadi_objects_duos/probs.KY16.US-Vir17-VA2.delim	4428170	11701301.59276843	14994740.191502664	1896956.1522213789	48.860406433126386	115.53566273224104	4.1756385856529675e-06	7.705079331598802e-06	144745.96888659775	4.009313381321301	5.137771385739011	4.874772633823922	24.373453400155043	44.9750111703822	4033736.2062761635	-958680.5114562203	1917371.0229124406
KY16_US-Vir17-VA2	dadi_objects_duos/probs.KY16.US-Vir17-VA2.delim	4428170	32659082.657968808	27730221.671523686	791494.5402877228	188.8146163042535	108.85051857303695	5.781381500566513e-06	3.92533892669225e-06	196899.71925111872	8.226236536852857	6.984744950687002	1.4952244025050758	45.9054673320855	31.168072518476336	4033736.2062761635	-2059853.4802807223	4119716.9605614445
KY16_US-Vir17-VA2	dadi_objects_duos/probs.KY16.US-Vir17-VA2.delim	4428170	8888289.530841619	18124538.438325666	1937548.486885362	53.59784882113496	142.9455499732317	6.03016459299114e-06	7.886851875409022e-06	154228.58786207033	2.8582197703466425	5.828333327022578	4.672951214438806	37.50435804636161	49.051947427398034	4033736.2062761635	-901051.7536499226	1802113.507299845
KY16_US-Vir17-VA2	dadi_objects_duos/probs.KY16.US-Vir17-VA2.delim	4428170	11804909.942126445	14934039.560162243	1620815.190609856	107.54977884179368	75.91790244291045	9.110597147208774e-06	5.083547699004869e-06	134666.6267657206	4.347554195984386	5.499961174721576	4.476896625049169	49.47599224461971	27.606704858876988	4033736.2062761635	-1044433.0937325356	2088876.1874650712
KY16_US-Vir17-VA2	dadi_objects_duos/probs.KY16.US-Vir17-VA2.delim	4428170	81453293.2890894	5863396.576208125	6810467.516893551	90.27400813950645	4.612706591196607	1.1082916907866583e-06	7.866953106862266e-07	646654.3800919484	6.247103951507752	0.44969634058237956	3.917493206025013	28.901074430726784	20.514761517618396	4033736.2062761635	-806595.2766285172	1613200.5532570344
KY16_US-Vir17-VA2	dadi_objects_duos/probs.KY16.US-Vir17-VA2.delim	4428170	20378810.650917165	9416091.514065055	1389294.16105234	142.2031095863788	71.94557607537801	6.977988658036765e-06	7.64070484743177e-06	162238.7511232695	6.229691600528125	2.8784479732302346	3.185247368436584	45.653338465205394	49.98914466717957	4033736.2062761635	-1150965.2358946237	2301940.4717892474
KY16_US-Vir17-VA2	dadi_objects_duos/probs.KY16.US-Vir17-VA2.delim	4428170	10723174.33473519	16364810.655719623	1703753.7873771554	54.033811678376495	96.43800958890735	5.038975399602217e-06	5.89301102333265e-06	145474.75595454947	3.6557630368337772	5.579119394354296	4.35634981809245	29.560893927728248	34.57105065236507	4033736.2062761635	-1025957.6020918197	2051925.2041836395
KY16_US-Vir17-VA2	dadi_objects_duos/probs.KY16.US-Vir17-VA2.delim	4428170	6828249.292490502	25698941.19589952	2016980.0825267176	45.21702451933532	171.32024654202186	6.622052385970092e-06	6.666432100687379e-06	151947.50085498873	2.2287333664138465	8.38810729827909	4.937551038336126	40.57643251609947	40.848367921371256	4033736.2062761635	-880026.2995420595	1760062.599084119
KY16_US-Vir17-VA2	dadi_objects_duos/probs.KY16.US-Vir17-VA2.delim	4428170	7189205.80506669	14418870.141460093	3890199.8520851713	20.528126598913545	10.78943799617941	2.8554095063527145e-06	7.48285953776323e-07	371865.07840737596	0.9588216424867068	1.9230392239006229	3.8912583598406933	42.819489442632495	11.221235492320856	4033736.2062761635	-720012.0254341647	1440034.0508683294
KY16_US-Vir17-VA2	dadi_objects_duos/probs.KY16.US-Vir17-VA2.delim	4428170	13062590.083684409	20109369.10579879	2229705.446636776	27.1142527637868	117.3122760611883	2.0757179541026375e-06	5.833712407584176e-06	198508.26486684033	3.263570608409209	5.024144947280325	4.178038630123569	16.616311406851004	46.69939951660507	4033736.2062761635	-962279.8941467504	1924569.788293501
KY16_US-Vir17-VA2	dadi_objects_duos/probs.KY16.US-Vir17-VA2.delim	4428170	3113262.556114178	2145043.4404875548	53376.321302500066	1.4006751900031755	2.2658234141331914	4.499058992799598e-07	1.0563065397026105e-06	1143032.6246150383	0.13508260589395912	0.09307215580894158	0.017369749782035187	20.73805403343664	48.6896084965405	4033736.2062761635	-89731.9070071858	179473.8140143716
KY16_US-Vir17-VA2	dadi_objects_duos/probs.KY16.US-Vir17-VA2.delim	4428170	24930802.32337711	8566076.90368788	2179889.461433817	86.7156784183035	23.820623631008427	3.4782546222747095e-06	2.7808089862878933e-06	236723.90989926955	5.223197381618078	1.7946598698962715	3.425278560089277	33.204059537738594	26.546114983208735	4033736.2062761635	-927225.3072823673	1854460.6145647345
KY16_US-Vir17-VA2	dadi_objects_duos/probs.KY16.US-Vir17-VA2.delim	4428170	37762979.831927136	31182361.170140028	763441.1112913825	47.91635684239478	163.61496271079193	1.268871181661447e-06	5.2470357141353445e-06	216194.61951562925	8.66290762231882	7.153299751899347	1.3135125037044482	11.062418977883294	45.745311502526874	4033736.2062761635	-2550593.204440822	5101196.408881644
KY16_US-Vir17-VA2	dadi_objects_duos/probs.KY16.US-Vir17-VA2.delim	4428170	22414191.488390066	7569394.825383439	3485232.0450761584	55.032036541397204	13.30921461320883	2.4552318369325203e-06	1.7582930895052937e-06	411881.8296525054	2.698937033850416	0.9114457699107681	3.147477360237196	40.780526445173265	29.20462204682089	4033736.2062761635	-794770.4215433928	1589550.8430867856
KY16_US-Vir17-VA2	dadi_objects_duos/probs.KY16.US-Vir17-VA2.delim	4428170	15802284.297922648	8664506.56943096	1896795.1585835093	43.368538461842945	54.74570162957407	2.7444474257145294e-06	6.318386533714578e-06	160439.59411852658	4.884843161144973	2.6783947727066577	4.397566621004409	17.756368845904834	40.879486614477436	4033736.2062761635	-1005585.4671974289	2011180.9343948578
KY16_US-Vir17-VA2	dadi_objects_duos/probs.KY16.US-Vir17-VA2.delim	4428170	10138682.400104394	16643416.119881367	2392384.4095461057	18.1924765021882	42.65694475221237	1.794362993558303e-06	2.562992143256971e-06	271876.83483109204	1.8494884414904282	3.0360755496512164	3.2731228653864664	19.67298210042082	28.10005486003982	4033736.2062761635	-866321.0381208159	1732652.0762416318
KY16_US-Vir17-VA2	dadi_objects_duos/probs.KY16.US-Vir17-VA2.delim	4428170	49708591.6874198	13811415.1032884	2243835.6324306647	36.33955478286808	0.0034726267681078715	7.310517870105915e-07	2.5143164130090214e-10	1312502.4602795336	1.878337551719893	0.5218916640010823	0.6359082566728037	38.69331659753477	0.013307845315960708	4033736.2062761635	-822174.2835271632	1644358.5670543264
KY16_US-Vir17-VA2	dadi_objects_duos/probs.KY16.US-Vir17-VA2.delim	4428170	6004400.931457599	48516754.17784485	5318901.263036851	9.935193684650566	104.74814170939815	1.65465194580848e-06	2.159009675821045e-06	435812.70258380676	0.6833010801387639	5.521208678931533	4.539683689453892	29.079988231931196	37.94391692134668	4033736.2062761635	-742430.8684938664	1484871.7369877328
KY16_US-Vir17-VA2	dadi_objects_duos/probs.KY16.US-Vir17-VA2.delim	4428170	8995512.58086925	17417261.365308292	2033359.1312164932	49.341330286125334	126.10001219793043	5.485104916762554e-06	7.239944877275395e-06	151668.97995325524	2.9415176414059867	5.695415476377725	4.98678763685684	33.54821306632801	44.28123381724903	4033736.2062761635	-889447.8194197987	1778905.6388395973
KY16_US-Vir17-VA2	dadi_objects_duos/probs.KY16.US-Vir17-VA2.delim	4428170	2979924.5648070835	5013639.421806804	84302.14945900628	3.22559689363322	1.5569131411502075e-06	1.0824424657347128e-06	3.1053552323256837e-13	1125965.0225256938	0.13125706191305375	0.22083632175448228	0.027849493310239355	49.14930818381253	1.410015461932142e-05	4033736.2062761635	-115856.1683679463	231722.3367358926
KY16_US-Vir17-VA2	dadi_objects_duos/probs.KY16.US-Vir17-VA2.delim	4428170	13171261.684045767	12841408.686413642	1961465.4972531365	46.04997479766532	35.48551412510048	3.496246290015272e-06	2.7633661533290007e-06	168109.00229753947	3.8857845362734613	3.788471332102982	4.340035202816315	23.70176440190793	18.733420957630667	4033736.2062761635	-1003439.844167083	2006889.688334166
KY16_US-Vir17-VA2	dadi_objects_duos/probs.KY16.US-Vir17-VA2.delim	4428170	16793979.59654352	18169150.733086176	1481018.0947223774	117.68853585098775	55.535986598483426	7.0077812810496686e-06	3.0566088318785274e-06	117104.80955012789	7.112482275117479	7.694886241829803	4.704236878728015	33.093519617676336	14.434517900105373	4033736.2062761635	-1298969.3276877466	2597948.655375493
KY16_US-Vir17-VA2	dadi_objects_duos/probs.KY16.US-Vir17-VA2.delim	4428170	57192213.14433446	12916181.765711524	2717641.74167095	176.3914935411329	11.714667458698393	3.0841872318523222e-06	9.069760453354118e-07	341362.0708592286	8.309290568308048	1.8765545416738407	2.9612869289610586	42.45645090662656	12.485293870807716	4033736.2062761635	-964957.4457397924	1929924.8914795849
KY16_US-Vir17-VA2	dadi_objects_duos/probs.KY16.US-Vir17-VA2.delim	4428170	18756258.772794873	18821640.44341183	1290599.9327327637	51.387004844575166	101.96066889834724	2.7397257345963766e-06	5.41720415948317e-06	98293.98952796003	9.463713004817832	9.49670217253991	4.883916445443699	10.859797802070883	21.472858060805684	4033736.2062761635	-1656490.9803899892	3312991.9607799784
KY16_US-Vir17-VA2	dadi_objects_duos/probs.KY16.US-Vir17-VA2.delim	4428170	9003495.7587567	22991268.86119388	2107727.757294403	36.92020946324207	132.2256948306756	4.100652730061418e-06	5.751126465832188e-06	158665.73560840578	2.814299560047825	7.186577255625238	4.941228242676904	26.237583224875078	36.79796101187863	4033736.2062761635	-910439.6705205346	1820889.3410410692
KY16_US-Vir17-VA2	dadi_objects_duos/probs.KY16.US-Vir17-VA2.delim	4428170	2642959.959502213	2215540.8601680663	44159.7223421959	1.490080050325531	2.3962320439664984	5.637921395548418e-07	1.081556240756817e-06	1132493.0646196257	0.11574369445463914	0.09702564106168264	0.014504218469258518	25.74792618028112	49.39378947144763	4033736.2062761635	-87678.42839982436	175366.85679964873
KY16_US-Vir17-VA2	dadi_objects_duos/probs.KY16.US-Vir17-VA2.delim	4428170	24920242.98705954	31208434.723104723	2629920.143128185	0.9349393088032386	119.75505300936996	3.751726294517791e-08	3.8372656005304555e-06	203741.0288544137	6.066191074497998	7.596889334693024	4.801396993648236	0.30824591488180536	31.527391734529992	4033736.2062761635	-1155131.9851451674	2310273.970290335
KY16_US-Vir17-VA2	dadi_objects_duos/probs.KY16.US-Vir17-VA2.delim	4428170	8529647.806675805	14562855.14826272	3271702.4986366234	32.87119298143747	15.575055720363356	3.853757356278009e-06	1.0695056403291483e-06	286260.0953513781	1.4777895654485766	2.5230626010605337	4.251249009550657	44.48697399140122	12.346150835747478	4033736.2062761635	-808092.5090853685	1616195.018170737
KY16_US-Vir17-VA2	dadi_objects_duos/probs.KY16.US-Vir17-VA2.delim	4428170	49828279.83719492	4959772.5945425425	7766349.783221929	28.917609416613058	2.4438212713038445	5.803453282171535e-07	4.927284920266081e-07	618034.1650263567	3.9985793534137883	0.39800780518538953	4.674207765649438	14.463941745672567	12.280268072459174	4033736.2062761635	-734734.6030819234	1469479.206163847
KY16_US-Vir17-VA2	dadi_objects_duos/probs.KY16.US-Vir17-VA2.delim	4428170	15324869.604156358	12105402.56527035	1851598.0551362042	115.20886966213202	55.10867326516871	7.5177716116348206e-06	4.552403190891981e-06	138043.58707111218	5.505830787785045	4.349159233584662	4.989235797189572	41.84976767456368	25.342219176347363	4033736.2062761635	-971959.5565084523	1943929.1130169046
KY16_US-Vir17-VA2	dadi_objects_duos/probs.KY16.US-Vir17-VA2.delim	4428170	18204236.453862358	17534427.08839676	1439969.594796163	182.17201766564446	73.1107529457244	1.0007122140351751e-05	4.169554703849135e-06	108660.1423829809	8.308918634418122	8.003199054674688	4.929315340123494	43.849753663739435	18.270382242465963	4033736.2062761635	-1238202.5388776269	2476415.0777552538
KY16_US-Vir17-VA2	dadi_objects_duos/probs.KY16.US-Vir17-VA2.delim	4428170	7471007.339636269	13929643.350726206	2890959.6272531445	31.098049589910644	52.434364272799726	4.1624975289376e-06	3.7642287711598963e-06	216944.04409152432	1.7079444423034793	3.1844510201352207	4.956759467242634	36.415762503339	32.93149364914598	4033736.2062761635	-785739.9769261727	1571489.9538523455
KY16_US-Vir17-VA2	dadi_objects_duos/probs.KY16.US-Vir17-VA2.delim	4428170	26133051.357316885	13836866.28259082	4714314.877337103	53.129442423524935	4.923532428207308	2.033036314706872e-06	3.5582713077179667e-07	461691.7251049697	2.807245143562708	1.4863735253424217	3.7981319236222952	37.85165862365532	6.624892524337789	4033736.2062761635	-852299.3357016749	1704608.6714033498
KY16_US-Vir17-VA2	dadi_objects_duos/probs.KY16.US-Vir17-VA2.delim	4428170	26556909.217138	14423685.338496048	2392116.1940667336	116.70131133728819	17.925840059126397	4.39438604783034e-06	1.2428058182386498e-06	280808.6254762317	4.690394730833107	2.5474642835024706	3.1686580710846037	49.76182945547515	14.073477045558754	4033736.2062761635	-975331.1850383935	1950672.370076787
KY16_US-Vir17-VA2	dadi_objects_duos/probs.KY16.US-Vir17-VA2.delim	4428170	49372364.3027084	18246125.01545125	3801491.8659980786	171.49499562379089	4.341559389455681	3.4735017867958016e-06	2.3794418737014826e-07	298762.4006114769	8.195968723817943	3.0289144963897767	4.732947366369195	41.84862129242071	2.8667427850013407	4033736.2062761635	-983787.4587163657	1967584.9174327315
KY16_US-Vir17-VA2	dadi_objects_duos/probs.KY16.US-Vir17-VA2.delim	4428170	55591906.88274167	18240451.698605783	2107572.180080895	100.293967825163	3.5004979457745646	1.8041109479606453e-06	1.9190851211443008e-07	462757.8870374979	5.9579938395457965	1.9548978429549821	1.6940732214800032	33.66702636027191	3.5812592032771247	4033736.2062761635	-1057439.5498485577	2114889.0996971154
KY16_US-Vir17-VA2	dadi_objects_duos/probs.KY16.US-Vir17-VA2.delim	4428170	2884516.8835074883	17105093.49858636	8081950.111815828	2.8494230280629322	2.1740138451300046	9.878337146697915e-07	1.270974546447042e-07	613209.0827787796	0.23329574308616846	1.38343634635229	4.9024270063064215	24.427561260819836	3.142918502701237	4033736.2062761635	-245665.39269631027	491340.78539262054
KY16_US-Vir17-VA2	dadi_objects_duos/probs.KY16.US-Vir17-VA2.delim	4428170	7692759.496906572	11676857.90146777	6105239.067466443	10.703684347916083	16.87406025669895	1.391397242071622e-06	1.4450856899250178e-06	456147.65989453136	0.8364096058019521	1.2695881261203403	4.978525926043538	25.59436016436793	26.581944032925694	4033736.2062761635	-619191.5305810017	1238393.0611620033
KY16_US-Vir17-VA2	dadi_objects_duos/probs.KY16.US-Vir17-VA2.delim	4428170	6031325.560195395	790397892.8557266	43240171.1866793	0.7018824864543323	206.88440884444387	1.163728403398595e-07	2.617471664770835e-07	4217136.487688412	0.07093121880670661	9.295450116722453	3.813935087383025	19.790509687053866	44.513048049660384	4033736.2062761635	-1230913.4891397827	2461836.9782795655
KY16_US-Vir17-VA2	dadi_objects_duos/probs.KY16.US-Vir17-VA2.delim	4428170	10069977.171673048	13070713.71209401	1814778.0235211777	74.9358955705027	82.46009261270248	7.4415159332533695e-06	6.30876740391033e-06	155403.00904611248	3.21374467690922	4.171403360656032	4.34377815993777	46.63462913461525	39.53589978396818	4033736.2062761635	-935319.7615050426	1870649.523010085
KY16_US-Vir17-VA2	dadi_objects_duos/probs.KY16.US-Vir17-VA2.delim	4428170	11728762.94145164	81559788.29014917	10569726.023900349	1.534268540874609	55.84384593740335	1.3081247771256568e-07	6.846982699211862e-07	1049059.3927190194	0.5544909215007789	3.8558339351017663	3.747720577535849	5.533971725711847	28.965897845872593	4033736.2062761635	-787338.4392106682	1574686.8784213364
KY16_US-Vir17-VA2	dadi_objects_duos/probs.KY16.US-Vir17-VA2.delim	4428170	3359791.0378894634	2539710.900198286	118446.90647675269	1.1930319400100076	1.071246099416816	3.5509111327335415e-07	4.217984414419686e-07	1266873.0635605878	0.1315289863299252	0.09942451673541623	0.03477716453527381	18.14097368647585	21.548932488504118	4033736.2062761635	-214303.33063481134	428616.6612696227
KY16_US-Vir17-VA2	dadi_objects_duos/probs.KY16.US-Vir17-VA2.delim	4428170	17250608.855519567	41494435.61861803	3007878.6489131697	6.921921723594345	125.2771535820893	4.0125666181223407e-07	3.019131401943422e-06	243567.41644399113	3.5125906945483916	8.449149224252416	4.59351005204535	3.9412059790156033	29.6543830052129	4033736.2062761635	-991065.3964685614	1982140.7929371228
KY16_US-Vir17-VA2	dadi_objects_duos/probs.KY16.US-Vir17-VA2.delim	4428170	15762810.577950828	33561525.224997886	3334019.0973272435	5.597971176689248	72.45844528874393	3.55137882867142e-07	2.1589735509032873e-06	256506.96913694675	3.0477321442780196	6.489105399915359	4.834732651698601	3.673532260503396	22.332337301745493	4033736.2062761635	-924309.5326652513	1848629.0653305026
KY16_US-Vir17-VA2	dadi_objects_duos/probs.KY16.US-Vir17-VA2.delim	4428170	4572872.824838145	2102886.659347701	39374.06789823844	0.0015551328173482747	2.370503591440976	3.400778628483546e-10	1.1272617004362412e-06	1061343.5797586893	0.21368568746354138	0.09826575080327722	0.013799324847862985	0.014555329706989459	48.24679142149125	4033736.2062761635	-122890.60191046263	245791.20382092526
KY16_US-Vir17-VA2	dadi_objects_duos/probs.KY16.US-Vir17-VA2.delim	4428170	13227280.387749081	27027396.47562253	2228480.2977779494	18.234214630582525	98.50609413257679	1.3785308919187042e-06	3.6446756616540832e-06	203993.26049660347	3.215859366053193	6.570988407916749	4.06346505249169	11.340181615566902	29.982123850316434	4033736.2062761635	-1013019.3819135174	2026048.7638270347
KY16_US-Vir17-VA2	dadi_objects_duos/probs.KY16.US-Vir17-VA2.delim	4428170	2502764.1842411184	59807905.86415946	5627233.983303552	7.072740676407167	93.69098343172895	2.8259716680226288e-06	1.5665317499082392e-06	436629.75834235764	0.2842817026073177	6.793406033016579	4.7938582902559075	49.75867677405072	27.582918782237407	4033736.2062761635	-601122.3667915973	1202254.7335831947
KY16_US-Vir17-VA2	dadi_objects_duos/probs.KY16.US-Vir17-VA2.delim	4428170	18652450.184091892	32890229.321477648	456196.0332727732	8.708028226043854	56.57303296826748	4.6685706918390096e-07	1.7200558991336898e-06	712517.6658020645	1.298322430607516	2.289357272339416	0.2381548431809582	13.414276794045929	49.42263372501701	4033736.2062761635	-1107917.7873323513	2215845.5746647026
KY16_US-Vir17-VA2	dadi_objects_duos/probs.KY16.US-Vir17-VA2.delim	4428170	7410964.902740101	26261809.716966797	2315318.1953820274	3.169041000180102	8.443003593719157	4.276151677642399e-07	3.2149359410918436e-07	190257.5472481541	1.9318578673691607	6.845813518063748	4.526602311172751	3.2808221077834885	2.4666180495396124	4033736.2062761635	-705497.2729543323	1411004.5459086646
KY16_US-Vir17-VA2	dadi_objects_duos/probs.KY16.US-Vir17-VA2.delim	4428170	38121525.083812326	5796952.986365032	2819490.090204493	162.53955026269864	23.415519682127755	4.2637210842259394e-06	4.039280590545277e-06	227672.26162626903	8.304288964651672	1.2627924147168332	4.60642495673906	39.14592831597508	37.085303030393035	4033736.2062761635	-831745.2904444861	1663500.5808889722
KY16_US-Vir17-VA2	dadi_objects_duos/probs.KY16.US-Vir17-VA2.delim	4428170	31954125.476189137	16670204.801016588	2996304.9387331624	24.66012644731582	1.5052538104207733	7.717352948899041e-07	9.029605984978537e-08	227244.3645110826	6.97390653132589	3.6382297561852908	4.904519187870246	7.072112692232311	0.8274649548240968	4033736.2062761635	-959363.2811414661	1918736.5622829322
KY16_US-Vir17-VA2	dadi_objects_duos/probs.KY16.US-Vir17-VA2.delim	4428170	7715468.971382292	25633512.704519853	1829087.9272919642	54.86844692226603	209.61754072799556	7.111485656384654e-06	8.177480127061733e-06	138135.5099027223	2.7701245863683983	9.203332168291443	4.925301239115667	39.61442542495747	45.55253182107195	4033736.2062761635	-934534.6566835854	1869079.3133671707
KY16_US-Vir17-VA2	dadi_objects_duos/probs.KY16.US-Vir17-VA2.delim	4428170	7955926.394354447	7949646.692807755	2187781.6554069957	1.0613849573970404	4.218611344761909	1.3340809162716774e-07	5.306665198817694e-07	2313131.2148899976	0.17058184022374015	0.1704471980723685	0.3518092522752254	12.444290154273123	49.50050681350327	4033736.2062761635	-251150.75955815596	502311.5191163119
KY16_US-Vir17-VA2	dadi_objects_duos/probs.KY16.US-Vir17-VA2.delim	4428170	46157249.17293746	42835974.77868544	576530.0831308169	137.29588101125867	120.67678744299376	2.974524770677991e-06	2.8171831752744602e-06	274771.15694137895	8.331267595433257	7.731785905510593	0.7804667054392669	32.959181646383975	31.215760218343625	4033736.2062761635	-2513589.749793021	5027189.499586042
KY16_US-Vir17-VA2	dadi_objects_duos/probs.KY16.US-Vir17-VA2.delim	4428170	49478279.29894708	7934696.19888684	3378212.908812099	103.35533056233422	10.224735229541334	2.088903090947499e-06	1.2886108016304095e-06	294140.9607863113	8.342599386104427	1.3378798247571062	4.272037537888647	24.77772832637381	15.284983061012445	4033736.2062761635	-872448.5644645453	1744907.1289290907
KY16_US-Vir17-VA2	dadi_objects_duos/probs.KY16.US-Vir17-VA2.delim	4428170	11559340.813691	12970051.878873821	2017237.287287157	41.618295779825864	37.26558281762027	3.600403902836115e-06	2.873202294458055e-06	210292.42048084844	2.726162608485385	3.0588656422710976	3.5680991754080797	30.53251163396182	24.365622538394277	4033736.2062761635	-942429.0609907677	1884868.1219815353
KY16_US-Vir17-VA2	dadi_objects_duos/probs.KY16.US-Vir17-VA2.delim	4428170	8463036.168657525	69941127.9461518	7501999.432400491	1.186050191524662	27.946576824787687	1.4014476222105085e-07	3.995728642852882e-07	969789.7322214327	0.43280365857592107	3.576822248748925	2.8774182579924794	5.480777105383958	15.626483443264556	4033736.2062761635	-760030.963397656	1520071.926795312
KY16_US-Vir17-VA2	dadi_objects_duos/probs.KY16.US-Vir17-VA2.delim	4428170	14921412.323765894	47681119.23729398	5090124.770239157	4.946591102314247	124.20518094179273	3.315095779798019e-07	2.6049132849349128e-06	384765.92344783444	1.9233381115396844	6.145994215567012	4.920796165855566	5.143756131733246	40.418255073262834	4033736.2062761635	-877895.4722344106	1755800.9444688212
KY16_US-Vir17-VA2	dadi_objects_duos/probs.KY16.US-Vir17-VA2.delim	4428170	39516443.69001015	15630864.302720388	2727832.945614907	76.64762180230547	6.579616130707346	1.939638657860352e-06	4.209374480694732e-07	227754.45158022092	8.605047793778768	3.403756052495746	4.455069112672595	17.81457201381723	3.86609147614028	4033736.2062761635	-1031570.008531546	2063150.017063092
KY16_US-Vir17-VA2	dadi_objects_duos/probs.KY16.US-Vir17-VA2.delim	4428170	12050786.759787643	12019463.364261683	2155395.426349816	35.88157766951204	31.933455607193004	2.9775298812228206e-06	2.6568120921390713e-06	213565.5618556792	2.798507576573033	2.791233465641463	3.7540433561260342	25.643366464243435	22.8812501714931	4033736.2062761635	-915905.6179060788	1831821.2358121576
KY16_US-Vir17-VA2	dadi_objects_duos/probs.KY16.US-Vir17-VA2.delim	4428170	2159646.7684345166	23585321.966322165	3538454.719175455	2.6509502315950684	5.3688202406367695	1.2274925095814105e-06	2.2763396015127495e-07	266883.2454092409	0.4013319374104571	4.382912565861344	4.931691275758433	13.210761389686477	2.449886991793856	4033736.2062761635	-342612.894714531	685235.789429062
KY16_US-Vir17-VA2	dadi_objects_duos/probs.KY16.US-Vir17-VA2.delim	4428170	11212767.489151876	24070275.497853916	1971632.3381269455	35.94490158851878	148.57733283487357	3.205711847971051e-06	6.1726477891007355e-06	159189.69809546706	3.49333444005782	7.499087309148611	4.606960867731112	20.57913561114626	39.62544419335262	4033736.2062761635	-982813.0623689773	1965636.1247379547
KY16_US-Vir17-VA2	dadi_objects_duos/probs.KY16.US-Vir17-VA2.delim	4428170	4860639.621138419	26268633.46031688	2243456.539278039	25.10119942489287	81.80201531656273	5.164176195192573e-06	3.114056749093485e-06	195489.59238063297	1.2331391601827861	6.664324683428763	4.268719021663331	40.711057170825974	24.54922867727867	4033736.2062761635	-838393.0332061888	1676796.0664123776
KY16_US-Vir17-VA2	dadi_objects_duos/probs.KY16.US-Vir17-VA2.delim	4428170	22120072.60364647	9660118.909920758	3559587.5787201715	97.66932089059557	20.156538314299567	4.415415927454727e-06	2.086572484485588e-06	265979.70577694656	4.124585919402595	1.801259478192023	4.977998151854431	47.35957635463296	22.380493824833362	4033736.2062761635	-837785.2205358659	1675580.4410717317
KY16_US-Vir17-VA2	dadi_objects_duos/probs.KY16.US-Vir17-VA2.delim	4428170	23026162.068628643	12560280.615914756	1733114.6140094807	182.61788124002558	52.95796812285922	7.930886645188181e-06	4.216304535087995e-06	129950.95464254804	8.787885522815643	4.793604242779177	4.960795904323907	41.561279050780065	22.095260868742844	4033736.2062761635	-1043054.0137861307	2086118.0275722614
KY16_US-Vir17-VA2	dadi_objects_duos/probs.KY16.US-Vir17-VA2.delim	4428170	16161075.630132979	12959509.454394756	1619860.5474237984	128.3146455839538	62.54794354300676	7.939734242979838e-06	4.826412894956904e-06	155584.35314453984	5.151653587645433	4.131092812311052	3.8727125166472174	49.81493549631317	30.281548435129753	4033736.2062761635	-1045285.0473461896	2090580.0946923792
KY16_US-Vir17-VA2	dadi_objects_duos/probs.KY16.US-Vir17-VA2.delim	4428170	26650517.284426678	714469.6829571436	3924885.190894029	13.025942263087833	2.7707966451512487	4.887688341681678e-07	3.878116470503131e-06	297374.4797531102	4.444718449542839	0.11915778397796135	4.909381841036845	5.861312661740189	46.506347343010624	4033736.2062761635	-429013.2814581305	858036.562916261
KY16_US-Vir17-VA2	dadi_objects_duos/probs.KY16.US-Vir17-VA2.delim	4428170	21690442.608015154	34140840.74797812	2795907.929006714	2.0382409650145963	93.2941841664832	9.396954233941801e-08	2.7326270274116857e-06	292650.33440776356	3.675883150123774	5.785854327849328	3.5536724114140332	1.1089802813486955	32.24906085776335	4033736.2062761635	-1037861.3732929648	2075732.7465859295
KY16_US-Vir17-VA2	dadi_objects_duos/probs.KY16.US-Vir17-VA2.delim	4428170	8283916.570566013	26292872.631731473	3039948.301279686	12.613239917268968	56.85060086117233	1.5226179319677946e-06	2.162205767983007e-06	246248.31582647315	1.6684175728563693	5.2955012723719115	4.591942895878481	15.120003675908078	21.47128210799517	4033736.2062761635	-815275.8062881263	1630561.6125762525
KY16_US-Vir17-VA2	dadi_objects_duos/probs.KY16.US-Vir17-VA2.delim	4428170	1226544.2077864443	21263553.40469807	4680668.528230807	2.6269464777518894	2.1650387908445388	2.141746266522887e-06	1.0181923734187273e-07	370877.0812668443	0.16401951276056814	2.843466747351136	4.6944145681891625	32.03212146577517	1.5228163247285416	4033736.2062761635	-275265.06018825254	550540.1203765051
KY16_US-Vir17-VA2	dadi_objects_duos/probs.KY16.US-Vir17-VA2.delim	4428170	15791966.547521193	25560619.4403339	932167.9902863782	75.23261110236481	90.75053085993639	4.763979892939541e-06	3.550404209560538e-06	249147.64104889595	3.143559926067075	5.088114815611557	1.3916850301508588	47.86459483626816	35.67157351932861	4033736.2062761635	-1610987.267936411	3221984.535872822
KY16_US-Vir17-VA2	dadi_objects_duos/probs.KY16.US-Vir17-VA2.delim	4428170	63755276.81765273	8395289.904445045	5715624.171436805	49.955527570045966	2.796883444137003	7.835512613791074e-07	3.3314912003886137e-07	434056.3227264488	7.284711501423617	0.9592502452716668	4.898026461801648	13.715169793692828	5.831394795932328	4033736.2062761635	-852296.1621981703	1704602.3243963406
KY16_US-Vir17-VA2	dadi_objects_duos/probs.KY16.US-Vir17-VA2.delim	4428170	41797960.10797456	16134879.545074819	4845430.64141933	56.10566731909977	1.5138851157129751	1.3423063511751492e-06	9.382686195355512e-08	477771.47788946057	4.33887536963123	1.6748958865276138	3.772382412888454	25.861847847391985	1.8077363827689072	4033736.2062761635	-898667.1457471624	1797344.2914943248
KY16_US-Vir17-VA2	dadi_objects_duos/probs.KY16.US-Vir17-VA2.delim	4428170	14455693.92319062	18211985.319814894	1377059.5580709986	62.47826503058592	74.33921211209491	4.3220522904372545e-06	4.081884034422804e-06	112521.61411387267	6.3715529806107325	8.027191912326666	4.552189368922122	19.611628505864577	18.521847471452272	4033736.2062761635	-1423045.7310001322	2846101.4620002643
KY16_US-Vir17-VA2	dadi_objects_duos/probs.KY16.US-Vir17-VA2.delim	4428170	40045592.27037936	55601185.4341284	562681.9760565419	113.20335875977977	43.55747712085823	2.826861892701066e-06	7.833911593928417e-07	334693.9540279285	5.934022134927003	8.239075673213241	0.6253435667810135	38.15400623245985	10.573389260756919	4033736.2062761635	-2515217.7844688646	5030445.568937729
KY16_US-Vir17-VA2	dadi_objects_duos/probs.KY16.US-Vir17-VA2.delim	4428170	4137025.1437230213	17747283.660016675	4229978.828610163	2.762835458429561	1.5949476384670358	6.678314398503293e-07	8.986995807478614e-08	457865.7242745354	0.4481179441608331	1.9223659494147547	3.436399204547131	12.330840549594045	1.6593590194963677	4033736.2062761635	-269839.12482411455	539688.2496482291
KY16_US-Vir17-VA2	dadi_objects_duos/probs.KY16.US-Vir17-VA2.delim	4428170	54918198.901969396	8216461.649064313	2816970.132324482	99.7441011727499	9.49015861192789	1.8162303783996278e-06	1.155017697065333e-06	289852.764487498	9.396825171329004	1.4058846645900873	3.615000362179218	21.22931934012836	13.500621851786013	4033736.2062761635	-919819.5009740564	1839649.0019481129
KY16_US-Vir17-VA2	dadi_objects_duos/probs.KY16.US-Vir17-VA2.delim	4428170	18767240.565584145	3634832.911514097	3645342.337707327	2.2938470788656877	2.720380406531003	1.2222612433882284e-07	7.484196585525641e-07	313319.6817413369	2.9706743903429427	0.575359227994982	4.327670554720176	1.544327501070139	9.456284957872366	4033736.2062761635	-360602.1670922176	721214.3341844352
KY16_US-Vir17-VA2	dadi_objects_duos/probs.KY16.US-Vir17-VA2.delim	4428170	90654812.44527882	12696849.437798433	947716.5311535517	122.64926964745918	2.6425825471618416	1.352926186036653e-06	2.0812899767834465e-07	907979.734169168	4.951730687428978	0.693525002136675	0.38824498135338703	49.537940324109485	7.6207275556622545	4033736.2062761635	-896815.5053143136	1793641.0106286271
