Pair_name	fs_name	L	pop1_size	pop2_size	divergence_time	mig_pop1	mig_pop2	Mij	Mji	theta	nu1	nu2	Ts	m12	m21	fs_sanitycheck	-2LL_model	AIC
KY18_US-Vir18-VA3	dadi_objects_duos/probs.KY18.US-Vir18-VA3.delim	4399488	17575768.766449403	38366293.3129728	4325079.727168098	3.365349555341265	110.25556929206203	1.9147666312983256e-07	2.8737613089868473e-06	374330.6462722394	2.3135511530957378	5.050270250691799	4.269923903189622	2.9092501809074998	43.663235359319216	3959392.543375151	-798653.6232657178	1597317.2465314355
KY18_US-Vir18-VA3	dadi_objects_duos/probs.KY18.US-Vir18-VA3.delim	4399488	3297603.193176884	15852224.583660988	3528590.31795619	2.212110692172524	0.18032946457592053	6.708237961285435e-07	1.1375656686178135e-08	1822484.7421181777	0.0891568372721496	0.4285943834999254	0.7155149936607246	49.62290632674861	0.8414924297576657	3959392.543375151	-187351.53509674504	374713.0701934901
KY18_US-Vir18-VA3	dadi_objects_duos/probs.KY18.US-Vir18-VA3.delim	4399488	2179382.403783042	108992645.19918536	194923.07470843065	1.573340007050595	50.93392838858952	7.219201202687242e-07	4.673152788934259e-07	1004226.7614909486	0.10693547665323792	5.347928131309445	0.07173198755620805	29.425968935501174	19.04809755778012	3959392.543375151	-433623.7806417637	867257.5612835274
KY18_US-Vir18-VA3	dadi_objects_duos/probs.KY18.US-Vir18-VA3.delim	4399488	18299903.374568097	12597307.072433833	1226370.5847096122	169.62871861559756	121.68090180344926	9.269377829138458e-06	9.659278852519087e-06	104942.33672252962	8.592473995666417	5.914896446160444	4.318693635536103	39.4830915289704	41.14388236921253	3959392.543375151	-828465.6957662699	1656941.3915325399
KY18_US-Vir18-VA3	dadi_objects_duos/probs.KY18.US-Vir18-VA3.delim	4399488	27649229.79334547	2524313.7648616834	3927091.6257160734	49.370685137977425	10.18324492096933	1.7856079719754005e-06	4.0340646486659345e-06	293009.38410392887	4.649665049599583	0.4245041751407262	4.953029406829695	21.23623298079465	47.977124925065866	3959392.543375151	-598273.5208646593	1196557.0417293187
KY18_US-Vir18-VA3	dadi_objects_duos/probs.KY18.US-Vir18-VA3.delim	4399488	17003714.827760115	8880400.662522554	4748153.0775156785	0.26024426061830597	3.0728187869250827	1.5305141450233774e-08	3.4602253926369827e-07	357032.4459145165	2.3466930532423196	1.2255895112241981	4.914716018741641	0.2217965918113903	5.01443388472826	3959392.543375151	-373106.82900819276	746223.6580163855
KY18_US-Vir18-VA3	dadi_objects_duos/probs.KY18.US-Vir18-VA3.delim	4399488	15652296.882449204	14938847.74099496	1236243.282381948	140.42790315275056	131.51815169423443	8.97171221625698e-06	8.803768133557203e-06	109056.48394011203	7.072073167693414	6.749720188594863	4.189226623380296	39.71336263721143	38.969956685452914	3959392.543375151	-908760.7564688282	1817531.5129376564
KY18_US-Vir18-VA3	dadi_objects_duos/probs.KY18.US-Vir18-VA3.delim	4399488	5009673.131266469	15026421.1030898	14578806.89668941	2.4519901366732753	1.3426830336544113	4.894511223436649e-07	8.935481206355403e-08	1267561.256081653	0.19474243414655643	0.5841262983533445	4.250445277066234	25.18187828368205	4.597235349407971	3959392.543375151	-193130.63080396765	386271.2616079353
KY18_US-Vir18-VA3	dadi_objects_duos/probs.KY18.US-Vir18-VA3.delim	4399488	7138557.810877743	27379659.72855096	2608441.5912018614	16.47920252688901	66.23901972226288	2.308477841529557e-06	2.419278412477499e-06	194878.36364648634	1.8049576514929162	6.922844590123734	4.946510028186215	18.259932595381102	19.13635900963623	3959392.543375151	-720509.6570412532	1441029.3140825063
KY18_US-Vir18-VA3	dadi_objects_duos/probs.KY18.US-Vir18-VA3.delim	4399488	10968528.765589591	15678156.916987589	2036334.614849275	46.057184164235046	33.22001449865539	4.199030257250671e-06	2.118872433446616e-06	157589.0078009672	3.4295932640143483	4.9021799097930625	4.775343584195566	26.858685924945508	13.553160067541345	3959392.543375151	-855053.0891840477	1710116.1783680953
KY18_US-Vir18-VA3	dadi_objects_duos/probs.KY18.US-Vir18-VA3.delim	4399488	3944409.4970531263	15720628.65130386	17048119.749832742	2.391157184594098	3.202515550466463	6.062142346986373e-07	2.0371421661950193e-07	1898237.86779036	0.10238858074156959	0.40807448039429	3.3190000293931545	46.70749740402041	15.695740382354348	3959392.543375151	-207219.6956014685	414449.391202937
KY18_US-Vir18-VA3	dadi_objects_duos/probs.KY18.US-Vir18-VA3.delim	4399488	82400154.23742254	7620878.553695307	4040580.7834327267	184.5614394764845	9.58864396674787	2.2398191020941657e-06	1.2582071606558286e-06	442035.6530546407	9.185247971103895	0.8495088379527356	3.378064179390032	40.18649034998316	22.57455964756274	3959392.543375151	-752320.4148536593	1504650.8297073187
KY18_US-Vir18-VA3	dadi_objects_duos/probs.KY18.US-Vir18-VA3.delim	4399488	14384180.863501208	19324729.30576776	2096247.3793380922	24.84946379028236	102.16535559299666	1.7275550151997903e-06	5.286767745952532e-06	162559.40703207618	4.3600672593911565	5.857623756419177	4.765536805317371	11.398660759995874	34.88286712885476	3959392.543375151	-892519.959387091	1785049.918774182
KY18_US-Vir18-VA3	dadi_objects_duos/probs.KY18.US-Vir18-VA3.delim	4399488	72423506.86779241	5851650.9173112605	2032829.8674353168	180.25200828750798	13.54214080581655	2.4888605382856456e-06	2.3142427662173234e-06	474485.8515614421	7.521014802324239	0.6076805041693462	1.5832852571317428	47.93289550016687	44.56993671148836	3959392.543375151	-769505.7074484484	1539021.4148968968
KY18_US-Vir18-VA3	dadi_objects_duos/probs.KY18.US-Vir18-VA3.delim	4399488	1428913.8906780584	24025793.74720044	3441836.3443758036	3.4136053191909914	4.872890999775497	2.3889510357906475e-06	2.0281914724849836e-07	260079.81592632303	0.2707195186140312	4.551884728670151	4.890631817220272	25.21876026277824	2.1410432338426677	3959392.543375151	-303495.58433223225	607001.1686644645
KY18_US-Vir18-VA3	dadi_objects_duos/probs.KY18.US-Vir18-VA3.delim	4399488	3540820.187306083	16096600.88287541	9533753.934341228	1.700064435410635	1.3395716931845174	4.801329481529175e-07	8.322078076804645e-08	1579366.0886424754	0.11046920381906283	0.5021940086365525	2.230809737917335	30.77897507426894	5.334877239262292	3959392.543375151	-213829.6628675824	427669.3257351648
KY18_US-Vir18-VA3	dadi_objects_duos/probs.KY18.US-Vir18-VA3.delim	4399488	21708719.206991136	15249714.496447938	2153997.3335134313	88.74962873872506	21.21366493218722	4.088201975091367e-06	1.3910860388322972e-06	187702.20074446683	5.698820747964167	4.003248120916327	4.240891861634037	31.146664428927604	10.598226385893614	3959392.543375151	-901401.4111034044	1802812.8222068087
KY18_US-Vir18-VA3	dadi_objects_duos/probs.KY18.US-Vir18-VA3.delim	4399488	1629015.0842926498	42730574.448209316	6557631.179466969	3.0436742033410766	28.932844568144407	1.8684137628244857e-06	6.770993589897053e-07	486718.89507139375	0.16491762029922494	4.325941926484679	4.9790923604945165	36.91144945965948	13.376436882339584	3959392.543375151	-354929.7670871501	709869.5341743001
KY18_US-Vir18-VA3	dadi_objects_duos/probs.KY18.US-Vir18-VA3.delim	4399488	22870265.81372727	41768556.527399465	931804.1153446971	34.59762883907552	179.60962000225268	1.512777731612949e-06	4.300115563831655e-06	277272.6688388895	4.0642864540788795	7.422711213039073	1.2419352770119607	17.025192111817642	48.39461346326993	3959392.543375151	-1580400.491208157	3160810.982416314
KY18_US-Vir18-VA3	dadi_objects_duos/probs.KY18.US-Vir18-VA3.delim	4399488	1700127.4902050553	2128364.695650257	27251.443623817566	1.8930232381430705	0.9432430753215861	1.11345957820772e-06	4.431773733370478e-07	1104818.8081203538	0.0758246808349949	0.09492380699560782	0.009115486589933636	49.931584737232285	19.87368828064872	3959392.543375151	-74310.80507442972	148631.61014885944
KY18_US-Vir18-VA3	dadi_objects_duos/probs.KY18.US-Vir18-VA3.delim	4399488	7561077.316284413	43463664.63457615	2533020.671757052	19.460568296169743	152.96760517024532	2.573782475978285e-06	3.5194364409060154e-06	234959.9246616269	1.5856599053701523	9.114916759688594	3.9840643236146898	24.545702682224178	33.56423524277393	3959392.543375151	-735011.9430311029	1470033.8860622058
KY18_US-Vir18-VA3	dadi_objects_duos/probs.KY18.US-Vir18-VA3.delim	4399488	34453864.310143426	32053428.998043664	848209.8971033281	168.73123559506212	80.35904897062407	4.897309459287172e-06	2.507034394838963e-06	208899.7155231894	8.126812699158089	7.560609500519015	1.5005376225619838	41.524578414989705	21.25729386370441	3959392.543375151	-1817660.7836060808	3635331.5672121616
KY18_US-Vir18-VA3	dadi_objects_duos/probs.KY18.US-Vir18-VA3.delim	4399488	1394309.8151111177	28465331.02676609	2970704.8627998563	5.02861656864159	16.260824604039794	3.6065274117293946e-06	5.712501494800696e-07	221141.93283852577	0.3106764568646433	6.342570418017258	4.96443476021113	32.37204788151988	5.127518823550741	3959392.543375151	-413290.0298242933	826590.0596485866
KY18_US-Vir18-VA3	dadi_objects_duos/probs.KY18.US-Vir18-VA3.delim	4399488	16770266.121622415	7760781.453685396	1712499.6992550625	56.888798742550456	54.13935121278033	3.392241860086048e-06	6.9760180126024474e-06	150736.47294194164	5.4820345131584896	2.536922877051382	4.198494190971637	20.754629911942608	42.68111711437243	3959392.543375151	-901593.2980958181	1803196.5961916363
KY18_US-Vir18-VA3	dadi_objects_duos/probs.KY18.US-Vir18-VA3.delim	4399488	29621222.66502619	13057738.558930147	2735566.9662185656	141.08463453307016	20.10607883521945	4.762957833595739e-06	1.539782615839629e-06	205490.8429192989	7.102817684029091	3.1310907520135474	4.919673473235639	39.726384882524414	12.842859199970233	3959392.543375151	-806501.3628380399	1613012.7256760797
KY18_US-Vir18-VA3	dadi_objects_duos/probs.KY18.US-Vir18-VA3.delim	4399488	20770888.923327144	4099617.278243826	2758973.18633653	54.596600231091884	20.19598563597573	2.6285153434033403e-06	4.926310010242514e-06	212822.64238798435	4.809029180693527	0.949173585854981	4.790833199564012	22.705871883779388	42.55488339950784	3959392.543375151	-679618.985204857	1359247.970409714
KY18_US-Vir18-VA3	dadi_objects_duos/probs.KY18.US-Vir18-VA3.delim	4399488	20980739.236755095	21764492.843524445	1568809.8162653574	33.30115744653061	213.59984029986975	1.5872251721327337e-06	9.814142779964743e-06	121257.93137000636	8.525714614754916	8.844200036274017	4.7812510174016944	7.811933415856637	48.30280622866993	3959392.543375151	-1220599.7052215647	2441209.4104431295
KY18_US-Vir18-VA3	dadi_objects_duos/probs.KY18.US-Vir18-VA3.delim	4399488	7550293.737527006	2450970.699722659	147705.84081544646	0.25348100085032277	2.497043709365092	3.357233634374428e-08	1.0187978622705065e-06	1136175.5362490972	0.3274451588784752	0.10629500229749213	0.04804338921387722	1.5482348355279683	46.98327589055439	3959392.543375151	-116131.81030292579	232273.62060585158
KY18_US-Vir18-VA3	dadi_objects_duos/probs.KY18.US-Vir18-VA3.delim	4399488	4125623.5686212853	17487178.33462894	7262679.289366747	2.340304251523526	0.4158568811399561	5.672607334618308e-07	2.3780673655992664e-08	1271890.478212305	0.1598306418423648	0.677470178930958	2.1102239727533934	29.28480076844944	1.2276758271372907	3959392.543375151	-207087.91097322892	414185.82194645784
KY18_US-Vir18-VA3	dadi_objects_duos/probs.KY18.US-Vir18-VA3.delim	4399488	3201448.766738054	9008911.776682613	222574.84076108588	3.3512023005194123	1.116896024685741	1.0467768015959668e-06	1.2397679679543048e-07	1135362.5901804334	0.13894154889494256	0.3909830352792235	0.07244741481289227	48.23902320325141	5.713271031762804	3959392.543375151	-141580.71936124927	283171.43872249854
KY18_US-Vir18-VA3	dadi_objects_duos/probs.KY18.US-Vir18-VA3.delim	4399488	7263765.5559824435	4292011.382408265	527878.0668133025	1.359683543375342	2.1971472782861268	1.8718714596391475e-07	5.119155292298639e-07	1315509.3240501126	0.2720746305010425	0.16076336742631234	0.14829314942416683	9.994930735522084	27.333929532089623	3959392.543375151	-158220.24032980096	316450.4806596019
KY18_US-Vir18-VA3	dadi_objects_duos/probs.KY18.US-Vir18-VA3.delim	4399488	14332456.891891342	33836147.12751598	2326660.5753129227	20.25095146156931	189.42445320903906	1.4129434760781585e-06	5.598286722633284e-06	218720.50460088585	3.2288755408657015	7.6227480522882205	3.9311981388985355	12.543655650561112	49.69978068530732	3959392.543375151	-857914.127447441	1715838.254894882
KY18_US-Vir18-VA3	dadi_objects_duos/probs.KY18.US-Vir18-VA3.delim	4399488	11597386.940968541	18398860.427569702	2724383.7248626333	24.49032685916262	107.98301687918294	2.1117107658664825e-06	5.869005708493565e-06	209141.92085924308	2.7323681548275305	4.334809261198062	4.814027718292058	17.926081312207703	49.82134639499151	3959392.543375151	-751906.8727396983	1503823.7454793965
KY18_US-Vir18-VA3	dadi_objects_duos/probs.KY18.US-Vir18-VA3.delim	4399488	13330884.770776259	92577567.56049845	7308976.041732074	3.8591843004260573	166.24084371713923	2.894919854746698e-07	1.7956924997894616e-06	565289.7836280529	1.162005003278865	8.069651680773038	4.778227280515768	6.642285170092176	41.2014917851359	3959392.543375151	-743083.5592825596	1486177.118565119
KY18_US-Vir18-VA3	dadi_objects_duos/probs.KY18.US-Vir18-VA3.delim	4399488	21208987.261951413	8365941.395252091	1505671.8744471536	51.75283798829373	46.94122404820966	2.440137162095311e-06	5.610991259734396e-06	114482.13530468653	9.128562012501433	3.600785547950999	4.8604224541864935	11.338661646252492	26.072768524035666	3959392.543375151	-1165120.3948679317	2330250.7897358635
KY18_US-Vir18-VA3	dadi_objects_duos/probs.KY18.US-Vir18-VA3.delim	4399488	1827144.1049138568	1635384.4166329426	29995.96026480845	1.4108086170666292	1.7469092499853083	7.721386689054521e-07	1.0681948734609944e-06	1134708.1323055213	0.07934303223162117	0.07101594128839449	0.009769222567243057	35.562256127246144	49.19766515214212	3959392.543375151	-71243.08020194064	142496.16040388128
KY18_US-Vir18-VA3	dadi_objects_duos/probs.KY18.US-Vir18-VA3.delim	4399488	122975889.8282184	4196846.625107829	1182277.8508081397	87.80985958837265	2.723416539373889	7.140412621614838e-07	6.489197206018737e-07	899273.3584121253	6.73826996108447	0.22995959276851463	0.48585785436634205	26.063028075604247	23.686044200951212	3959392.543375151	-724398.0105113457	1448806.0210226914
KY18_US-Vir18-VA3	dadi_objects_duos/probs.KY18.US-Vir18-VA3.delim	4399488	14526494.023277322	20837292.452160336	2504604.4613271127	3.155120671153523	12.816311075202638	2.171976711034158e-07	6.150660458707479e-07	197849.69475299175	3.61780858764229	5.189506528956108	4.678268752214639	1.744216475095329	4.939317834437987	3959392.543375151	-738784.7068925776	1477579.4137851552
KY18_US-Vir18-VA3	dadi_objects_duos/probs.KY18.US-Vir18-VA3.delim	4399488	2215701.9012452774	65981245.67435707	4113667.804485542	2.6366159593659493	37.0136330495789	1.1899687218231424e-06	5.609720257822272e-07	327757.62602594495	0.33310310822101946	9.919456225618871	4.638289098972329	15.830629581615973	7.462835100574201	3959392.543375151	-440466.09848722816	880942.1969744563
KY18_US-Vir18-VA3	dadi_objects_duos/probs.KY18.US-Vir18-VA3.delim	4399488	47292037.07100069	20508782.855608154	593664.9139467734	105.01728330497777	61.42130358619706	2.220612386548559e-06	2.9948780490111497e-06	371014.0072132698	6.280842097861873	2.7237656635941123	0.5913334931269708	33.440510577627094	45.100284805814994	3959392.543375151	-1719707.9124804523	3439425.8249609047
KY18_US-Vir18-VA3	dadi_objects_duos/probs.KY18.US-Vir18-VA3.delim	4399488	3979274.844301411	93170319.37486762	1465159.9108861298	2.3219490154796287	44.21645112837916	5.835105908315973e-07	4.7457657572768184e-07	726852.6189201457	0.2697601143197475	6.316134720315872	0.7449378984112178	17.214917196597977	14.001110833230577	3959392.543375151	-574211.7437555568	1148433.4875111135
KY18_US-Vir18-VA3	dadi_objects_duos/probs.KY18.US-Vir18-VA3.delim	4399488	24671861.90539747	12709946.326451592	2219984.675730304	7.615939611217559	76.43946199269135	3.0868929310727934e-07	6.014145145019821e-06	165792.27273786275	7.332596726599097	3.7774575419539147	4.948426150871414	2.0772830949752445	40.471381157153935	3959392.543375151	-1096372.5744848424	2192755.1489696847
KY18_US-Vir18-VA3	dadi_objects_duos/probs.KY18.US-Vir18-VA3.delim	4399488	2692964.1480930904	3233244.8507882403	67667.5374218022	2.7180132589405943	1.7741112060297863	1.0093016874603553e-06	5.487092032628682e-07	1148164.5117896567	0.11557039894708583	0.13875691496442863	0.021779988911449142	47.03649522201689	25.571499719269386	3959392.543375151	-91237.97958732807	182485.95917465613
KY18_US-Vir18-VA3	dadi_objects_duos/probs.KY18.US-Vir18-VA3.delim	4399488	19905741.416145105	19247740.785876952	2328323.422677046	56.22410731779754	8.700452793473566	2.8245171150568357e-06	4.5202462409809323e-07	247334.28241230352	3.9656483522530985	3.8345605891473253	3.47888755684466	28.35556878655345	4.537913844990645	3959392.543375151	-939275.5106243276	1878561.0212486552
KY18_US-Vir18-VA3	dadi_objects_duos/probs.KY18.US-Vir18-VA3.delim	4399488	8242663.247451913	22155143.170569077	2765946.039107737	14.462257870993746	48.54902052523898	1.7545612912749433e-06	2.1913205503330515e-06	236735.49554510255	1.7156327874326924	4.611384560135223	4.317792077544595	16.85938620074446	21.056157816434784	3959392.543375151	-705628.6180031471	1411267.2360062941
KY18_US-Vir18-VA3	dadi_objects_duos/probs.KY18.US-Vir18-VA3.delim	4399488	14699142.939479962	16000417.474378774	1248914.2052154944	147.55656501670902	132.85330375380812	1.0038446841712894e-05	8.303114838506189e-06	116069.59713696362	6.24013084526889	6.79255239779189	3.9764500373308964	47.29277916618773	39.117343812318865	3959392.543375151	-826585.4493950855	1653180.898790171
KY18_US-Vir18-VA3	dadi_objects_duos/probs.KY18.US-Vir18-VA3.delim	4399488	41334642.82007625	28786293.34641815	701508.612276788	134.34389445747402	55.91903643524946	3.250152542559849e-06	1.942557722257333e-06	330022.45197663613	6.17150183752274	4.297960503885165	0.7855447352142194	43.53685634205371	26.02119604621826	3959392.543375151	-1704463.2698275736	3408936.539655147
KY18_US-Vir18-VA3	dadi_objects_duos/probs.KY18.US-Vir18-VA3.delim	4399488	32072846.96536408	16202368.784371426	2509538.036293461	26.09185707562638	2.4432552191015553	8.135185848578813e-07	1.5079617379517273e-07	266584.200656813	5.928205707711789	2.9947754625490157	3.478890644480632	8.80261528093886	1.6316784010391003	3959392.543375151	-904478.5187426035	1808967.037485207
KY18_US-Vir18-VA3	dadi_objects_duos/probs.KY18.US-Vir18-VA3.delim	4399488	4322747.373541397	18474712.171343777	3953719.128115427	2.4890930923067707	3.1905581575213575	5.758127591591338e-07	1.7269866658438387e-07	343854.6024287155	0.6194484549606639	2.647420938921607	4.24925088925015	8.03648171974158	2.410314212307311	3959392.543375151	-247886.33936945026	495782.6787389005
KY18_US-Vir18-VA3	dadi_objects_duos/probs.KY18.US-Vir18-VA3.delim	4399488	31003058.624432214	2481026.0473884623	2418601.987954402	40.928531490062284	9.033991047827133	1.3201449568530061e-06	3.641231843307871e-06	317097.84029553906	4.817607536048976	0.38553001908054024	2.818723804583609	16.991226945658866	46.86530542743475	3959392.543375151	-656035.7951717403	1312081.5903434807
KY18_US-Vir18-VA3	dadi_objects_duos/probs.KY18.US-Vir18-VA3.delim	4399488	2177197.972117788	11893335.162937317	318108.7183783735	2.3044879244402146	0.869222566229806	1.058465033475394e-06	7.308484578308416e-08	1145415.0369438883	0.09366022592836688	0.5116358147802991	0.10263467077277513	49.20953161489768	3.3978175144093767	3959392.543375151	-150215.2360020274	300440.4720040548
KY18_US-Vir18-VA3	dadi_objects_duos/probs.KY18.US-Vir18-VA3.delim	4399488	31077298.88044092	16357137.298203241	2909620.7719338653	67.73020816694822	6.769489090323267	2.179411036574208e-06	4.138553688772219e-07	226581.91975607182	6.7583109932777115	3.5571502287341463	4.7456153947793105	20.04353106399437	3.806130556781275	3959392.543375151	-878668.656166008	1757347.312332016
KY18_US-Vir18-VA3	dadi_objects_duos/probs.KY18.US-Vir18-VA3.delim	4399488	6989675.549146755	12249039.278678523	12441917.195906866	1.7028523522990813	1.1599298351248417	2.4362394796807875e-07	9.469557642319682e-08	1167861.7711104837	0.29490744366004307	0.5168098054862513	3.9371074364053036	11.548385019823765	4.488807382566968	3959392.543375151	-218356.04960101182	436722.09920202364
KY18_US-Vir18-VA3	dadi_objects_duos/probs.KY18.US-Vir18-VA3.delim	4399488	19470406.052301552	21696596.07949742	4948228.56566234	0.35372902100127546	44.00068562370253	1.8167521522205848e-08	2.0279994826138536e-06	440194.1199193821	2.179470183147059	2.42866451290369	4.15419536580119	0.3246009270844956	36.234469923633625	3959392.543375151	-743040.6477759341	1486091.2955518682
KY18_US-Vir18-VA3	dadi_objects_duos/probs.KY18.US-Vir18-VA3.delim	4399488	17032383.581103347	29225869.872401893	2053170.2049125119	21.320650273673245	180.89487570813634	1.2517713784538961e-06	6.189546333365294e-06	174096.45775551593	4.820650593333367	8.271755169804093	4.358292964919805	8.845548898797293	43.73796660918837	3959392.543375151	-967798.891300329	1935607.782600658
KY18_US-Vir18-VA3	dadi_objects_duos/probs.KY18.US-Vir18-VA3.delim	4399488	13503783.35123569	11623444.815923776	8499932.84304063	2.30397936166756	10.971821306627552	1.7061732269695586e-07	9.439388649737022e-07	675481.7724133453	0.9850584199723988	0.8478936522602395	4.650324531175419	4.677853241906438	25.88018267946657	3959392.543375151	-477600.4236486989	955210.8472973978
KY18_US-Vir18-VA3	dadi_objects_duos/probs.KY18.US-Vir18-VA3.delim	4399488	15610714.213332763	12277451.79737371	2159249.89867854	70.05905268738258	31.122038363695783	4.487882599730556e-06	2.5348939566069522e-06	170313.329133081	4.516419720457722	3.5520556367157763	4.6852813088406675	31.024154982780193	17.523395772297732	3959392.543375151	-814176.6585997946	1628363.3171995892
KY18_US-Vir18-VA3	dadi_objects_duos/probs.KY18.US-Vir18-VA3.delim	4399488	2110268.9483420905	1631734.6792946386	18948.19854815281	0.017281053193652862	1.7168476026161188	8.189028799968616e-09	1.0521610065665042e-06	1066683.4963845771	0.0974815425573545	0.07537618070290916	0.00656468290067886	0.3545502613171173	45.554115016333185	3959392.543375151	-89833.24575160381	179676.49150320762
KY18_US-Vir18-VA3	dadi_objects_duos/probs.KY18.US-Vir18-VA3.delim	4399488	15613211.733060846	17196410.53704318	1322180.4719182544	90.52160364423109	60.93128611054785	5.797756745497299e-06	3.5432560754056424e-06	206287.98812622836	3.7293957287184405	4.107561026046818	2.3686353145933583	48.544917315780644	29.667866514542865	3959392.543375151	-1088158.3175399199	2176326.6350798397
KY18_US-Vir18-VA3	dadi_objects_duos/probs.KY18.US-Vir18-VA3.delim	4399488	4834287.486272534	31129603.295270473	3466940.341124428	11.415328920178682	58.54808130262767	2.3613260387582876e-06	1.8807846906138664e-06	256889.88728001952	0.927268753579606	5.970995421558954	4.9874753475648035	24.62140318243491	19.61082773275397	3959392.543375151	-615827.0529021898	1231664.1058043796
KY18_US-Vir18-VA3	dadi_objects_duos/probs.KY18.US-Vir18-VA3.delim	4399488	11822703.853761433	16101911.251207013	2311087.3831151435	63.104740130392074	26.391419624915887	5.337589515135752e-06	1.6390240396423476e-06	175850.15961747497	3.3127922719411247	4.511851757118099	4.856853475180967	38.097613704837556	11.698708665806496	3959392.543375151	-823418.5472609258	1646847.0945218515
KY18_US-Vir18-VA3	dadi_objects_duos/probs.KY18.US-Vir18-VA3.delim	4399488	8941179.411873901	18749217.579621207	2337420.9050996387	34.123161896260186	106.01950802067898	3.816405009270317e-06	5.654609722803212e-06	174877.84588994246	2.5193016695504964	5.282852851423286	4.939506151509095	27.08938140175057	40.1372179019204	3959392.543375151	-736847.3656322036	1473704.7312644073
KY18_US-Vir18-VA3	dadi_objects_duos/probs.KY18.US-Vir18-VA3.delim	4399488	1836130.2586963214	2616594.815665652	34118.2795262129	2.011071471629577	1.0537938435265912	1.0952771254134586e-06	4.0273482054519394e-07	1110140.5813470487	0.08149775943999614	0.11613915397836126	0.011357704001947787	49.352803940831194	18.14709006271789	3959392.543375151	-75526.18582367744	151062.37164735488
KY18_US-Vir18-VA3	dadi_objects_duos/probs.KY18.US-Vir18-VA3.delim	4399488	1322576.2804148823	1399483.5605842846	11965.549079161005	3.068141987290015e-05	0.32864593128807346	2.3198223291344385e-11	2.3483372048390745e-07	1061199.2239450077	0.061410688442795264	0.0649816953415311	0.004166938690161212	0.0009992208408958069	10.115030996368272	3959392.543375151	-95562.23964346698	191134.47928693396
KY18_US-Vir18-VA3	dadi_objects_duos/probs.KY18.US-Vir18-VA3.delim	4399488	8788052.224670433	24759072.498082843	2147630.7485683956	48.7003907259575	12.16224456958919	5.541659230158233e-06	4.912237552731809e-07	160360.01357588675	2.700329151694431	7.607788793949303	4.949313123551597	36.06996628199822	3.1973139368070203	3959392.543375151	-1048787.4558772966	2097584.9117545933
KY18_US-Vir18-VA3	dadi_objects_duos/probs.KY18.US-Vir18-VA3.delim	4399488	96292475.15383916	2457204.785490533	40749.177600932984	5.895906799548673	1.3282786575000247	6.12291540967166e-08	5.405648993292433e-07	939236.393030164	5.0517005422928625	0.1289099976665439	0.01603338931441278	2.3342265639810242	20.60784549753745	3959392.543375151	-374468.31540235167	748946.6308047033
KY18_US-Vir18-VA3	dadi_objects_duos/probs.KY18.US-Vir18-VA3.delim	4399488	4520466.593568538	11893542.173585486	4274284.922510642	2.0263245141106543	1.0421575430307328	4.482556108242439e-07	8.7623815329404e-08	2734940.825399494	0.08144332392818308	0.21428089066623537	0.5775597721401027	49.76035889442509	9.727022692415451	3959392.543375151	-173308.21632796046	346626.4326559209
KY18_US-Vir18-VA3	dadi_objects_duos/probs.KY18.US-Vir18-VA3.delim	4399488	18861322.059291366	20824627.194559798	1506191.3392199886	69.35323771484191	31.404787574210037	3.67700829755343e-06	1.508060013790508e-06	118807.3245936566	7.822563094449847	8.636826179827208	4.685094246261096	17.731589218896406	7.272298161461513	3959392.543375151	-1334939.065389349	2669888.130778698
KY18_US-Vir18-VA3	dadi_objects_duos/probs.KY18.US-Vir18-VA3.delim	4399488	11198284.055214975	11527392.548724292	2297908.7190014604	50.14475285542946	39.76368035582784	4.477896131959373e-06	3.449494774100357e-06	173968.9089849027	3.1717576779698766	3.264973065794153	4.8813790727286746	31.61953588303457	24.357738673201553	3959392.543375151	-746915.0611640316	1493840.1223280632
KY18_US-Vir18-VA3	dadi_objects_duos/probs.KY18.US-Vir18-VA3.delim	4399488	1201397.405722155	1597512.154888354	13574.399466700765	1.37852537473209	0.0004350520143645462	1.1474349521368112e-06	2.723309572533117e-10	1070226.3870688719	0.055313507100899835	0.0735510160936926	0.004687339094706711	49.84407776630256	0.011829938931376753	3959392.543375151	-84411.4712163185	168832.942432637
KY18_US-Vir18-VA3	dadi_objects_duos/probs.KY18.US-Vir18-VA3.delim	4399488	1949573.1058478877	1594167.5908983492	24780.578960393417	0.9324717447501872	1.70660047903897	4.782953467880583e-07	1.0705276463920976e-06	1103710.490076759	0.08703712059263373	0.07117032771825377	0.008297316955004023	21.42698973497765	47.95820206968813	3959392.543375151	-75301.90500817758	150613.81001635516
KY18_US-Vir18-VA3	dadi_objects_duos/probs.KY18.US-Vir18-VA3.delim	4399488	37234187.317364104	6454495.016711909	3069551.3278779695	140.41055986800254	19.945862174784754	3.7710118035132267e-06	3.0902281469179447e-06	232190.15072799785	7.901658315495123	1.3697415707348917	4.885539267039627	35.53951696257428	29.123540675024458	3959392.543375151	-718282.0413478783	1436574.0826957566
KY18_US-Vir18-VA3	dadi_objects_duos/probs.KY18.US-Vir18-VA3.delim	4399488	13072506.128665213	13219587.51117541	2245718.3409991898	27.65124894768714	66.61954417855024	2.115221723786678e-06	5.039457102744866e-06	167820.95772056896	3.83824611532728	3.881430990476723	4.945275517165804	14.408273006395982	34.32731090260499	3959392.543375151	-810955.9599206685	1621921.919841337
KY18_US-Vir18-VA3	dadi_objects_duos/probs.KY18.US-Vir18-VA3.delim	4399488	49874084.107011	7811373.28124878	3434461.9834741615	143.80404688570238	13.594068365718897	2.8833421096446215e-06	1.7402917356864112e-06	318067.6994693296	7.726370426628528	1.21011873385185	3.9904378168773604	37.224217567951264	22.467329833740372	3959392.543375151	-745460.0980414504	1490930.1960829007
KY18_US-Vir18-VA3	dadi_objects_duos/probs.KY18.US-Vir18-VA3.delim	4399488	15473848.725738578	17512379.965168554	1616730.0126442604	110.71991336089	53.42529103681548	7.155292475925718e-06	3.0507156162141475e-06	121092.03398281342	6.296554008453442	7.126064641166295	4.9340475242165125	35.168415362511915	14.994332419659772	3959392.543375151	-1014877.9095891379	2029765.8191782758
KY18_US-Vir18-VA3	dadi_objects_duos/probs.KY18.US-Vir18-VA3.delim	4399488	12470964.176714292	13164688.696347572	1815258.6664497408	47.58847152572537	84.46701676051218	3.815941642634358e-06	6.416180337325167e-06	139789.12902554273	4.395889762065992	4.640420695708169	4.798953277764856	21.65134891979621	36.40489615031414	3959392.543375151	-870359.4294877406	1740728.8589754812
KY18_US-Vir18-VA3	dadi_objects_duos/probs.KY18.US-Vir18-VA3.delim	4399488	1874074.1526914062	18646276.407439146	11386444.781563977	1.9756284591507247	1.375961408169411	1.054189054533127e-06	7.379282480337229e-08	843390.4296876644	0.10949095970653737	1.0893905643337993	4.989314467571345	36.0875174433742	2.5261122194699013	3959392.543375151	-215930.0711978658	431870.1423957316
KY18_US-Vir18-VA3	dadi_objects_duos/probs.KY18.US-Vir18-VA3.delim	4399488	337885699.88192564	667593.7921766124	30462484.38157657	59.717331745955356	0.2572109812651943	1.7673826316657856e-07	3.852806665960563e-07	2534106.520749852	6.5699960053365745	0.012980983064156192	4.442442905158567	18.178803060899607	39.62889096980944	3959392.543375151	-3225987.4761988176	6451984.952397635
KY18_US-Vir18-VA3	dadi_objects_duos/probs.KY18.US-Vir18-VA3.delim	4399488	14798255.578055402	8454732.281025441	3509406.918915767	1.5307939610980612	2.904663825629191	1.0344421699055549e-07	3.4355479618769145e-07	315398.8492383316	2.3119081681201146	1.3208695117252518	4.11201817300286	1.3242688288460853	4.398108669849255	3959392.543375151	-312509.26065178786	625028.5213035757
KY18_US-Vir18-VA3	dadi_objects_duos/probs.KY18.US-Vir18-VA3.delim	4399488	17115483.333548035	19883995.422099512	1229782.0559665153	180.22121697099828	113.30501092223108	1.0529718235753643e-05	5.698302002036341e-06	105904.90935493968	7.963302898670421	9.251405601359089	4.29134529705007	45.26293154090337	24.494658607463037	3959392.543375151	-993623.1220081247	1987256.2440162494
KY18_US-Vir18-VA3	dadi_objects_duos/probs.KY18.US-Vir18-VA3.delim	4399488	53912017.42864317	2211542.9536600723	29300.671093999397	0.2568062183156124	0.4870173942124437	4.763431801740972e-09	2.2021611355385923e-07	956045.6409985685	2.778606953362774	0.11398216801724644	0.0113260987418514	0.18484530027164578	8.545501505792625	3959392.543375151	-336820.35751557804	673650.7150311561
KY18_US-Vir18-VA3	dadi_objects_duos/probs.KY18.US-Vir18-VA3.delim	4399488	1345251.5241272454	33666149.99374798	3304787.8101369063	3.6300643725282686	19.15148130700173	2.698427994633445e-06	5.688646106120921e-07	247804.06264657716	0.26749473027481974	6.6943003226193865	4.928520413278876	27.14120288499739	5.721727554496098	3959392.543375151	-359241.8952637822	718493.7905275644
KY18_US-Vir18-VA3	dadi_objects_duos/probs.KY18.US-Vir18-VA3.delim	4399488	7840094.88162526	19689430.256958894	2265961.764984039	19.413535094296584	36.09063914045592	2.4761862435869065e-06	1.8329956057362452e-06	172153.94793043696	2.2440084713160555	5.6355502017653105	4.864262377083485	17.30255062977639	12.808204291801248	3959392.543375151	-777184.8715761652	1554379.7431523304
KY18_US-Vir18-VA3	dadi_objects_duos/probs.KY18.US-Vir18-VA3.delim	4399488	15111561.591344884	6835801.609351409	4786305.902576126	0.7074958898495398	1.8593842247534327	4.6818185240018914e-08	2.7200675663404074e-07	359028.61370048265	2.0739603225715975	0.9381678541340059	4.926662266486824	0.6822655979958995	3.9638625786635453	3959392.543375151	-316902.02356908796	633814.0471381759
KY18_US-Vir18-VA3	dadi_objects_duos/probs.KY18.US-Vir18-VA3.delim	4399488	16175681.863465494	50416938.67259135	3508346.257505398	5.726511390501936	134.06736104702983	3.5401978345258346e-07	2.6591729798920568e-06	299840.4872750887	2.65822955280303	8.285264106488045	4.324078568488837	4.308515330787356	32.362845486613764	3959392.543375151	-820260.3179706107	1640530.6359412214
KY18_US-Vir18-VA3	dadi_objects_duos/probs.KY18.US-Vir18-VA3.delim	4399488	17008365.928003673	3781661.480453763	8971526.2928056	0.7139932831517204	2.7938873717950865	4.197894648868977e-08	7.387989078969191e-07	1185605.778342041	0.7068747095096084	0.15716741230609138	2.7964523834221247	2.0201409770256187	35.55301103200518	3959392.543375151	-253330.8883061349	506671.7766122698
KY18_US-Vir18-VA3	dadi_objects_duos/probs.KY18.US-Vir18-VA3.delim	4399488	8825376.79472989	24531405.942556582	1822257.0810781613	44.76972239961912	168.31284966262436	5.072839771141958e-06	6.861117135183787e-06	179302.6942370795	2.4253063349321837	6.7414882810220496	3.755815353070646	36.91881867027818	49.93343981222707	3959392.543375151	-826714.126341901	1653438.252683802
KY18_US-Vir18-VA3	dadi_objects_duos/probs.KY18.US-Vir18-VA3.delim	4399488	53577892.41247807	20067486.82584866	3615504.7024457892	121.2764393788987	1.6061560290469368	2.2635537517084925e-06	8.003772684569891e-08	270744.22462178895	9.750942258172204	3.6521948978326995	4.935045161009292	24.874814385708763	0.8795565811671598	3959392.543375151	-905480.3753204687	1810970.7506409374
KY18_US-Vir18-VA3	dadi_objects_duos/probs.KY18.US-Vir18-VA3.delim	4399488	16705721.011721252	13419835.164652517	1748528.616304405	96.05835803756818	47.141745365403025	5.750027668376041e-06	3.5128408648098085e-06	133596.3314976255	6.161562409261846	4.949630837902617	4.836816522688843	31.17987018785255	19.04859045422431	3959392.543375151	-929692.4805132803	1859394.9610265605
KY18_US-Vir18-VA3	dadi_objects_duos/probs.KY18.US-Vir18-VA3.delim	4399488	18214883.566330295	24260782.58989297	2151577.014748087	14.474621076170346	102.9233711781107	7.946589954012267e-07	4.242376386530438e-06	178830.92558119152	5.018846755970888	6.684706468487748	4.446268380516372	5.768106411677141	30.793684558417	3959392.543375151	-994300.4005458745	1988610.801091749
KY18_US-Vir18-VA3	dadi_objects_duos/probs.KY18.US-Vir18-VA3.delim	4399488	650805.6705272058	24683312.680155583	3703403.2625320954	2.8137417346799483	4.76141234484612	4.323474521051096e-06	1.9290005383572802e-07	280784.3740107527	0.11420853306571674	4.331623186563998	4.874268756070489	49.27375668262709	2.1984425421007345	3959392.543375151	-267195.17372326774	534400.3474465355
KY18_US-Vir18-VA3	dadi_objects_duos/probs.KY18.US-Vir18-VA3.delim	4399488	76449101.13677163	49457953.9393774	500672.18879437353	161.93763335952445	41.87833990304165	2.118241168981296e-06	8.467463080735934e-07	413517.5380649219	9.109585368307005	5.893351875341357	0.44744631553815933	35.55323910195052	14.21206158697794	3959392.543375151	-2006789.4897390069	4013588.9794780137
KY18_US-Vir18-VA3	dadi_objects_duos/probs.KY18.US-Vir18-VA3.delim	4399488	37885480.1189766	3615700.463650829	3957705.691701445	58.74207687711438	8.300475369823323	1.5505168917653715e-06	2.2956756106511665e-06	299651.0051360894	6.229844645166989	0.5945616130840627	4.881003942744412	18.85827985219038	27.921329554956486	3959392.543375151	-641914.8350314894	1283839.6700629788
KY18_US-Vir18-VA3	dadi_objects_duos/probs.KY18.US-Vir18-VA3.delim	4399488	1401318.1247764104	19783210.452288143	7448685.653886534	1.5418794878955695	0.6352191923537958	1.1003065332802904e-06	3.210900444524795e-08	1033876.8576115352	0.06678640784149456	0.9428619656878042	2.6625160498586844	46.17345168660489	1.347427758188151	3959392.543375151	-273543.2760758138	547096.5521516276
KY18_US-Vir18-VA3	dadi_objects_duos/probs.KY18.US-Vir18-VA3.delim	4399488	41163431.74577198	41455722.91010728	624894.0453482955	171.0647475263137	142.27403530659518	4.155745531199164e-06	3.431951617756194e-06	290915.9513244656	6.972109503154849	7.021616697237607	0.7938167402631141	49.07115915173382	40.52458043247151	3959392.543375151	-1844141.5595392063	3688293.1190784127
KY18_US-Vir18-VA3	dadi_objects_duos/probs.KY18.US-Vir18-VA3.delim	4399488	1513598.106568735	20383777.467411987	6296255.155368347	1.9451222786380153	0.9460209634237465	1.2850982504513883e-06	4.6410483284375134e-08	467090.20481453114	0.1596724451636472	2.1503248291395276	4.981532422982598	24.363906704684993	0.8798865646752594	3959392.543375151	-230057.67639626056	460125.3527925211
KY18_US-Vir18-VA3	dadi_objects_duos/probs.KY18.US-Vir18-VA3.delim	4399488	14993026.53581531	23966374.31988978	1766882.2380474994	100.62376334708397	25.105496919375234	6.711370990154265e-06	1.0475300345509539e-06	152524.0641496793	4.84363156589258	7.742551972312833	4.2810533282282215	41.54889238712817	6.48507029959937	3959392.543375151	-1136871.3042550026	2273752.6085100053
KY18_US-Vir18-VA3	dadi_objects_duos/probs.KY18.US-Vir18-VA3.delim	4399488	9576151.309942542	11011352.437182337	4814527.108353407	1.6792971534249956	1.2085827301300491	1.7536242892083874e-07	1.0975788278731271e-07	358481.8374829446	1.3162670287147984	1.51353917513532	4.963269770084491	2.55160558882138	1.5970286729076493	3959392.543375151	-264322.20591339987	528654.4118267997
KY18_US-Vir18-VA3	dadi_objects_duos/probs.KY18.US-Vir18-VA3.delim	4399488	17792541.91042202	19332920.81891094	2166750.5969473748	10.819625934418802	70.72154799848846	6.080989433039459e-07	3.6580891558460507e-06	324331.3128297778	2.7031445966285754	2.937167758929149	2.468888329032375	8.005214332901977	48.15628782761293	3959392.543375151	-899630.1677217325	1799270.335443465
KY18_US-Vir18-VA3	dadi_objects_duos/probs.KY18.US-Vir18-VA3.delim	4399488	52282646.393294476	50998289.30246151	731057.3236831645	180.84072588562762	13.388422631747343	3.4589053607818406e-06	2.6252689678163636e-07	332839.60583689745	7.740031412957786	7.549892525310026	0.8117042781980253	46.728680088527156	3.5466525084600633	3959392.543375151	-2136594.6060127933	4273199.2120255865
