Pair_name	fs_name	L	pop1_size	pop2_size	divergence_time	mig_pop1	mig_pop2	Mij	Mji	theta	nu1	nu2	Ts	m12	m21	fs_sanitycheck	-2LL_model	AIC
KY18_US-Vir17-VA1	dadi_objects_duos/probs.KY18.US-Vir17-VA1.delim	322861	17348286.69858915	3132432.193978463	5121860.790209464	0.6037441177689293	1.303971146850472	3.480136847277425e-08	4.162807256792731e-07	70126.06187867808	0.8945626271815149	0.1615235453274597	1.9808116047977524	1.3498084973013837	16.145895562246448	302293.93080346525	-45142.45503909756	90294.91007819511
KY18_US-Vir17-VA1	dadi_objects_duos/probs.KY18.US-Vir17-VA1.delim	322861	18053052.823560126	22070395.732843183	1631711.4313757378	38.7331495073327	142.78708129828897	2.145517984458785e-06	6.469620346943124e-06	9925.24068168919	6.577232834495374	8.040863387654802	4.45858613408006	11.777946891036107	35.51536058118113	302293.93080346525	-166504.61633619017	333019.23267238034
KY18_US-Vir17-VA1	dadi_objects_duos/probs.KY18.US-Vir17-VA1.delim	322861	40699493.959240735	41563442.37243684	360353.9469547409	10.48290756669213	83.4435114443832	2.5756849893982546e-07	2.0076179132775466e-06	41857.08327481049	3.516038788668317	3.5906754938629337	0.23348295062228916	5.962907804360419	46.47789062921568	302293.93080346525	-187779.09928453682	375568.19856907363
KY18_US-Vir17-VA1	dadi_objects_duos/probs.KY18.US-Vir17-VA1.delim	322861	87003008.0893057	5103023.675479576	5862184.43614811	117.14869871659542	5.910767211364397	1.3464902109631218e-06	1.158287240517047e-06	59025.696484475964	5.329994468826333	0.3126223858452918	2.6934766174032525	43.958281533598516	37.81410083850792	302293.93080346525	-93139.16493089282	186288.32986178563
KY18_US-Vir17-VA1	dadi_objects_duos/probs.KY18.US-Vir17-VA1.delim	322861	10791323.179369567	15695634.42797844	1534148.7680114785	80.88683504894003	80.63830254846974	7.495543753483016e-06	5.137626192715534e-06	9870.692844732026	3.953308183689216	5.749960315426892	4.215166070591189	40.92108749966297	28.048298814209446	302293.93080346525	-153598.3827624814	307206.7655249628
KY18_US-Vir17-VA1	dadi_objects_duos/probs.KY18.US-Vir17-VA1.delim	322861	7832669.555799012	19540003.79019388	2088372.7338643512	54.71572217466997	151.32904974690265	6.9855777503291355e-06	7.74457627397426e-06	11607.267157138751	2.440132642908502	6.087350009002655	4.879472624912102	44.84651466278643	49.719187995794655	302293.93080346525	-121192.96403699047	242395.92807398093
KY18_US-Vir17-VA1	dadi_objects_duos/probs.KY18.US-Vir17-VA1.delim	322861	2741556.4179078382	16512638.373598432	4466748.650426868	3.148936978179277	1.7457458704179893	1.1485946295361388e-06	1.0572180113925407e-07	76810.55298767774	0.1290654220909251	0.7773725273724907	1.577122672044685	48.79598155981526	4.491400992310824	302293.93080346525	-34975.35749428208	69960.71498856416
KY18_US-Vir17-VA1	dadi_objects_duos/probs.KY18.US-Vir17-VA1.delim	322861	9899428.063285114	27183948.49826133	2990309.9861936476	17.673782560634727	95.03516453828021	1.7853337028815887e-06	3.496002964556772e-06	19274.74591353393	1.8571845093426784	5.099850994521648	4.207483304573934	19.032877424645424	37.269780878056515	302293.93080346525	-115165.8843142719	230341.7686285438
KY18_US-Vir17-VA1	dadi_objects_duos/probs.KY18.US-Vir17-VA1.delim	322861	230682.41678684013	1604289.32773592	3527.5946967771274	0.028611258702868392	0.3140984066960248	1.2402877991913165e-07	1.957866335365463e-07	75070.99140387427	0.011111583435656743	0.0772759145164647	0.0012743871440182527	5.149807652265961	8.129270514918378	302293.93080346525	-18635.41272623181	37280.82545246362
KY18_US-Vir17-VA1	dadi_objects_duos/probs.KY18.US-Vir17-VA1.delim	322861	15587492.609281214	25183869.57949154	1521226.6409239522	62.13898299204901	234.61896018382532	3.9864643114601884e-06	9.31623948588453e-06	9393.413935535553	6.000485770313071	9.694660638567424	4.39203016066482	20.7113175068181	48.40168602714388	302293.93080346525	-159165.73029285332	318341.46058570663
KY18_US-Vir17-VA1	dadi_objects_duos/probs.KY18.US-Vir17-VA1.delim	322861	13552518.344250329	33043615.52806053	3666905.51353528	6.875242107611489	73.69371940965172	5.073036562631415e-07	2.2301954018037542e-06	21631.25048274026	2.265541321372258	5.523820332485974	4.597406918820075	6.069403407259061	26.682156541643398	302293.93080346525	-114339.42366774821	228688.84733549642
KY18_US-Vir17-VA1	dadi_objects_duos/probs.KY18.US-Vir17-VA1.delim	322861	10184345.67109365	15318829.890716366	1844386.7423162675	59.364923275417304	100.28565124915228	5.829036561859195e-06	6.54656079900255e-06	11423.300912200297	3.2238522116733943	4.8491719761247225	4.378801181581484	36.82856370429149	41.36196931885136	302293.93080346525	-132377.48885179881	264764.97770359763
KY18_US-Vir17-VA1	dadi_objects_duos/probs.KY18.US-Vir17-VA1.delim	322861	2264784.1079047266	2346953.269927752	56243.821078035435	0.10691276921670848	2.1470566611031123	4.720660518746717e-08	9.14827188344149e-07	87734.49704856669	0.09334477826120671	0.09673144199757693	0.01738598414170474	2.2907070156090454	44.39211525776479	302293.93080346525	-8783.248060365699	17576.496120731397
KY18_US-Vir17-VA1	dadi_objects_duos/probs.KY18.US-Vir17-VA1.delim	322861	14029282.771967143	20642205.663603295	1879015.997531106	43.81151639318039	149.60059579964874	3.1228621666050627e-06	7.247316407830738e-06	10715.849741177977	4.734154900801381	6.965673206114663	4.755527684419443	18.50869576986766	42.95366474221764	302293.93080346525	-141075.75674439548	282161.51348879095
KY18_US-Vir17-VA1	dadi_objects_duos/probs.KY18.US-Vir17-VA1.delim	322861	1383908.3954895944	9089331.988452699	577815.3519072585	1.0624152230761787	1.3316074621377612	7.676918693020292e-07	1.4650223622918237e-07	108071.46678095312	0.046305215354169954	0.30412668679703275	0.14500162937673536	45.88749733481174	8.756926109719835	302293.93080346525	-16216.010878408286	32442.02175681657
KY18_US-Vir17-VA1	dadi_objects_duos/probs.KY18.US-Vir17-VA1.delim	322861	3097592.542748213	16598153.272567308	18565579.058483835	0.9995637359484439	1.9172514194877366	3.226905159907254e-07	1.1550992378510475e-07	101516.82408530211	0.11033667130054653	0.5912284965041038	4.959813298684258	18.11843196222094	6.485652944079392	302293.93080346525	-33494.68722273737	66999.37444547474
KY18_US-Vir17-VA1	dadi_objects_duos/probs.KY18.US-Vir17-VA1.delim	322861	26058696.09960521	10607265.18131617	2544897.1916845837	79.32614800369105	17.45251105013952	3.04413343248179e-06	1.6453356027037668e-06	13945.324021804641	6.757058544104727	2.7504795922648975	4.949216872002291	23.47949110871625	12.690522117830481	302293.93080346525	-124656.90622273859	249323.81244547718
KY18_US-Vir17-VA1	dadi_objects_duos/probs.KY18.US-Vir17-VA1.delim	322861	16867879.64898425	14647734.988883397	1427189.3531944363	74.64915575812968	108.13210625768136	4.425521008660084e-06	7.382172488766764e-06	7936.307769861182	7.685561506921596	6.673990479943339	4.877058306594476	19.425817018288342	32.404033713455156	302293.93080346525	-171681.10754419575	343372.2150883915
KY18_US-Vir17-VA1	dadi_objects_duos/probs.KY18.US-Vir17-VA1.delim	322861	1319252.618201628	3847483.4390134327	220782.2550558058	0.8116550891411444	1.3236144951432602	6.152385660962888e-07	3.440208427466708e-07	117715.45247047897	0.04052547358068005	0.11818895510125316	0.0508657603187772	40.05653814385476	22.398277301111804	302293.93080346525	-17633.772106213386	35277.54421242677
KY18_US-Vir17-VA1	dadi_objects_duos/probs.KY18.US-Vir17-VA1.delim	322861	1205302.641443871	16147762.363491518	49587.253708129385	1.413836491496476	13.149130843037982	1.1730136837689128e-06	8.143004923559475e-07	75292.33032255694	0.057886725007226934	0.77552396159833	0.017861345422996652	48.848384195857136	33.91031481719286	302293.93080346525	-27734.482106191543	55478.964212383085
KY18_US-Vir17-VA1	dadi_objects_duos/probs.KY18.US-Vir17-VA1.delim	322861	17869166.45863484	31459308.084310807	3033926.3370828456	6.346014892969077	95.69588845920781	3.5513771208407543e-07	3.0418942528152e-06	17397.91133210416	3.7139905261604618	6.538613452125166	4.729364322482474	3.4173565324247672	29.27100345046546	302293.93080346525	-127121.75960497695	254253.5192099539
KY18_US-Vir17-VA1	dadi_objects_duos/probs.KY18.US-Vir17-VA1.delim	322861	1560157.535536262	6167881.234295786	140917.30844173784	1.562657522904886	1.8264189498875614	1.0016023941888437e-06	2.9611772349505876e-07	89312.45778295028	0.06316696670709736	0.24972244129576046	0.04279047924478109	49.47704803211036	14.627591660650392	302293.93080346525	-7856.31468504757	15722.62937009514
KY18_US-Vir17-VA1	dadi_objects_duos/probs.KY18.US-Vir17-VA1.delim	322861	18210479.128473118	16460326.266918713	1556061.3003469876	61.41716714906659	158.02779671103505	3.3726277444857213e-06	9.600526389846404e-06	8451.750413673533	7.791271156649744	7.042476168129298	4.99315318764659	15.76563462218816	44.87847539369442	302293.93080346525	-161704.01073598696	323418.0214719739
KY18_US-Vir17-VA1	dadi_objects_duos/probs.KY18.US-Vir17-VA1.delim	322861	11422418.637655929	16628315.880304683	1297749.311516509	124.38344391157666	120.89788911315704	1.0889413867350796e-05	7.27060334813304e-06	7447.48963550357	5.546024400671244	8.073688116299351	4.725804500828403	44.854993388244864	29.948615148778295	302293.93080346525	-172542.46471640584	345094.9294328117
KY18_US-Vir17-VA1	dadi_objects_duos/probs.KY18.US-Vir17-VA1.delim	322861	27008615.44364201	5510139.121671811	2004420.3146305222	121.76522335058725	37.63133237205435	4.508384504369383e-06	6.829470461834141e-06	10958.790507492575	8.911961602845052	1.818166073012581	4.960449386250142	27.326245057365362	41.394824081940676	302293.93080346525	-126013.66302161496	252037.32604322993
KY18_US-Vir17-VA1	dadi_objects_duos/probs.KY18.US-Vir17-VA1.delim	322861	18861886.849621292	19880082.76734231	934049.01339943	200.5876869184342	159.9298254838324	1.0634550430592875e-05	8.044726340201892e-06	8442.147979666257	8.079152112237535	8.51527813530784	3.0006238542254016	49.65562824707878	37.563030342061914	302293.93080346525	-232583.86600885916	465177.7320177183
KY18_US-Vir17-VA1	dadi_objects_duos/probs.KY18.US-Vir17-VA1.delim	322861	20490207.884358812	12484836.652601272	2081964.0736084003	9.568109578173697	29.726305611362804	4.669601027072794e-07	2.3809927545322907e-06	11702.795128776394	6.33126326416081	3.857685978774361	4.824790726328509	3.022496199877078	15.411469868165502	302293.93080346525	-146018.49865329894	292046.9973065979
KY18_US-Vir17-VA1	dadi_objects_duos/probs.KY18.US-Vir17-VA1.delim	322861	54688967.25570956	809843.7677307561	2692911.8998431377	26.900665869336144	1.9935712684816185	4.918846930050174e-07	2.4616739029402634e-06	33505.70693160626	5.902208497307797	0.08740093308112724	2.1797074666906093	9.115457673718737	45.618992800251846	302293.93080346525	-68082.95664617473	136175.91329234946
KY18_US-Vir17-VA1	dadi_objects_duos/probs.KY18.US-Vir17-VA1.delim	322861	14349913.902621	9793099.226969888	2068869.5707765624	81.22547461482026	48.53709143528811	5.660345780888936e-06	4.956254430836204e-06	13242.916838884361	3.9183141614086843	2.6740536316463794	4.236861935358011	41.459398745923245	36.30225726280925	302293.93080346525	-124768.02510469887	249546.05020939774
KY18_US-Vir17-VA1	dadi_objects_duos/probs.KY18.US-Vir17-VA1.delim	322861	28072165.94355045	26023540.8013297	904419.855456633	85.27155695558697	178.4454843542964	3.0375838161920678e-06	6.8570793542890435e-06	10970.58127215566	9.252943144142169	8.57769022626093	2.235812093919203	18.431228988923483	41.606884755054146	302293.93080346525	-253005.9587429576	506021.9174859152
KY18_US-Vir17-VA1	dadi_objects_duos/probs.KY18.US-Vir17-VA1.delim	322861	18913750.51024473	10424313.193787439	2084522.3146967203	47.88487815330233	22.50419038722761	2.531749487092221e-06	2.1588175612988485e-06	11973.01978890972	5.712254729789847	3.1483090735372357	4.721692499458158	16.765666245091982	14.296048997466036	302293.93080346525	-135353.11866961577	270716.23733923153
KY18_US-Vir17-VA1	dadi_objects_duos/probs.KY18.US-Vir17-VA1.delim	322861	5494081.709252232	19860593.90916784	2253241.8220405537	30.386107428950243	20.40425273199469	5.530698128820862e-06	1.0273737444767897e-06	12768.18404292611	1.5559641635955763	5.624665599412005	4.786009114781957	39.057592893056054	7.255276734719205	302293.93080346525	-132137.64474542715	264285.2894908543
KY18_US-Vir17-VA1	dadi_objects_duos/probs.KY18.US-Vir17-VA1.delim	322861	14195818.154902354	22541721.435915448	1884241.338560971	33.75932547552645	119.39736621810874	2.3781176334572924e-06	5.296727960974373e-06	10318.783941626496	4.974684226151158	7.899364787144482	4.952253417649401	13.572449603156242	30.2296119840971	302293.93080346525	-147773.1259503193	295556.2519006386
KY18_US-Vir17-VA1	dadi_objects_duos/probs.KY18.US-Vir17-VA1.delim	322861	42709904.66666649	35714018.455080435	559296.8803866905	182.01377356183608	89.91061895906299	4.261629122855222e-06	2.5175161700761487e-06	20225.841246159584	7.635818874622699	6.385071058722437	0.7499471426307573	47.67367496543184	28.16276220958858	302293.93080346525	-274559.4535073895	549128.907014779
KY18_US-Vir17-VA1	dadi_objects_duos/probs.KY18.US-Vir17-VA1.delim	322861	13294448.984588802	16211076.228743838	1702814.8413338286	103.19137232364798	45.383115820433126	7.761989417031841e-06	2.7995128256792957e-06	9578.56089118541	5.018843894671932	6.119912231865155	4.821276225579481	41.12157081960539	14.831296300013046	302293.93080346525	-155406.7059872924	310823.4119745848
KY18_US-Vir17-VA1	dadi_objects_duos/probs.KY18.US-Vir17-VA1.delim	322861	490144.92869268544	979029.6914915487	5803.193580205227	0.08364940209824828	1.1029679915822812	1.7066258814787285e-07	1.126592994234846e-06	77616.76423438058	0.022835082780075323	0.0456114564094127	0.002027712489861149	7.326393593916489	48.36363836672688	302293.93080346525	-13626.75916109995	27263.5183221999
KY18_US-Vir17-VA1	dadi_objects_duos/probs.KY18.US-Vir17-VA1.delim	322861	5350577.411916147	22914183.841636866	2909306.3686163193	18.479183709347968	58.41538350818747	3.4536802828407652e-06	2.549311112798272e-06	15997.52417071043	1.2094320883638185	5.179468884054276	4.93209615094882	30.55844786514231	22.556514892106968	302293.93080346525	-108535.46793271767	217080.93586543534
KY18_US-Vir17-VA1	dadi_objects_duos/probs.KY18.US-Vir17-VA1.delim	322861	30593380.65960729	22369708.270529717	1483432.8473263304	230.49441711684375	27.574762596993086	7.5341270610595695e-06	1.2326831563253155e-06	11816.431199830002	9.362131783137366	6.845538226363682	3.4046808854396353	49.239729253117225	8.056273059960889	302293.93080346525	-190313.6745354097	380637.3490708194
KY18_US-Vir17-VA1	dadi_objects_duos/probs.KY18.US-Vir17-VA1.delim	322861	19238770.541780107	6884353.403793277	2686064.4723981307	12.057021952994981	31.324677790129403	6.267043898055338e-07	4.550126344889487e-06	18035.01883232918	3.8573968810754873	1.3803212263664997	4.039193738095564	6.251377457241756	45.38751877718665	302293.93080346525	-118512.88616101249	237035.77232202498
KY18_US-Vir17-VA1	dadi_objects_duos/probs.KY18.US-Vir17-VA1.delim	322861	20788631.872191522	1475167.4764698427	5493998.028939847	0.4035338398511359	2.176068253319015	1.9411274504838094e-08	1.4751330191514706e-06	38080.49989403584	1.974044225467611	0.1400787630675349	3.9127374788899827	0.4088397155900061	31.06921000251676	302293.93080346525	-41723.5075954953	83457.0151909906
KY18_US-Vir17-VA1	dadi_objects_duos/probs.KY18.US-Vir17-VA1.delim	322861	50388138.932982944	13208804.247432806	4482117.684256566	39.982738053216714	1.765514892680484	7.934950347420931e-07	1.3366197723943257e-07	28452.657212483347	6.403819713166443	1.678704608232677	4.272236396676935	12.487152931870028	2.103425324529489	302293.93080346525	-103367.54873380583	206745.09746761166
KY18_US-Vir17-VA1	dadi_objects_duos/probs.KY18.US-Vir17-VA1.delim	322861	44560573.76260784	16993433.820750076	628267.7157171697	137.5043552591545	56.052240350314264	3.0857851155978304e-06	3.2984646270767754e-06	25581.598521683805	6.298783854566199	2.402077835757103	0.6660577970765084	43.66060447032898	46.66979522139202	302293.93080346525	-217221.08675664602	434452.17351329204
KY18_US-Vir17-VA1	dadi_objects_duos/probs.KY18.US-Vir17-VA1.delim	322861	22749855.12508667	15850826.030638484	6671128.590947124	22.254236362214673	0.6805519150876819	9.782144211404024e-07	4.293479177502957e-08	86827.12127761709	0.9474511847862164	0.660130968746616	2.0837171280562905	46.97706165671456	2.061869378374533	302293.93080346525	-91030.98211639578	182071.96423279156
KY18_US-Vir17-VA1	dadi_objects_duos/probs.KY18.US-Vir17-VA1.delim	322861	1243177.0993014355	20292440.814822502	6898583.606845916	2.2955223596803433	6.0004822758649015	1.8464966584167616e-06	2.9570037092245117e-07	38352.5261711939	0.11721215119595187	1.913259697478674	4.878213559363438	39.16867553847307	6.272522526630795	302293.93080346525	-33300.66089735022	66611.32179470045
KY18_US-Vir17-VA1	dadi_objects_duos/probs.KY18.US-Vir17-VA1.delim	322861	155767.15631328287	709896.9699333691	2819.2817253019107	0.015172894920431982	0.7823100424694144	9.740753621973986e-08	1.1020050452431738e-06	77672.6435944288	0.0072517264805750025	0.033049191993927286	0.0009843855761330045	4.184629677105223	47.34215847777229	302293.93080346525	-15094.78740620854	30199.57481241708
KY18_US-Vir17-VA1	dadi_objects_duos/probs.KY18.US-Vir17-VA1.delim	322861	10528070.575564742	14704410.402575016	1659355.5573643066	81.50944590813995	113.45551788757102	7.74210671586115e-06	7.71574750577574e-06	9149.173138413222	4.161027170209787	5.811649035582952	4.918724065660496	39.1775600465644	39.04417393167328	302293.93080346525	-140638.20073160363	281286.40146320726
KY18_US-Vir17-VA1	dadi_objects_duos/probs.KY18.US-Vir17-VA1.delim	322861	88548737.77425207	61658482.54474643	185722.07100249623	88.35614862638788	112.94773313619972	9.978250492022237e-07	1.831827973616314e-06	47984.95638949472	6.6728425987955555	4.646450748407084	0.104967116085559	26.48231164401694	48.61677837645043	302293.93080346525	-181882.7374556145	363775.474911229
KY18_US-Vir17-VA1	dadi_objects_duos/probs.KY18.US-Vir17-VA1.delim	322861	3233712.777303053	19817162.291594274	3870246.619711548	2.7780280904136148	0.919134830765776	8.590831288147108e-07	4.638074903164313e-08	21340.29458139862	0.5479420658659651	3.357953409428493	4.9185045988004354	10.139860629328513	0.5474375124949742	302293.93080346525	-44635.11934058904	89280.23868117807
KY18_US-Vir17-VA1	dadi_objects_duos/probs.KY18.US-Vir17-VA1.delim	322861	8074370.834667069	14433357.313458536	14417570.723475795	4.784270155190818	1.0727317727491674	5.925254429298315e-07	7.432309402808779e-08	78545.95546601537	0.3717221794266545	0.6644727059063387	4.978094256327408	25.741106772644518	3.228821178699777	302293.93080346525	-51115.527946477734	102241.05589295547
KY18_US-Vir17-VA1	dadi_objects_duos/probs.KY18.US-Vir17-VA1.delim	322861	21015371.469183262	13049251.489809992	1841458.0338776023	31.207838751187218	100.57393620695184	1.4850005766945443e-06	7.707257100952408e-06	10458.483323437726	7.266110079872963	4.511806889730445	4.775160457749916	8.589971362430237	44.58255358219047	302293.93080346525	-157111.15247870274	314232.3049574055
KY18_US-Vir17-VA1	dadi_objects_duos/probs.KY18.US-Vir17-VA1.delim	322861	1574566.3665115335	6022173.053039897	178643.68883345646	1.429271023760134	1.1247105023736488	9.077235829231494e-07	1.867615713576867e-07	93786.95328730156	0.06070887050921662	0.23219048230471323	0.051658299045425723	47.086068700393525	9.687826057380288	302293.93080346525	-8139.956242459718	16289.912484919436
KY18_US-Vir17-VA1	dadi_objects_duos/probs.KY18.US-Vir17-VA1.delim	322861	15711543.652890665	14187423.569053533	1459294.8753826264	78.05692163936565	123.96010942303063	4.96812556193385e-06	8.737323504841282e-06	10319.262011971126	5.505589500647463	4.97151215492747	3.835211065207692	28.355518198436727	49.86817111577155	302293.93080346525	-156945.20166746475	313900.4033349295
KY18_US-Vir17-VA1	dadi_objects_duos/probs.KY18.US-Vir17-VA1.delim	322861	14653094.005217258	19838245.25253456	1633785.1088245949	64.8250788968733	194.54911096682727	4.423985738014935e-06	9.806770129629858e-06	9132.879613935012	5.801699264236427	7.854691496853265	4.851567211578335	22.346928354758507	49.537047010634915	302293.93080346525	-148269.9475344236	296549.8950688472
KY18_US-Vir17-VA1	dadi_objects_duos/probs.KY18.US-Vir17-VA1.delim	322861	5409940.40117889	14281916.937767217	8196244.04845024	6.3125732735812266	10.928436319857601	1.1668471009783476e-06	7.651939419251456e-07	45030.280803463495	0.4344316280298111	1.1468733417670753	4.93634014926476	29.061296951188147	19.05779116466222	302293.93080346525	-65966.87241832358	131943.74483664715
KY18_US-Vir17-VA1	dadi_objects_duos/probs.KY18.US-Vir17-VA1.delim	322861	34839219.49235037	19262174.65409369	891018.5785836554	230.36877350869383	76.13550754326367	6.612340255190728e-06	3.952591486189385e-06	12988.062384490599	9.699685681295874	5.362836550455919	1.8605324349094885	47.500255385165566	28.393745297641434	302293.93080346525	-234792.74058968076	469595.4811793615
KY18_US-Vir17-VA1	dadi_objects_duos/probs.KY18.US-Vir17-VA1.delim	322861	3891764.2168026115	138881427.38752055	14830568.691027386	2.6576919633207385	96.19379945046292	6.829015878829988e-07	6.926325662109849e-07	125853.37805168513	0.11181890983008048	3.990367591918707	3.1958602472255437	47.535644326337206	48.21300155167389	302293.93080346525	-89794.63359777478	179599.26719554956
KY18_US-Vir17-VA1	dadi_objects_duos/probs.KY18.US-Vir17-VA1.delim	322861	7525672.260515642	16751434.279186504	25418972.908961352	3.75750623719108	0.16333384673984028	4.992917718335005e-07	9.750439515664699e-09	176543.71745215982	0.15414400691115215	0.3431099723608896	3.9048160790911415	48.7531927122783	0.9520786913651268	302293.93080346525	-50199.784588234164	100409.56917646833
KY18_US-Vir17-VA1	dadi_objects_duos/probs.KY18.US-Vir17-VA1.delim	322861	17951101.950766236	33373544.525978044	607791.6033952724	38.40689479868277	87.30215654731252	2.1395285316756497e-06	2.615909031758863e-06	31670.934345392052	2.0495751541040126	3.8104394845748666	0.5204615754186718	37.47790825994145	45.822618047457524	302293.93080346525	-193431.5070336482	386873.0140672964
KY18_US-Vir17-VA1	dadi_objects_duos/probs.KY18.US-Vir17-VA1.delim	322861	21175674.119136937	14821885.574760951	1429744.7281764424	172.83448925196973	55.61055365865157	8.16193563801472e-06	3.7519216686807043e-06	10762.568545858516	7.114672680378552	4.979905894714754	3.6027773631788835	48.58536633136401	22.333977723423185	302293.93080346525	-167480.82723791598	334971.65447583195
KY18_US-Vir17-VA1	dadi_objects_duos/probs.KY18.US-Vir17-VA1.delim	322861	13003573.082575673	68724282.76599133	4806724.650058815	3.2660083620613527	94.66818067001488	2.511623798567863e-07	1.3775070013078705e-06	26698.301657360233	1.7612162235790694	9.308081785881331	4.88270471445691	3.708810216867419	20.341071951819185	302293.93080346525	-110965.27949255749	221940.55898511497
KY18_US-Vir17-VA1	dadi_objects_duos/probs.KY18.US-Vir17-VA1.delim	322861	26335768.156650566	19963413.220350392	2006151.148275103	194.7362008977831	20.424386141115708	7.394361908847774e-06	1.0230908870981746e-06	12201.397998032708	7.8049478735950935	5.916417498706088	4.459117424297765	49.90070505316117	6.904308610939811	302293.93080346525	-155925.87331376306	311861.7466275261
KY18_US-Vir17-VA1	dadi_objects_duos/probs.KY18.US-Vir17-VA1.delim	322861	14153471.321332062	50400333.69986112	3219142.67913027	3.7277800759468303	66.92039527562984	2.633827413299191e-07	1.3277768292993316e-06	20030.93642462136	2.5550260179044653	9.098415575274768	4.358467634479642	2.917997742351143	14.710340437182962	302293.93080346525	-119367.09115459298	238744.18230918597
KY18_US-Vir17-VA1	dadi_objects_duos/probs.KY18.US-Vir17-VA1.delim	322861	13846489.167433182	58741675.879991196	7657358.465092353	3.434651136761287	110.78879408713894	2.4805213041581366e-07	1.886033934637473e-06	46384.316798142536	1.0794489701263736	4.579402097196616	4.477160525565008	6.363711915643745	48.385702646623145	302293.93080346525	-108393.09997962874	216796.19995925747
KY18_US-Vir17-VA1	dadi_objects_duos/probs.KY18.US-Vir17-VA1.delim	322861	33646435.37728452	14931115.046983944	4189605.547092049	35.64510857873371	2.111953716207235	1.0594022272801755e-06	1.414464833712366e-07	23125.271563374317	5.261212328549024	2.334742616366742	4.913388968288578	13.550150175582889	1.809153352838349	302293.93080346525	-105306.24920996529	210622.49841993058
KY18_US-Vir17-VA1	dadi_objects_duos/probs.KY18.US-Vir17-VA1.delim	322861	20429030.952077385	38941140.08958865	3628351.366243532	0.543542612533218	103.77386148487321	2.6606382544931546e-08	2.66489017132342e-06	23295.22995426173	3.171132399289085	6.044707225370983	4.224129141951749	0.3428066344092547	34.33544673571986	302293.93080346525	-123705.85907674901	247421.71815349802
KY18_US-Vir17-VA1	dadi_objects_duos/probs.KY18.US-Vir17-VA1.delim	322861	11675156.168195335	22164069.161051966	2553696.717901087	16.65270767657871	64.526564038574	1.426337038809201e-06	2.9113139635913043e-06	13983.403976223144	3.019141057694284	5.731525150130062	4.952805414341334	11.031420763954882	22.516367754963	302293.93080346525	-124904.21959236226	249818.43918472453
KY18_US-Vir17-VA1	dadi_objects_duos/probs.KY18.US-Vir17-VA1.delim	322861	14175668.733487872	37405043.79693852	4784779.272870956	1.1363446911204709	28.91670969188287	8.016162852592826e-08	7.730697990587463e-07	26213.66922978797	1.9554618653283453	5.159836766152548	4.950270659288259	1.1622263888328654	11.208381583530102	302293.93080346525	-100660.66853666131	201331.33707332262
KY18_US-Vir17-VA1	dadi_objects_duos/probs.KY18.US-Vir17-VA1.delim	322861	23804770.997550283	28132222.425674528	1927787.276234054	13.394904607037908	182.53544168765066	5.626983182663828e-07	6.4884828125438796e-06	13907.190626953949	6.189537671714691	7.314729073037012	3.759365519812798	4.328240756414076	49.90900957917872	302293.93080346525	-162732.7213119294	325475.4426238588
KY18_US-Vir17-VA1	dadi_objects_duos/probs.KY18.US-Vir17-VA1.delim	322861	7620348.969769106	17886874.759473123	2151899.3566980716	39.52393768776178	23.700956372773636	5.186630933118453e-06	1.3250473708505898e-06	14528.902742876966	1.8965995960892592	4.451796050114983	4.016834986361587	41.67873679743384	10.64781769243965	302293.93080346525	-133554.96259101815	267119.9251820363
KY18_US-Vir17-VA1	dadi_objects_duos/probs.KY18.US-Vir17-VA1.delim	322861	3340765.7253873968	16333253.719970617	5093966.538504264	2.6149143576202096	1.362682181654844	7.827290425511602e-07	8.3429927987263e-08	65687.9489187382	0.18390516651729572	0.8991261261793859	2.1031257382202195	28.437638889000812	3.03112576084342	302293.93080346525	-32607.192379247463	65224.384758494925
KY18_US-Vir17-VA1	dadi_objects_duos/probs.KY18.US-Vir17-VA1.delim	322861	17001570.107415847	8589481.961596735	2102917.244547753	37.361523311201275	36.379913024354195	2.197533702778704e-06	4.23540245931099e-06	11650.426122158446	5.2769238937377505	2.665991570873129	4.895253921851096	14.160341920238446	27.29184399667066	302293.93080346525	-131645.97830447878	263301.95660895755
KY18_US-Vir17-VA1	dadi_objects_duos/probs.KY18.US-Vir17-VA1.delim	322861	13569683.361046381	19646174.599703886	1526040.7400035094	28.102041358518715	24.860402076941906	2.070943043460354e-06	1.265406756454084e-06	8575.815107801973	5.721737307422133	8.283925804631794	4.825980588026776	9.82290512431085	6.002082264677383	302293.93080346525	-191802.08964403634	383614.1792880727
KY18_US-Vir17-VA1	dadi_objects_duos/probs.KY18.US-Vir17-VA1.delim	322861	9133446.961959349	31009930.041498326	2625443.3072814895	29.317137861658143	168.45577621523444	3.2098656710619245e-06	5.432317196130477e-06	14520.135245938824	2.2745613742538078	7.722603457870586	4.903733220864936	25.778278127382617	43.626680337587615	302293.93080346525	-118453.57459391428	236917.14918782856
KY18_US-Vir17-VA1	dadi_objects_duos/probs.KY18.US-Vir17-VA1.delim	322861	5633968.853360801	16961144.32414205	5036058.245724481	9.414111315858875	2.481413796123345	1.6709555130470993e-06	1.4629990457609427e-07	29027.146424434413	0.7018490368745944	2.1129266273967713	4.7052342824499505	26.826598944356682	2.348793151592365	302293.93080346525	-74303.07724190137	148616.15448380273
KY18_US-Vir17-VA1	dadi_objects_duos/probs.KY18.US-Vir17-VA1.delim	322861	15065133.446475118	24028389.57260661	2865569.3667660095	14.633493491818518	104.69895081406123	9.713484147890112e-07	4.357302036313849e-06	18791.16711480312	2.899030859733253	4.623858336746284	4.1357285213109005	10.095438234255282	45.28640074545872	302293.93080346525	-123090.11933807947	246190.23867615894
KY18_US-Vir17-VA1	dadi_objects_duos/probs.KY18.US-Vir17-VA1.delim	322861	1304436.521064179	15117307.909381233	1600690.2739120997	1.0168669418027954	0.08774940315023783	7.795449800602178e-07	5.804565447514887e-09	102205.66031366888	0.046151052665279316	0.5348513800532964	0.42474395790168656	44.06690131979641	0.32812630357799155	302293.93080346525	-28291.84036662979	56593.68073325958
KY18_US-Vir17-VA1	dadi_objects_duos/probs.KY18.US-Vir17-VA1.delim	322861	16318532.840867328	19875821.050910037	1318211.633722015	56.58986369660765	93.51806546979972	3.467827913725601e-06	4.705117098320721e-06	7734.951642752047	7.628815594275665	9.291826358462993	4.621919628042354	14.835819006837772	20.12910311967324	302293.93080346525	-199835.10975407236	399680.2195081447
KY18_US-Vir17-VA1	dadi_objects_duos/probs.KY18.US-Vir17-VA1.delim	322861	29081180.335170038	25397093.60965652	1294898.9308632785	238.39962693872278	31.12468841399324	8.197728709463981e-06	1.2255216637134797e-06	10836.101753084233	9.704486612912659	8.475094617935158	3.240840442123605	49.131836942618165	7.344977210785725	302293.93080346525	-217272.52436150116	434555.0487230023
KY18_US-Vir17-VA1	dadi_objects_duos/probs.KY18.US-Vir17-VA1.delim	322861	18158873.28158637	4423588.345524029	9647946.015941594	0.13608111654934982	2.7085256813411567	7.493918506900979e-09	6.122915311687526e-07	65618.17662069948	1.0006872124640596	0.24377218905204165	3.9875446450844336	0.2719753282632005	22.221777569244598	302293.93080346525	-37713.14303705992	75436.28607411984
KY18_US-Vir17-VA1	dadi_objects_duos/probs.KY18.US-Vir17-VA1.delim	322861	11484509.723528218	229517189.79385662	15192170.3482609	0.4633539606537864	103.34100280686559	4.03459940222365e-08	4.5025386943645676e-07	174579.63364351346	0.237877021645595	4.753957011571615	2.3600494107378314	3.8957437540488633	43.475783460104104	302293.93080346525	-121501.71500988107	243013.43001976213
KY18_US-Vir17-VA1	dadi_objects_duos/probs.KY18.US-Vir17-VA1.delim	322861	14173464.660183448	43569428.07473492	4701282.627595334	6.946490383151385	131.033010600891	4.901053164979265e-07	3.0074530787076027e-06	26130.03539685824	1.9614156554513877	6.029419085152762	4.879453845526432	7.083139531230838	43.4645556231297	302293.93080346525	-113188.5872540687	226387.1745081374
KY18_US-Vir17-VA1	dadi_objects_duos/probs.KY18.US-Vir17-VA1.delim	322861	17102817.680108737	4991696.991455906	11221531.16919359	0.3415683682686311	2.5288500734608026	1.997146754747253e-08	5.066112942731374e-07	69071.37149320234	0.8953713562656476	0.2613266766273925	4.406044635989347	0.7629646981186009	19.353937424968773	302293.93080346525	-37039.89623873012	74089.79247746024
KY18_US-Vir17-VA1	dadi_objects_duos/probs.KY18.US-Vir17-VA1.delim	322861	10585102.155843548	14981481.87455989	1602624.7679233514	84.37800091844775	69.61763732802763	7.97139221484665e-06	4.646912629267042e-06	11317.76774449005	3.381955482394292	4.786605175282864	3.8403068312195185	49.89894240636866	29.08852298389686	302293.93080346525	-146904.58666055684	293819.1733211137
KY18_US-Vir17-VA1	dadi_objects_duos/probs.KY18.US-Vir17-VA1.delim	322861	22050494.743159678	23744571.048873115	2326648.6186777228	79.44496511487424	3.788445081259106	3.6028654250272093e-06	1.5954994821601126e-07	13660.634452855564	5.836884212648754	6.285315295897283	4.619072520788313	27.221703299412354	1.2054908633563695	302293.93080346525	-150312.55556613771	300635.11113227543
KY18_US-Vir17-VA1	dadi_objects_duos/probs.KY18.US-Vir17-VA1.delim	322861	30061167.172193993	43661768.592734456	657155.8652355522	71.17087057938404	165.7999692783368	2.3675351715955908e-06	3.7973718111347136e-06	18130.638837963226	5.995512905450761	8.708068305301225	0.9829923397545705	23.74137849480059	38.079620752952174	302293.93080346525	-269187.5849111704	538385.1698223408
KY18_US-Vir17-VA1	dadi_objects_duos/probs.KY18.US-Vir17-VA1.delim	322861	15992264.047906902	4392849.785692538	14694636.951189026	0.8338956927873282	2.088689135027008	5.21436921182195e-08	4.7547474576295425e-07	176924.32339929874	0.32685566660342774	0.08978264995438112	2.252507103576881	5.10253165535043	46.52767847882142	302293.93080346525	-35043.55478320598	70097.10956641196
KY18_US-Vir17-VA1	dadi_objects_duos/probs.KY18.US-Vir17-VA1.delim	322861	3213069.199950152	12926472.725730399	2265305.12542267	2.668484823082433	1.788626529923535	8.305096021971243e-07	1.3836926498620453e-07	106598.39577187799	0.10899410772065597	0.4384933137257792	0.5763295539644575	48.96567124383581	8.158056115957514	302293.93080346525	-24307.412620666983	48624.825241333965
KY18_US-Vir17-VA1	dadi_objects_duos/probs.KY18.US-Vir17-VA1.delim	322861	34963482.44741203	12415651.256837968	10397792.838954983	17.257858137391434	0.8596485199359366	4.935966594102484e-07	6.923910008043129e-08	66767.9754850741	1.8935644226706676	0.6724111518237771	4.22345435111782	18.2279070421603	2.556913333767046	302293.93080346525	-89563.85175931465	179137.7035186293
KY18_US-Vir17-VA1	dadi_objects_duos/probs.KY18.US-Vir17-VA1.delim	322861	24083714.789598808	45412742.6320132	465548.784838362	51.38956778695549	106.01861027377157	2.1337890867711754e-06	2.3345564290810957e-06	31816.310839791422	2.73720462231438	5.161328728988429	0.39683523696092277	37.54894125781815	41.081905780703956	302293.93080346525	-217493.66690377487	434997.33380754973
KY18_US-Vir17-VA1	dadi_objects_duos/probs.KY18.US-Vir17-VA1.delim	322861	11146399.9968947	21069864.842831984	4770732.346508821	1.133046167496033	8.991939283926026	1.0165131054077467e-07	4.267677724086163e-07	25958.37565864963	1.5527113269054154	2.935065833537794	4.984279532232491	1.4594421356534015	6.127248786844112	302293.93080346525	-71928.34252122126	143866.68504244252
KY18_US-Vir17-VA1	dadi_objects_duos/probs.KY18.US-Vir17-VA1.delim	322861	102503616.18860656	8644183.651051354	7080450.878710411	152.29329191708288	5.4267586289426974	1.4857357972314204e-06	6.277930742809548e-07	43965.67576863677	8.430610875737564	0.7109578316372281	4.367591511751247	36.12864931421931	15.266049229518142	302293.93080346525	-102824.69100373016	205659.3820074603
KY18_US-Vir17-VA1	dadi_objects_duos/probs.KY18.US-Vir17-VA1.delim	322861	8333928.4671344105	10151127.003049234	11606065.163379265	1.552871927240219	1.7581013660059017	1.863313242205171e-07	1.7319272682509013e-07	63768.66446254823	0.4725807826909531	0.5756261963628042	4.935970268638884	6.571879281243344	6.108482821368367	302293.93080346525	-29428.461402037497	58866.922804074995
KY18_US-Vir17-VA1	dadi_objects_duos/probs.KY18.US-Vir17-VA1.delim	322861	16841620.697838474	15071909.370350288	1235838.4882818162	121.26532837994957	128.9271769543658	7.200336033901612e-06	8.554136956794174e-06	7119.533175555614	8.553935560058033	7.655091147941475	4.707659577053729	28.35310776625183	33.6840344452425	302293.93080346525	-189603.86096546042	379217.72193092084
KY18_US-Vir17-VA1	dadi_objects_duos/probs.KY18.US-Vir17-VA1.delim	322861	1032510.4305153502	30523850.715167385	1971416.301202359	0.9062472605191996	6.064367856479162	8.777124508726466e-07	1.9867636993342262e-07	52264.50815056363	0.07143666808148925	2.111864565881423	1.0229780791238665	25.372047293287107	5.743140876032545	302293.93080346525	-58554.14015891479	117118.28031782959
KY18_US-Vir17-VA1	dadi_objects_duos/probs.KY18.US-Vir17-VA1.delim	322861	1061860.8588625793	2761550.4010112267	95600.38614647213	0.899050769403769	1.472297898412657	8.466747426464089e-07	5.331417807451676e-07	103482.08544373426	0.03710530882298412	0.09649868869779869	0.025054706870895938	48.45941445698846	30.514360729261238	302293.93080346525	-10613.363418119618	21236.726836239235
KY18_US-Vir17-VA1	dadi_objects_duos/probs.KY18.US-Vir17-VA1.delim	322861	29178742.7921179	15839785.344865285	897311.2097104862	181.75605269867958	133.0329709137826	6.22905702255882e-06	8.398659957655761e-06	10681.852983520212	9.87764900160754	5.362117244463701	2.278197383633352	36.80148032575355	49.61956811039035	302293.93080346525	-230630.2095667023	461270.4191334046
KY18_US-Vir17-VA1	dadi_objects_duos/probs.KY18.US-Vir17-VA1.delim	322861	16581862.575683037	15124625.626218874	4147178.4560134597	20.983743180710885	2.7532132259753332	1.2654635801579441e-06	1.8203513224172486e-07	27270.20961537861	2.1987631285503286	2.0055327927289635	4.124384057753505	19.08686107042892	2.745617758988611	302293.93080346525	-96215.83387414535	192441.6677482907
KY18_US-Vir17-VA1	dadi_objects_duos/probs.KY18.US-Vir17-VA1.delim	322861	10192082.576984737	25397763.494446285	3061518.8906917423	12.573012464351619	62.86705699825804	1.2336058277965076e-06	2.4752989377196596e-06	20078.920448438574	1.83550759070865	4.573921701375263	4.135151603863661	13.699766242314965	27.48934551256332	302293.93080346525	-113488.54419210313	226987.08838420626
KY18_US-Vir17-VA1	dadi_objects_duos/probs.KY18.US-Vir17-VA1.delim	322861	20484979.198454827	9466322.818148015	2063620.4492606935	111.95882631134789	37.50683741839061	5.465410788398208e-06	3.962133780868507e-06	14402.46194020678	5.143188021620317	2.3767208965856503	3.8858670573837624	43.536742518729156	31.561835865769666	302293.93080346525	-127229.78388655387	254469.56777310773
KY18_US-Vir17-VA1	dadi_objects_duos/probs.KY18.US-Vir17-VA1.delim	322861	17409573.446856573	12151276.60842187	2040485.5906396632	1.256245121997899	1.4556481286624914	7.215829416111992e-08	1.197938435253464e-07	11561.53996284286	5.445102458645708	3.800492087768444	4.786440884726265	0.4614220325655173	0.7660313954329069	302293.93080346525	-97668.7474678557	195347.4949357114
