Pair_name	fs_name	L	pop1_size	pop2_size	divergence_time	mig_pop1	mig_pop2	Mij	Mji	theta	nu1	nu2	Ts	m12	m21	fs_sanitycheck	-2LL_model	AIC
KY1_US-Vir18-VA3	dadi_objects_duos/probs.KY1.US-Vir18-VA3.delim	4384678	17304313.285574723	34963401.197068	1031291.7083517294	41.81593593958449	168.79164690554654	2.4165036340646484e-06	4.827666677911795e-06	246135.57549036696	3.4525160619821524	6.975815926485298	1.5432067214481577	24.223456278768012	48.393377544464734	4019645.988254601	-1404410.318757507	2808830.637515014
KY1_US-Vir18-VA3	dadi_objects_duos/probs.KY1.US-Vir18-VA3.delim	4384678	3620697.3675865177	25975523.803186107	2950292.2284752014	10.673286533692574	38.80353374717083	2.9478538110483305e-06	1.4938499042860983e-06	404415.9795473987	0.43966272458599315	3.1542182094798417	2.686913575514304	48.5521557177404	24.60421643027029	4019645.988254601	-544915.028300685	1089840.05660137
KY1_US-Vir18-VA3	dadi_objects_duos/probs.KY1.US-Vir18-VA3.delim	4384678	4526484.491597644	2627002.5989124207	65570.2242114254	1.0477767617107607	2.8832247091730787	2.3147693616441464e-07	1.0975340147614373e-06	1100058.2783884804	0.20206964158600046	0.11727367554072035	0.021953711098354457	10.370452023242974	49.17087651391895	4019645.988254601	-104897.38751751528	209804.77503503056
KY1_US-Vir18-VA3	dadi_objects_duos/probs.KY1.US-Vir18-VA3.delim	4384678	24430375.818856277	20064523.1803071	1369160.0792090097	200.1653683679857	61.51654819995783	8.193298779034361e-06	3.0659362122462496e-06	146201.30661458234	8.20605875069965	6.739587521829753	3.449212438637387	48.78477584648527	18.25528580219595	4019645.988254601	-1156952.1700864872	2313914.3401729744
KY1_US-Vir18-VA3	dadi_objects_duos/probs.KY1.US-Vir18-VA3.delim	4384678	17739537.32841803	9163747.990868479	2300554.405731465	20.4300196859963	62.87522141022505	1.1516658697331537e-06	6.861299707595533e-06	171909.8039186771	5.0675421735572	2.6177503139940845	4.928886676214208	8.063088174224424	48.037600128708945	4019645.988254601	-875757.227025548	1751524.454051096
KY1_US-Vir18-VA3	dadi_objects_duos/probs.KY1.US-Vir18-VA3.delim	4384678	24007133.625995297	12614409.90851713	2138592.1551065412	87.3645037323945	23.014369058555424	3.6391059879716275e-06	1.8244507056185277e-06	161981.1531542074	7.27832679515993	3.824354838549984	4.862733318350346	24.00675490155009	12.035687079330428	4019645.988254601	-880793.3006330717	1761596.6012661434
KY1_US-Vir18-VA3	dadi_objects_duos/probs.KY1.US-Vir18-VA3.delim	4384678	18856373.57170612	49354763.10563846	4190130.447412931	2.8422912846411776	186.0419160779262	1.5073371737320794e-07	3.769482505259399e-06	322135.4475831409	2.87458651997305	7.5239566176612795	4.790777447084477	1.977530517792747	49.453213390737176	4019645.988254601	-818867.261661893	1637744.523323786
KY1_US-Vir18-VA3	dadi_objects_duos/probs.KY1.US-Vir18-VA3.delim	4384678	14855006.858020855	19832599.953792583	1249990.9218981215	136.65800801648504	111.2806088485412	9.19945775337677e-06	5.6109944791812855e-06	127847.4110573744	5.706064109401522	7.618043389279954	3.601072713091531	47.899219285434334	29.215010511789504	4019645.988254601	-1188680.794252025	2377371.58850405
KY1_US-Vir18-VA3	dadi_objects_duos/probs.KY1.US-Vir18-VA3.delim	4384678	4104894.4197484115	18706978.278461	4295299.055683143	5.01667624642125	2.2901942325335236	1.2221206524305005e-06	1.2242459463217674e-07	332871.41921396216	0.6055935091317483	2.759833375105158	4.752628506095557	16.567800581660002	1.6596612340382761	4019645.988254601	-339758.56286701874	679527.1257340375
KY1_US-Vir18-VA3	dadi_objects_duos/probs.KY1.US-Vir18-VA3.delim	4384678	13914476.615306124	71322220.72535379	2429469.42298508	10.519635966244149	216.73428628994068	7.560209598305981e-07	3.038804514017263e-06	354653.46328398463	1.9267190796196743	9.875893091172633	2.5230403841188944	10.91974027508014	43.891582115983866	4019645.988254601	-840270.7038061931	1680551.4076123862
KY1_US-Vir18-VA3	dadi_objects_duos/probs.KY1.US-Vir18-VA3.delim	4384678	12974782.196039397	9052663.24223879	2069769.1342284102	57.70630111612874	54.59297212154158	4.447573781527047e-06	6.030597920269078e-06	160500.18548225533	3.969906383864084	2.7698519368830556	4.749668913960814	29.071869981961974	39.41941545292536	4019645.988254601	-747139.3432411825	1494288.686482365
KY1_US-Vir18-VA3	dadi_objects_duos/probs.KY1.US-Vir18-VA3.delim	4384678	30248671.94834509	13956843.639046514	903466.0575037617	105.01015616539323	43.31253479116478	3.471562531562261e-06	3.103318766858647e-06	348038.19280824985	4.268105393637127	1.9693188420202195	0.9560968908272438	49.20691804937241	43.98732583773256	4019645.988254601	-1244572.4748044615	2489154.949608923
KY1_US-Vir18-VA3	dadi_objects_duos/probs.KY1.US-Vir18-VA3.delim	4384678	7344399.772775811	11998700.24581848	3211115.290733301	36.810784914902875	54.55412972106255	5.012088945832297e-06	4.54666993952737e-06	242186.46834628435	1.4892313235334336	2.432988508332203	4.883407817469421	49.43595307619981	44.84536571729148	4019645.988254601	-617194.097879003	1234398.195758006
KY1_US-Vir18-VA3	dadi_objects_duos/probs.KY1.US-Vir18-VA3.delim	4384678	20398401.246372167	16614647.209281104	2357657.5437239027	138.11254256476562	26.069852703572394	6.770753300547453e-06	1.5690885503129746e-06	179171.02838672372	5.590930220344718	4.5538536114077255	4.846518849252612	49.4059260701165	11.44957872087305	4019645.988254601	-841121.8936576862	1682253.7873153724
KY1_US-Vir18-VA3	dadi_objects_duos/probs.KY1.US-Vir18-VA3.delim	4384678	3154488.203169779	77259294.2451447	3822830.254207757	4.2336210455245995	73.2800710834904	1.342094429540252e-06	9.484952172999642e-07	862747.0234813949	0.17955651433338027	4.397673625970613	1.6319938373599516	47.15641825909017	33.32674378140861	4019645.988254601	-497376.02111060015	994762.0422212003
KY1_US-Vir18-VA3	dadi_objects_duos/probs.KY1.US-Vir18-VA3.delim	4384678	48480426.07993431	7911000.154716053	2037547.4469757734	128.5335789022698	14.47240015558731	2.651246890659422e-06	1.8294020822335282e-06	461217.43702000665	5.16198143160369	0.8423283210573944	1.627117748109778	49.800093473927056	34.36284829511554	4019645.988254601	-777519.2917091014	1555048.5834182028
KY1_US-Vir18-VA3	dadi_objects_duos/probs.KY1.US-Vir18-VA3.delim	4384678	3731920.5146981273	18320627.88436033	7827099.479922621	3.3174848605643548	0.5987385230156111	8.889484241420678e-07	3.268111370389947e-08	642682.0939320215	0.285162171546505	1.3999092453935178	4.485611156939735	23.267355852796417	0.8553961979832548	4019645.988254601	-254303.1507185306	508616.3014370612
KY1_US-Vir18-VA3	dadi_objects_duos/probs.KY1.US-Vir18-VA3.delim	4384678	26375889.33095062	11099511.903103633	1716383.5756528801	144.96705451206594	41.53499147969559	5.496195889097671e-06	3.74205567256355e-06	164048.530281903	7.89569740483833	3.3226704217881595	3.8535320543158287	36.72051931048749	25.000969826759246	4019645.988254601	-906294.0655266426	1812598.1310532852
KY1_US-Vir18-VA3	dadi_objects_duos/probs.KY1.US-Vir18-VA3.delim	4384678	24229698.572941568	8055558.719909014	1798347.664738243	128.44067865501907	42.385242420528826	5.300960648287005e-06	5.26161423363165e-06	156557.6814418303	7.600275907071851	2.5268357620139468	4.230739098230796	33.798951571089276	33.54807863471649	4019645.988254601	-844096.5436531458	1688203.0873062916
KY1_US-Vir18-VA3	dadi_objects_duos/probs.KY1.US-Vir18-VA3.delim	4384678	168221798.63289067	4822873.190849378	1642811.581577381	158.74480701534523	2.814522810508741	9.436637124643577e-07	5.83578024785898e-07	1281083.4657216484	6.44852776607367	0.18487753630143258	0.47231017269922715	49.23443389683985	30.44742878788495	4019645.988254601	-712343.0117327397	1424696.0234654795
KY1_US-Vir18-VA3	dadi_objects_duos/probs.KY1.US-Vir18-VA3.delim	4384678	12678867.82518693	36176973.93310892	4198154.163595153	10.18746227562607	128.97311749377656	8.034993673006345e-07	3.5650609620430755e-06	330958.4206315477	1.8813204098977514	5.368024997744095	4.671990133027929	10.830119337492068	48.05235353709319	4019645.988254601	-733542.7143265484	1467095.4286530968
KY1_US-Vir18-VA3	dadi_objects_duos/probs.KY1.US-Vir18-VA3.delim	4384678	16569770.760784352	25541395.694023825	1144144.5864860679	57.7868397939333	177.3356871903447	3.4874857732309317e-06	6.94306956889743e-06	170271.74117499474	4.7789187963144375	7.366442042466568	2.4748865911945326	24.18406432789745	48.14690353036861	4019645.988254601	-1343471.6872109557	2686953.3744219113
KY1_US-Vir18-VA3	dadi_objects_duos/probs.KY1.US-Vir18-VA3.delim	4384678	15715332.221812675	46409184.572914734	1915384.0667094612	5.4002889731280765	64.70703933473605	3.4363186835035825e-07	1.3942722745553319e-06	365180.0795580477	2.1133538314508855	6.240977069231046	1.9318160108959415	5.110634000573963	20.736188778437104	4019645.988254601	-937164.7727370667	1874339.5454741335
KY1_US-Vir18-VA3	dadi_objects_duos/probs.KY1.US-Vir18-VA3.delim	4384678	3984238.7093308815	33622229.98117231	3341185.5880786786	15.255288154762216	89.29587054008783	3.828909176308919e-06	2.655858061469793e-06	316184.2222215983	0.6188150735650829	5.222062290217409	3.892040712684743	49.304836958396315	34.199465872847796	4019645.988254601	-587316.3033894813	1174642.6067789625
KY1_US-Vir18-VA3	dadi_objects_duos/probs.KY1.US-Vir18-VA3.delim	4384678	22895446.604897	11960699.758936282	3759724.1421596524	48.9349148287702	8.304923003801582	2.1373208251069336e-06	6.943509302285317e-07	298141.67559804604	3.7712225278995315	1.970106159479562	4.644620801466418	25.95175143696737	8.430939585504847	4019645.988254601	-732744.5101408227	1465499.0202816455
KY1_US-Vir18-VA3	dadi_objects_duos/probs.KY1.US-Vir18-VA3.delim	4384678	940089.167180327	29651887.471324943	3885233.352150924	3.666081257561537	18.211378312654432	3.899716522165086e-06	6.141726502323289e-07	286716.18641010055	0.1610173092040029	5.078738592183771	4.990934455104996	45.536486427266645	7.171614755160631	4019645.988254601	-325630.35992492584	651270.7198498517
KY1_US-Vir18-VA3	dadi_objects_duos/probs.KY1.US-Vir18-VA3.delim	4384678	33399771.08822654	17308096.30087414	2415003.2501441594	95.51693641558913	10.4352850434411	2.8598081155490006e-06	6.029135071841534e-07	184770.14856512644	8.877024332598834	4.600163025308381	4.81396447739948	21.520034830776595	4.536919663946713	4019645.988254601	-962592.6876073945	1925195.375214789
KY1_US-Vir18-VA3	dadi_objects_duos/probs.KY1.US-Vir18-VA3.delim	4384678	39882622.85040156	2953998.23724077	3757546.255485668	72.6796993702341	9.400134307799139	1.8223400111585774e-06	3.182173296277755e-06	296912.57918723574	6.59645861451623	0.4885818867130109	4.661146012153615	22.03597524595833	38.47925829195016	4019645.988254601	-623061.3584330572	1246132.7168661144
KY1_US-Vir18-VA3	dadi_objects_duos/probs.KY1.US-Vir18-VA3.delim	4384678	13929726.300647968	38190525.737274	2814045.561017718	8.642948841856727	86.20077215052893	6.204679586170105e-07	2.257124522022405e-06	207486.06008942207	3.2969274254746277	9.039042762143595	4.995272334786132	5.243032512681095	19.072986912186387	4019645.988254601	-833913.6029958611	1667837.2059917222
KY1_US-Vir18-VA3	dadi_objects_duos/probs.KY1.US-Vir18-VA3.delim	4384678	2609402.3401097227	8034577.912809281	146911.1794888693	2.723703721112578	0.3947630055975519	1.0438036631016623e-06	4.913301107805469e-08	1130322.7279407352	0.11336899985398517	0.3490730609928887	0.04787065335973671	48.050238153650504	2.2617786916853717	4019645.988254601	-133427.1525721258	266864.3051442516
KY1_US-Vir18-VA3	dadi_objects_duos/probs.KY1.US-Vir18-VA3.delim	4384678	71642036.01969852	15333857.881582508	5563579.88843346	133.8339003330278	2.7610940761049867	1.8680918043176376e-06	1.8006519281891455e-07	432141.84481085115	8.141366880822805	1.742532312705829	4.741819045171954	32.87750135625921	3.169059254709051	4019645.988254601	-819872.8422810675	1639755.684562135
KY1_US-Vir18-VA3	dadi_objects_duos/probs.KY1.US-Vir18-VA3.delim	4384678	24123929.168497816	45438048.94244054	657671.9315610599	85.94256623262254	127.4307102036291	3.5625442950168526e-06	2.80449344039957e-06	297155.49663162004	3.986759195821821	7.509164788049199	0.8151593397904746	43.11399912123689	33.94004894031211	4019645.988254601	-1840879.8394655385	3681769.678931077
KY1_US-Vir18-VA3	dadi_objects_duos/probs.KY1.US-Vir18-VA3.delim	4384678	25951524.177017502	31538173.05529241	786933.0273858982	150.17193449454356	175.40295002885466	5.7866325488325204e-06	5.561607824313094e-06	194806.46204773374	6.542070783527776	7.950398562470231	1.487823395611471	45.909602467970906	44.124316196383496	4019645.988254601	-1851918.0348921374	3703846.069784275
KY1_US-Vir18-VA3	dadi_objects_duos/probs.KY1.US-Vir18-VA3.delim	4384678	2061781.0702055022	79042299.91903959	30988.22959176561	2.0699496314041337	9.234170014307743	1.0039618955264816e-06	1.1682567465478607e-07	993129.9247586315	0.1019511685112991	3.9084920096600966	0.011492318842675635	40.6066877237356	4.725183007402794	4019645.988254601	-304526.99291840056	609063.9858368011
KY1_US-Vir18-VA3	dadi_objects_duos/probs.KY1.US-Vir18-VA3.delim	4384678	7168944.561644004	17596559.434888612	2019854.612038963	47.673239059539256	64.53232712914472	6.649966204872798e-06	3.6673264093432262e-06	168182.17822546265	2.093297607061747	5.1381113971294345	4.423409099724245	45.54845799155688	25.119084481195838	4019645.988254601	-744248.5270642623	1488507.0541285246
KY1_US-Vir18-VA3	dadi_objects_duos/probs.KY1.US-Vir18-VA3.delim	4384678	3709880.537425274	18603135.86038871	7674510.153552107	2.7073781874936462	0.3983216296377139	7.297750318862335e-07	2.141153150882762e-08	596770.1191503011	0.30528719149052247	1.5308576765321487	4.736532976051665	17.73659860589137	0.5203901521923733	4019645.988254601	-255601.5595031184	511213.1190062368
KY1_US-Vir18-VA3	dadi_objects_duos/probs.KY1.US-Vir18-VA3.delim	4384678	30234016.859838016	5978016.135048601	2174576.9410370686	111.32787229015625	25.590048757675905	3.6822058017054606e-06	4.280692487202171e-06	181324.62151502157	8.188319863328433	1.6190342318337445	4.4170769847265365	27.19187187318867	31.611498082646715	4019645.988254601	-763370.5048019838	1526751.0096039677
KY1_US-Vir18-VA3	dadi_objects_duos/probs.KY1.US-Vir18-VA3.delim	4384678	13553515.109849323	14546612.209892647	6020690.925461229	19.116262937348836	2.8596187603488894	1.4104284226205696e-06	1.9658314383359733e-07	477505.32112558733	1.3938930630324273	1.496026800844994	4.643923824208238	27.428593260606707	3.8229512449024368	4019645.988254601	-613390.9626292639	1226791.9252585277
KY1_US-Vir18-VA3	dadi_objects_duos/probs.KY1.US-Vir18-VA3.delim	4384678	2516368.480418104	22912502.167653564	3596793.8523009606	3.096053391826539	5.770951005360184	1.2303656701788437e-06	2.518690871530937e-07	273767.9941482918	0.4513851743826176	4.110035500353265	4.838935608088502	13.71801099165992	2.808224408214557	4019645.988254601	-325580.26847478485	651170.5369495697
KY1_US-Vir18-VA3	dadi_objects_duos/probs.KY1.US-Vir18-VA3.delim	4384678	14230448.844124705	5223937.116288302	4449045.983640592	22.084273515733035	14.333458779944909	1.5519028076792478e-06	2.7438038515534585e-06	346984.5891924155	2.014021673321094	0.7393387719189876	4.722518604356995	21.93052220666163	38.77372410144746	4019645.988254601	-568939.9139046769	1137889.8278093538
KY1_US-Vir18-VA3	dadi_objects_duos/probs.KY1.US-Vir18-VA3.delim	4384678	26008854.910367377	11817916.82601279	1705763.9247948395	14.080690990718368	75.1037166555101	5.413806582121257e-07	6.3550723669163874e-06	128820.9374267961	9.914949460365685	4.505159818090084	4.876962764694677	2.8402950609087707	33.34119973011282	4019645.988254601	-1390218.6930075935	2780447.386015187
KY1_US-Vir18-VA3	dadi_objects_duos/probs.KY1.US-Vir18-VA3.delim	4384678	2988559.574880863	18539263.48104362	7437868.7466978775	2.4217060596753157	0.5018977668094785	8.103255093289735e-07	2.7072152425184988e-08	1035929.4296069541	0.14167312531702292	0.8788566306361496	2.644449688769883	34.187232818592065	1.1421607331930486	4019645.988254601	-252116.4124978939	504242.8249957878
KY1_US-Vir18-VA3	dadi_objects_duos/probs.KY1.US-Vir18-VA3.delim	4384678	11136349.981143728	7456387.668350157	14586317.844438087	2.4178038150778267	2.4879590820794864	2.171091802225771e-07	3.336681504155197e-07	1342049.6837199829	0.4075022443472118	0.2728447574582693	4.003077963989687	11.866456436091381	18.23717710581272	4019645.988254601	-236781.54057831285	473573.0811566257
KY1_US-Vir18-VA3	dadi_objects_duos/probs.KY1.US-Vir18-VA3.delim	4384678	5331879.177482087	44307150.593117535	3178509.8827468427	21.772243707248432	187.14848967898848	4.083409053828204e-06	4.223889082771647e-06	235421.7415375879	1.1122168223092033	9.242362138731728	4.97271956147871	39.15107786635439	40.49797808608042	4019645.988254601	-630750.2266989435	1261510.453397887
KY1_US-Vir18-VA3	dadi_objects_duos/probs.KY1.US-Vir18-VA3.delim	4384678	2837666.0518044666	4760342.6782858465	73701.13263392997	3.086910121749301	0.6057642986677646	1.087834179707771e-06	1.27252246236587e-07	1108459.9319536255	0.12571786977610105	0.2108987209886084	0.02448900459671999	49.1085336913038	5.744599074173472	4019645.988254601	-103505.75151411483	207021.50302822966
KY1_US-Vir18-VA3	dadi_objects_duos/probs.KY1.US-Vir18-VA3.delim	4384678	20257840.90951962	3781568.5515042366	2521686.4726028023	9.549159655417975	15.93969216596386	4.7138091853266596e-07	4.215100678162598e-06	291169.684102205	3.4166675968974536	0.6377956462921669	3.1897886112975478	5.589750471535016	49.98369699959372	4019645.988254601	-721575.2408842463	1443160.4817684926
KY1_US-Vir18-VA3	dadi_objects_duos/probs.KY1.US-Vir18-VA3.delim	4384678	30846650.48385831	8467276.572409268	5080361.512084526	56.99060537221933	7.914557301528074	1.8475459888924357e-06	9.347228986611542e-07	426796.5355425637	3.5493011940156034	0.974268336338135	4.384203470176212	32.11370478690842	16.247181615848394	4019645.988254601	-691291.396189774	1382592.792379548
KY1_US-Vir18-VA3	dadi_objects_duos/probs.KY1.US-Vir18-VA3.delim	4384678	45540.067837481925	51256.74584587431	348.9282555473826	0.01588394267011318	0.03237864108961553	3.4879049207387956e-07	6.316952150449814e-07	1057763.2849951775	0.0021142722645586614	0.00237967840759933	0.00012149673866938319	15.025446756668146	27.212619138969952	4019645.988254601	-114514.06777851035	229038.1355570207
KY1_US-Vir18-VA3	dadi_objects_duos/probs.KY1.US-Vir18-VA3.delim	4384678	12589393.01618172	54837657.235757664	2578134.0853162184	13.34994736559752	185.5140127623889	1.0604123128444893e-06	3.38296751016967e-06	276101.59039711824	2.2391934307025125	9.753617325282827	3.43916935346469	11.923889363509948	38.04004331429099	4019645.988254601	-814392.4999839652	1628794.9999679304
KY1_US-Vir18-VA3	dadi_objects_duos/probs.KY1.US-Vir18-VA3.delim	4384678	32091041.579743408	3062804.581598836	3835581.694954442	24.817808910723905	4.460262889016237	7.733562916321627e-07	1.4562675385211496e-06	297442.55549901293	5.2982986859028465	0.5056754997976006	4.749469502442479	9.368218132645676	17.640810720715088	4019645.988254601	-565328.4695404265	1130666.939080853
KY1_US-Vir18-VA3	dadi_objects_duos/probs.KY1.US-Vir18-VA3.delim	4384678	16074311.287114734	28468835.964680687	1652051.2013503725	36.2550303070925	240.31086694056344	2.255463992174567e-06	8.44119047363582e-06	143065.50617862394	5.517637525784662	9.772158497393727	4.253099441323092	13.14150490591956	49.182760800421995	4019645.988254601	-1039569.2421292431	2079148.4842584862
KY1_US-Vir18-VA3	dadi_objects_duos/probs.KY1.US-Vir18-VA3.delim	4384678	16191100.916758293	40483079.47454361	2662905.547200829	5.464873160399635	69.96205045016973	3.375232597521099e-07	1.7281800534507992e-06	232815.3945187746	3.4152335943290355	8.53920766315841	4.212704902847363	3.2002924599207545	16.386075432270903	4019645.988254601	-882634.1240559515	1765278.248111903
KY1_US-Vir18-VA3	dadi_objects_duos/probs.KY1.US-Vir18-VA3.delim	4384678	28211588.133861825	8955988.809085976	3790744.028344246	39.38332469859761	6.617591623475579	1.3959981448661008e-06	7.389012832130762e-07	327604.7862060637	4.228954619995514	1.3425146457938064	4.261781611055706	18.625560327549405	9.858501945150412	4019645.988254601	-706134.3958523704	1412278.7917047408
KY1_US-Vir18-VA3	dadi_objects_duos/probs.KY1.US-Vir18-VA3.delim	4384678	2526441.5749472864	20796157.137377992	4658094.844861715	7.3193482879462035	18.419122966442654	2.8970977839053807e-06	8.856983934467885e-07	351244.0041748483	0.3532287691611492	2.907568123387593	4.88445797460825	41.4425376807685	12.669779131422464	4019645.988254601	-423676.60707067914	847363.2141413583
KY1_US-Vir18-VA3	dadi_objects_duos/probs.KY1.US-Vir18-VA3.delim	4384678	33402453.785975557	5558382.311537662	1728856.4489756043	135.1893046890086	30.80224759868239	4.047286632150646e-06	5.541584920264563e-06	197679.1507106443	8.297996231927211	1.3808397362745812	3.2211803226557745	32.58360233253826	44.61379085423036	4019645.988254601	-847657.1002121685	1695324.200424337
KY1_US-Vir18-VA3	dadi_objects_duos/probs.KY1.US-Vir18-VA3.delim	4384678	52037725.054523446	4720074.454484276	5070150.414733115	32.804981049283306	2.703548823657893	6.304076708755294e-07	5.727767325978098e-07	573287.3458019708	4.457605950557393	0.4043265141459926	3.2573577397770284	14.718654548269917	13.373096886155267	4019645.988254601	-701996.2482210193	1404002.4964420386
KY1_US-Vir18-VA3	dadi_objects_duos/probs.KY1.US-Vir18-VA3.delim	4384678	15124536.800056232	10713521.014094753	1908912.2479667538	74.11657876928675	45.64596027959839	4.900419745020633e-06	4.26059371326629e-06	157198.76008349008	4.724857281319313	3.346869953189235	4.472535722484867	31.373044456738093	27.276805443905772	4019645.988254601	-815931.9996815316	1631873.9993630631
KY1_US-Vir18-VA3	dadi_objects_duos/probs.KY1.US-Vir18-VA3.delim	4384678	1829965.395894173	109022384.23469657	1097193.2001094832	2.895610914493058	61.01039151526826	1.5823309670171006e-06	5.596134403365176e-07	665229.1229053909	0.1350912908675102	8.04822574938492	0.6074755784535922	42.868950261685	15.161202832793535	4019645.988254601	-570115.5233704017	1140241.0467408034
KY1_US-Vir18-VA3	dadi_objects_duos/probs.KY1.US-Vir18-VA3.delim	4384678	7443335.666297496	51735779.29402665	3357964.7692688704	19.749842617931325	225.25717388359652	2.653359125983821e-06	4.353992091303135e-06	261139.7348027329	1.399749669936596	9.729124580344031	4.736092176767349	28.219106661873226	46.30574354833294	4019645.988254601	-669935.2509659072	1339880.5019318145
KY1_US-Vir18-VA3	dadi_objects_duos/probs.KY1.US-Vir18-VA3.delim	4384678	6912645.423167428	31815079.092173025	2134087.432890927	28.587104374052306	139.47726005412747	4.135479635371413e-06	4.3839985325839064e-06	222970.12554982412	1.522486079339306	7.007160365635789	3.525189758023971	37.5531898281236	39.809923785431195	4019645.988254601	-720035.0007118306	1440080.0014236611
KY1_US-Vir18-VA3	dadi_objects_duos/probs.KY1.US-Vir18-VA3.delim	4384678	27072363.003425933	33812225.80043728	807200.0964757991	76.83535904446539	218.27109335940986	2.8381474877070052e-06	6.455389676138595e-06	178026.4101357568	7.467882192538191	9.327066089990446	1.6699894992875612	20.57754984973873	46.80380545253185	4019645.988254601	-2030148.6963830644	4060307.3927661288
KY1_US-Vir18-VA3	dadi_objects_duos/probs.KY1.US-Vir18-VA3.delim	4384678	6715117.134563364	13147140.795929303	5292552.368982687	10.64413411730205	16.94596864157715	1.5851002899883385e-06	1.2889470725698824e-06	400504.65743448236	0.8233827227544487	1.6120535752489504	4.86714811671751	25.854645289846264	21.024076248781213	4019645.988254601	-510773.8513303662	1021557.7026607324
KY1_US-Vir18-VA3	dadi_objects_duos/probs.KY1.US-Vir18-VA3.delim	4384678	1656013.3936753299	107508399.30522181	14177.77497606715	0.14633389256306945	9.206050330095636	8.836516245698855e-08	8.563098687721311e-08	1007599.5130270473	0.0807107948069213	5.239745275904156	0.0051824736173666204	3.6261293898327636	3.5139304852971374	4019645.988254601	-291829.72721556114	583669.4544311223
KY1_US-Vir18-VA3	dadi_objects_duos/probs.KY1.US-Vir18-VA3.delim	4384678	12703281.785438921	41077737.6579946	2782242.051346048	1.502122907214744	17.13726148826747	1.1824683830414165e-07	4.171909765564267e-07	243791.67356040084	2.5588969172750917	8.274530789529003	4.203325392157527	1.174039405084218	4.142171181465371	4019645.988254601	-790936.7084484469	1581883.4168968939
KY1_US-Vir18-VA3	dadi_objects_duos/probs.KY1.US-Vir18-VA3.delim	4384678	15979756.780297453	16637240.519914033	1394443.011859408	55.4649682247561	78.65515134184348	3.4709519667497503e-06	4.727656082611583e-06	103938.77369532052	7.550023515761819	7.860667649060312	4.941287819304553	14.69266105170787	20.012333520104022	4019645.988254601	-1284591.2117844636	2569192.423568927
KY1_US-Vir18-VA3	dadi_objects_duos/probs.KY1.US-Vir18-VA3.delim	4384678	3820458.287557335	8045942.41134295	333733.6454008053	3.7744402672905717	1.5807041816401228	9.879548429002255e-07	1.9645979312649433e-07	1215998.0669713244	0.154290187142355	0.3249374464905958	0.10108438599702936	48.926510975167915	9.72928296638086	4019645.988254601	-174048.8798971526	348107.7597943052
KY1_US-Vir18-VA3	dadi_objects_duos/probs.KY1.US-Vir18-VA3.delim	4384678	21985293.859247357	18602203.285763577	3141447.262044997	93.7422936033783	8.04145639698609	4.26386357187347e-06	4.3228515856185085e-07	240319.7623093876	4.492607906550877	3.801286719019054	4.814567248509342	41.731793894894935	4.230912841566047	4019645.988254601	-863483.1534265804	1726976.3068531607
KY1_US-Vir18-VA3	dadi_objects_duos/probs.KY1.US-Vir18-VA3.delim	4384678	33478414.332382124	9239347.029959276	2956841.8792794687	152.85994002791463	22.182679269882545	4.565925330581152e-06	2.4008925303870004e-06	250200.47877767828	6.571015196175471	1.813463718258523	4.35268194538584	46.5255171276681	24.46443129414761	4019645.988254601	-722600.2642166888	1445210.5284333776
KY1_US-Vir18-VA3	dadi_objects_duos/probs.KY1.US-Vir18-VA3.delim	4384678	16935483.009260494	14166242.558532787	2587698.4174353657	57.34029252107111	15.09722427526162	3.385807921139117e-06	1.0657183238873791e-06	280077.72624973184	2.969441292462195	2.4838869720657235	3.402922496262305	38.62025672413669	12.156128233730394	4019645.988254601	-784852.2239297945	1569714.447859589
KY1_US-Vir18-VA3	dadi_objects_duos/probs.KY1.US-Vir18-VA3.delim	4384678	12522052.437940452	44882178.46990016	2277479.569281354	8.697707832829884	78.64511271931516	6.945912322229844e-07	1.7522570294144215e-06	258393.89328240597	2.3798467989726686	8.529968173498546	3.24630420125165	7.309468690660683	18.439720083283515	4019645.988254601	-876704.5200513225	1753419.040102645
KY1_US-Vir18-VA3	dadi_objects_duos/probs.KY1.US-Vir18-VA3.delim	4384678	17646982.242415134	22834463.38249159	2320223.299960182	14.608410925441166	115.69135079710459	8.278135448184077e-07	5.066523739104435e-06	193622.51367597838	4.475796400737714	5.791494977225395	4.413578947793223	6.527737018168817	39.95215440988962	4019645.988254601	-929278.5026890764	1858567.0053781527
KY1_US-Vir18-VA3	dadi_objects_duos/probs.KY1.US-Vir18-VA3.delim	4384678	12323328.642945455	18247379.79932626	2147627.3447046406	59.9953967070267	22.7691256335384	4.868440860852261e-06	1.2478024726804392e-06	177477.08399241007	3.4098986745004223	5.0490998003569025	4.456907392100092	35.18896156984284	9.019083216350342	4019645.988254601	-890343.111365763	1780696.222731526
KY1_US-Vir18-VA3	dadi_objects_duos/probs.KY1.US-Vir18-VA3.delim	4384678	142103645.1429744	8192996.994252209	3470042.9324714616	182.59161465953204	4.419337034048946	1.284918585134263e-06	5.394042054634378e-07	927036.9318955896	7.527727858054622	0.4340117500331364	1.3786524011603905	48.51174699790992	20.36505709217105	4019645.988254601	-782376.5681239709	1564763.1362479418
KY1_US-Vir18-VA3	dadi_objects_duos/probs.KY1.US-Vir18-VA3.delim	4384678	17038567.792727638	10999952.901101122	2419419.6534084235	11.762482425706644	31.275867273414093	6.903445505981482e-07	2.843272835312168e-06	188370.5298061991	4.44197239560992	2.867699194797076	4.730588967580482	5.296062819900328	21.812515992024917	4019645.988254601	-848712.5054982415	1697435.010996483
KY1_US-Vir18-VA3	dadi_objects_duos/probs.KY1.US-Vir18-VA3.delim	4384678	8705331.369482381	25849088.815056317	2729426.5250860355	22.90508478959437	110.81917609728843	2.6311559913607636e-06	4.28715986432526e-06	206681.12450469862	2.0684271015820266	6.1418633693483935	4.863932750832945	22.147345460785658	36.08649995385539	4019645.988254601	-700706.6866522649	1401423.3733045298
KY1_US-Vir18-VA3	dadi_objects_duos/probs.KY1.US-Vir18-VA3.delim	4384678	10222311.827982698	40411979.0618236	2895396.947858802	20.755718186787767	200.3181379787778	2.0304328938558475e-06	4.956899974443825e-06	222423.35317574238	2.2569631541966086	8.92247754378082	4.794515182560254	18.39260702878067	44.901909138096805	4019645.988254601	-729505.0978865392	1459020.1957730784
KY1_US-Vir18-VA3	dadi_objects_duos/probs.KY1.US-Vir18-VA3.delim	4384678	13409703.073727034	53980390.071909435	4459423.258136552	3.6342205666760847	76.97506768003421	2.710142459303542e-07	1.4259820571413554e-06	396727.0773429992	1.6599042873858874	6.681898952011724	4.14003317670838	4.378831471541608	23.03987780505399	4019645.988254601	-730088.0257033401	1460186.0514066801
KY1_US-Vir18-VA3	dadi_objects_duos/probs.KY1.US-Vir18-VA3.delim	4384678	5762121.244849937	335805403.9208991	1607595.100505609	0.7793656993024566	159.55153609263488	1.3525673379383284e-07	4.751309366367974e-07	1850991.176113277	0.15287405024652345	8.90920721911928	0.3198816261924843	10.19618042494011	35.81722417461233	4019645.988254601	-720082.8309846908	1440175.6619693816
KY1_US-Vir18-VA3	dadi_objects_duos/probs.KY1.US-Vir18-VA3.delim	4384678	14030268.55236186	8201728.661544076	2502656.846402027	53.08567072645451	33.51106776342119	3.7836532157838164e-06	4.085854232236003e-06	193294.71698417544	3.564525513853001	2.083728544657957	4.768681209889245	29.78554678323659	32.16452339661355	4019645.988254601	-691255.1697593364	1382520.3395186728
KY1_US-Vir18-VA3	dadi_objects_duos/probs.KY1.US-Vir18-VA3.delim	4384678	10151905.041335713	47741764.753602535	4699821.293086563	9.160127342470293	122.59911693275316	9.023062474651625e-07	2.567963659606906e-06	401612.3236026357	1.241355703648698	5.837772490762117	4.310139072056007	14.758263591243137	42.00201947806566	4019645.988254601	-695200.2604845157	1390410.5209690314
KY1_US-Vir18-VA3	dadi_objects_duos/probs.KY1.US-Vir18-VA3.delim	4384678	8553408.943590067	2402107.3297393494	160542.65139543754	1.1899036073623277	2.669535769672438	1.391145466339526e-07	1.1113307622112401e-06	1102391.512479239	0.3810299410587051	0.10700702144648136	0.053637872054985866	6.2457223390694105	49.894590720994564	4019645.988254601	-138854.92996080892	277719.85992161784
KY1_US-Vir18-VA3	dadi_objects_duos/probs.KY1.US-Vir18-VA3.delim	4384678	14012472.15923759	63093070.667041145	3232638.6932773185	8.189642304029157	179.15443820406665	5.844537788166246e-07	2.839526374449456e-06	328805.42842504976	2.092818240261318	9.42320010527424	3.6210553032601727	7.826424814614158	38.024118389206755	4019645.988254601	-794460.45019973	1588930.90039946
KY1_US-Vir18-VA3	dadi_objects_duos/probs.KY1.US-Vir18-VA3.delim	4384678	11129397.18486275	15763829.306562515	3250810.660830999	19.417576203002675	72.28292586965631	1.7447105068199734e-06	4.5853659326014635e-06	240779.08007183275	2.2699098996553935	3.2151312065771465	4.972672919344798	17.108675728451207	44.96421528414653	4019645.988254601	-695648.037736685	1391306.07547337
KY1_US-Vir18-VA3	dadi_objects_duos/probs.KY1.US-Vir18-VA3.delim	4384678	9228694.818552865	30608393.45701916	2130497.9334066054	21.765987903590734	104.94617519958605	2.3585120465608614e-06	3.428673097363091e-06	214303.35695351413	2.1147889795402617	7.014024673803941	3.6615849373680174	20.584548259110456	29.92466667291326	4019645.988254601	-794689.1239619965	1589388.247923993
KY1_US-Vir18-VA3	dadi_objects_duos/probs.KY1.US-Vir18-VA3.delim	4384678	7873246.037412651	82680010.74956487	6412909.422412293	6.333371052152802	132.68207770443206	8.044167579747208e-07	1.6047660916049209e-06	490762.3576818803	0.7878405082680126	8.273418788516375	4.812833431920363	16.07779997521599	32.07430473327343	4019645.988254601	-653792.8250149873	1307595.6500299745
KY1_US-Vir18-VA3	dadi_objects_duos/probs.KY1.US-Vir18-VA3.delim	4384678	30182648.660377588	25321962.041720733	643199.1197046506	61.69909428585246	6.341805820360668	2.0441908521715734e-06	2.504468575504474e-07	596862.4548280176	2.483355048243784	2.083429555017654	0.39690644425867666	49.69011123035809	6.0878524115080355	4019645.988254601	-1172123.920565004	2344257.841130008
KY1_US-Vir18-VA3	dadi_objects_duos/probs.KY1.US-Vir18-VA3.delim	4384678	16365368.21052371	9137029.94354513	1621301.8146583957	46.17776341720455	57.28983441006294	2.821675798746163e-06	6.2700718684341666e-06	192206.54875339323	4.181319256309354	2.334493105010182	3.1067954315574644	22.08765252618543	49.0811767977469	4019645.988254601	-933694.6309600186	1867399.2619200372
KY1_US-Vir18-VA3	dadi_objects_duos/probs.KY1.US-Vir18-VA3.delim	4384678	14106827.177434083	18882776.54730885	1925715.3518444286	29.600499680541617	110.67801503681216	2.0983102230026544e-06	5.861321017040041e-06	159810.66094812067	4.334902423696888	5.802509153298116	4.438163676179873	13.65682397773454	38.1483293219463	4019645.988254601	-908474.3899023336	1816958.7798046672
KY1_US-Vir18-VA3	dadi_objects_duos/probs.KY1.US-Vir18-VA3.delim	4384678	2107490.9431272936	33892255.10834215	3361687.1414707364	8.098770933838953	44.712329420681684	3.842849697764885e-06	1.3192491699874026e-06	258114.03399146924	0.40096810368300584	6.448290230925939	4.796921863259892	40.39608567090221	13.867964319050586	4019645.988254601	-486185.57070017944	972381.1414003589
KY1_US-Vir18-VA3	dadi_objects_duos/probs.KY1.US-Vir18-VA3.delim	4384678	15437986.0304862	10178139.426098585	1643694.1807397597	84.32974058366955	67.58517606265141	5.462483280988802e-06	6.640228948853936e-06	121248.0707968814	6.25275676052998	4.122391999868285	4.993018211712134	26.973619417276616	32.78930100039532	4019645.988254601	-942739.0887978749	1885488.1775957497
KY1_US-Vir18-VA3	dadi_objects_duos/probs.KY1.US-Vir18-VA3.delim	4384678	3460892.8694402543	57825816.72899096	700179.2706117887	7.810656996744388	36.65685052740585	2.2568329305170433e-06	6.33918422617418e-07	543645.6101439908	0.31262809092653177	5.2235002273201765	0.4743624824371834	49.9677234607808	14.035359024464709	4019645.988254601	-924710.2738302164	1849430.5476604328
KY1_US-Vir18-VA3	dadi_objects_duos/probs.KY1.US-Vir18-VA3.delim	4384678	22658706.943266924	7295885.261858484	1820402.9155490084	124.57430106175218	42.913045904669175	5.497855697311521e-06	5.88181479895394e-06	196644.53500639723	5.6585996605540325	1.8220145557980019	3.4095935496481156	44.03008112772379	47.1050527759085	4019645.988254601	-792540.0406151848	1585090.0812303696
KY1_US-Vir18-VA3	dadi_objects_duos/probs.KY1.US-Vir18-VA3.delim	4384678	77052447.33980864	16548370.064386103	1517924.0541741096	220.8295105891214	12.943022169305827	2.86596361586339e-06	7.821327489624264e-07	383095.61530717846	9.87722584288135	2.121308201109819	1.459351240297647	44.714885353821536	12.202868175906113	4019645.988254601	-1051089.1967945483	2102188.3935890966
KY1_US-Vir18-VA3	dadi_objects_duos/probs.KY1.US-Vir18-VA3.delim	4384678	31040498.623760592	26126953.782496307	1433319.8127544324	165.2964539955215	19.435544604735178	5.325186814782411e-06	7.438886586830485e-07	229944.80879223245	6.629195205416553	5.579829075763762	2.295812755125759	49.86923717692362	6.966358410208061	4019645.988254601	-1354218.2992343039	2708446.5984686078
KY1_US-Vir18-VA3	dadi_objects_duos/probs.KY1.US-Vir18-VA3.delim	4384678	17316831.249719173	3978691.444729899	4595770.830876297	1.6593040474535596	3.2394055498538084	9.582030473851667e-08	8.141886836046723e-07	377829.73753986595	2.250753925440452	0.517130141086718	4.480012208204893	1.4744428777382663	12.528395823327534	4019645.988254601	-311937.9522322036	623885.9044644072
KY1_US-Vir18-VA3	dadi_objects_duos/probs.KY1.US-Vir18-VA3.delim	4384678	4643459.3234515805	2100062.105209812	61069.7485817975	0.9789410002460037	2.298668487872113	2.108214871834683e-07	1.0945716710803935e-06	1099553.7891827342	0.20738669664459067	0.09379320726432312	0.020456278241866598	9.440730925220972	49.015670855441066	4019645.988254601	-105633.57826642552	211277.15653285105
KY1_US-Vir18-VA3	dadi_objects_duos/probs.KY1.US-Vir18-VA3.delim	4384678	3801740.6806784836	16900943.90692325	7955191.310473837	2.711247852093672	1.2378531988953816	7.131595970953507e-07	7.324166068549055e-08	750978.5422435245	0.2486054756693026	1.1051956333042154	3.9015759891515587	21.811650325033064	2.2400616897020456	4019645.988254601	-239789.79716949124	479589.5943389825
KY1_US-Vir18-VA3	dadi_objects_duos/probs.KY1.US-Vir18-VA3.delim	4384678	9369538.434875894	17683505.380690333	1874391.3907386607	59.5566679599627	49.89008421848027	6.356414285924381e-06	2.821277973142034e-06	144988.0984884422	3.1735224208550625	5.989516046600778	4.761512144827836	37.53347861580002	16.659137008838744	4019645.988254601	-848837.3671006165	1697684.734201233
KY1_US-Vir18-VA3	dadi_objects_duos/probs.KY1.US-Vir18-VA3.delim	4384678	42526880.21068029	7372505.105498737	2975359.994730259	194.2980398918759	22.90380644273084	4.56882891313244e-06	3.1066518252592568e-06	255649.8668888024	8.169090003377633	1.4162021163747356	4.286579850265617	47.56907802742789	32.34539219777631	4019645.988254601	-702383.9312977849	1404777.8625955698
KY1_US-Vir18-VA3	dadi_objects_duos/probs.KY1.US-Vir18-VA3.delim	4384678	24717168.836206965	42503995.36750754	479711.05309123493	59.234069019033534	20.432214661790017	2.3964746695529488e-06	4.80712800881998e-07	505831.8325041453	2.3996521726934974	4.126476034034555	0.34929352777619876	49.3688791176315	9.90298477115494	4019645.988254601	-1615102.0464624169	3230214.0929248338
