Pair_name	fs_name	L	pop1_size	pop2_size	divergence_time	mig_pop1	mig_pop2	Mij	Mji	theta	nu1	nu2	Ts	m12	m21	fs_sanitycheck	-2LL_model	AIC
KY1_US-Vir17-VA1	dadi_objects_duos/probs.KY1.US-Vir17-VA1.delim	330179	3206905.6704488075	17154493.06313605	4157582.802907586	1.5871465673729002	1.1425055169076532	4.949152642680564e-07	6.660094895854588e-08	42972.921981722335	0.2759680285997531	1.4762179243018576	2.6833340072879555	11.50239450146451	1.547881919192892	311219.79929315345	-35599.88959880434	71209.77919760867
KY1_US-Vir17-VA1	dadi_objects_duos/probs.KY1.US-Vir17-VA1.delim	330179	13947058.981458288	5387947.030195359	10432586.33763404	1.57322748224168	2.673833692954324	1.1279994472907759e-07	4.962620601074051e-07	58390.81270438701	0.8832946258246005	0.3412292629095605	4.95537105545787	3.562180582210589	15.671772521238879	311219.79929315345	-37535.33130653419	75080.66261306839
KY1_US-Vir17-VA1	dadi_objects_duos/probs.KY1.US-Vir17-VA1.delim	330179	9646173.513131537	9113102.505643222	32728850.404704325	1.0063664353824617	1.6669881706715153	1.0432804614311303e-07	1.8292213542415933e-07	182222.70547520497	0.1957582391292457	0.1849401627578527	4.981463733946232	10.281727500808048	18.027324576913553	311219.79929315345	-36815.55076466496	73641.10152932991
KY1_US-Vir17-VA1	dadi_objects_duos/probs.KY1.US-Vir17-VA1.delim	330179	27770243.479607217	4663168.656846761	2766985.988074812	91.33341745086668	22.615331247474423	3.288895090816773e-06	4.849777675158533e-06	15405.763921691425	6.6659786692019605	1.1193485869239244	4.98141166797798	27.402853199289027	40.40802215085381	311219.79929315345	-126809.57461530306	253629.14923060613
KY1_US-Vir17-VA1	dadi_objects_duos/probs.KY1.US-Vir17-VA1.delim	330179	17660257.301024057	16205151.725388335	1790375.2620756726	28.113420052857933	79.36055435827316	1.591903196746048e-06	4.8972422907920285e-06	10249.196479526161	6.3719840281022	5.84696849015669	4.844879299910534	8.824071099007789	27.145880636051253	311219.79929315345	-181571.79139205616	363153.5827841123
KY1_US-Vir17-VA1	dadi_objects_duos/probs.KY1.US-Vir17-VA1.delim	330179	43288717.479790404	11842952.020202419	3999088.1860534563	154.90472599699314	12.058210764929425	3.578408763653285e-06	1.0181761054473417e-06	22326.54082417624	7.1700263057662985	1.9615798865471634	4.967847466165514	43.208970062610575	12.294386629498614	311219.79929315345	-130763.10412380288	261536.20824760577
KY1_US-Vir17-VA1	dadi_objects_duos/probs.KY1.US-Vir17-VA1.delim	330179	160484286.98141715	3161666.691311538	95645.41337947009	20.887044533475457	0.35145376008923457	1.301500908677372e-07	1.1116091429088712e-07	69075.44808836823	8.591644064655647	0.16926214630577266	0.038403353493768236	4.862176406818503	4.152774471550563	311219.79929315345	-79929.55284118476	159869.10568236953
KY1_US-Vir17-VA1	dadi_objects_duos/probs.KY1.US-Vir17-VA1.delim	330179	501175.8737944794	28327459.28930943	2568615.3198561687	1.3485677195120385	5.229285302683749	2.6908073393514045e-06	1.8460128207322999e-07	25223.40948956114	0.07347740945581521	4.153089631559301	2.8243856102726315	36.707002315398285	2.5182626750679513	311219.79929315345	-58121.90014718605	116253.8002943721
KY1_US-Vir17-VA1	dadi_objects_duos/probs.KY1.US-Vir17-VA1.delim	330179	10403679.498605167	17075581.491093703	1477743.7324128621	95.29512579079865	79.44604620114059	9.159752163027991e-06	4.652611464070968e-06	9687.369649345344	3.9714450997648703	6.518341366391747	4.230794844372552	47.990151391714114	24.376153912638138	311219.79929315345	-184341.1529508718	368692.3059017436
KY1_US-Vir17-VA1	dadi_objects_duos/probs.KY1.US-Vir17-VA1.delim	330179	14040768.010199856	12963245.56190729	1405947.338689921	121.12406788535749	132.23090279194682	8.626598473628182e-06	1.0200447269201587e-05	7988.675311056685	6.499554115754584	6.000762635222301	4.881159464448355	37.271500699335355	44.07136586799796	311219.79929315345	-182243.04035677377	364496.08071354753
KY1_US-Vir17-VA1	dadi_objects_duos/probs.KY1.US-Vir17-VA1.delim	330179	865530.7054056237	34440405.78337238	3492509.7328910264	1.53991167785592	11.39118118602631	1.7791531464319958e-06	3.307504928274075e-07	19615.226631876903	0.16317612654731362	6.492955105289659	4.938249256392632	18.874227626789708	3.508781749236548	311219.79929315345	-57199.300639410954	114408.60127882191
KY1_US-Vir17-VA1	dadi_objects_duos/probs.KY1.US-Vir17-VA1.delim	330179	92081805.57857993	2705302.11115763	48278.794941837754	11.66680112117986	2.279610961548514	1.2670039480517953e-07	8.426456151224612e-07	69671.15169535071	4.8875172971337415	0.1435920025587671	0.01921906005878672	4.774121670330167	31.75122459366148	311219.79929315345	-57683.139825692786	115376.27965138557
KY1_US-Vir17-VA1	dadi_objects_duos/probs.KY1.US-Vir17-VA1.delim	330179	5818234.7468748605	18772213.750191014	2018406.7812605316	46.989388296541506	77.37474974141081	8.07622764306319e-06	4.12177012104518e-06	11426.901675010808	1.882912851917024	6.0751145436601215	4.899016683087274	49.91137879663507	25.47268835355794	311219.79929315345	-148063.1028647913	296136.2057295826
KY1_US-Vir17-VA1	dadi_objects_duos/probs.KY1.US-Vir17-VA1.delim	330179	10002190.559927462	57029583.41749964	2499181.342297119	16.238829737515296	194.5494908016026	1.623527330360427e-06	3.4113784310390858e-06	25036.15321368959	1.4773894529812026	8.423645254918707	2.76859150212797	21.983140200097136	46.191282969330146	311219.79929315345	-139495.74749648274	279001.4949929655
KY1_US-Vir17-VA1	dadi_objects_duos/probs.KY1.US-Vir17-VA1.delim	330179	22744863.47111432	10092412.938044153	1616168.3782111777	205.7642231021056	68.28622473136542	9.046623795452697e-06	6.766095001320751e-06	9802.984033723484	8.580103160647251	3.807186807616719	4.5725348277955495	47.96311168980945	35.87227429699583	311219.79929315345	-166733.16132439327	333476.32264878653
KY1_US-Vir17-VA1	dadi_objects_duos/probs.KY1.US-Vir17-VA1.delim	330179	7537856.284730253	36967208.85913034	3385449.5566728455	8.068239827110622	57.27031609286157	1.0703626498497709e-06	1.5492193719872004e-06	20505.74297728035	1.359376675769671	6.666664843850368	4.57898846873095	11.870499135263495	17.181099525556707	311219.79929315345	-119348.45106107056	238706.90212214112
KY1_US-Vir17-VA1	dadi_objects_duos/probs.KY1.US-Vir17-VA1.delim	330179	19538577.470806092	11457446.232815666	1582206.2900638173	148.00412993283177	60.2518022544184	7.574969577696981e-06	5.258746236299075e-06	11876.99786860731	6.083503093251394	3.5673738122563536	3.6947507026339768	48.65753420821534	33.77936007009555	311219.79929315345	-170913.84817348205	341837.6963469641
KY1_US-Vir17-VA1	dadi_objects_duos/probs.KY1.US-Vir17-VA1.delim	330179	5698605.3934325045	19268181.634579983	222665.15738769784	1.102493042674628	0.032958465727035716	1.934671672380093e-07	1.7105125097993795e-09	64181.433262529375	0.328342154841258	1.110193782686188	0.09622137639169313	6.715513231663142	0.05937425743331134	311219.79929315345	-54273.08461132513	108556.16922265026
KY1_US-Vir17-VA1	dadi_objects_duos/probs.KY1.US-Vir17-VA1.delim	330179	19766539.791000605	50708974.45269641	2339101.6621317384	2.973639925173273	117.11864968652831	1.504380613205314e-07	2.309623709621298e-06	25328.561822123567	2.8859419472709225	7.403579889220362	2.561340277380626	2.060775981987636	31.638383441246706	311219.79929315345	-151323.7733093493	302657.5466186986
KY1_US-Vir17-VA1	dadi_objects_duos/probs.KY1.US-Vir17-VA1.delim	330179	17752464.65801171	45128542.256114766	4087661.5201082993	2.933291693428126	133.97538649919835	1.652329268040158e-07	2.9687505911194184e-06	23411.94544227613	2.804068533263045	7.128222910461834	4.8424610431017925	2.0921683322873044	37.590122582324845	311219.79929315345	-134650.88273744428	269311.76547488855
KY1_US-Vir17-VA1	dadi_objects_duos/probs.KY1.US-Vir17-VA1.delim	330179	16763392.358604394	3428959.484934217	6206339.267836528	1.182552377268721	1.860599303286555	7.054373911744271e-08	5.426133821240673e-07	35191.99508792748	1.7615115383915319	0.36031798147875416	4.891255354660407	1.3426564078581409	10.327540666444724	311219.79929315345	-41369.67874362499	82749.35748724997
KY1_US-Vir17-VA1	dadi_objects_duos/probs.KY1.US-Vir17-VA1.delim	330179	33284057.349808466	856917.459342529	3283001.14608912	13.277448092173609	2.2000301374771487	3.98913147896316e-07	2.5673769550279963e-06	18611.962462184434	6.613198586293564	0.17026065275443036	4.892238022031165	4.015439100737815	25.843083553195196	311219.79929315345	-67533.35608498604	135076.71216997207
KY1_US-Vir17-VA1	dadi_objects_duos/probs.KY1.US-Vir17-VA1.delim	330179	19159263.302570503	9009705.470955973	1965963.7794143418	18.12670404713713	26.63324561670752	9.461065261682145e-07	2.956061738373519e-06	12368.838783357287	5.7281891128455955	2.6936994378980765	4.408342159315386	6.328947487605666	19.77447464405289	311219.79929315345	-159697.33497905865	319404.6699581173
KY1_US-Vir17-VA1	dadi_objects_duos/probs.KY1.US-Vir17-VA1.delim	330179	11262850.528032353	11385425.733297542	2326245.654585007	43.85610408096559	62.18369217942141	3.893872512274862e-06	5.461692310508907e-06	16579.999018624418	2.512067417347877	2.5394066045771693	3.891345450404401	34.916343230363466	48.97497869568271	311219.79929315345	-137355.73572753277	274721.47145506553
KY1_US-Vir17-VA1	dadi_objects_duos/probs.KY1.US-Vir17-VA1.delim	330179	1631761.008020143	17361498.15741758	7877516.95021183	0.9138789132174764	1.4385452038912125	5.600568396509908e-07	8.285835651093302e-08	140311.5563074923	0.04300615144548227	0.4575738820872381	1.5571290849470005	42.499916058565525	6.287706795367087	311219.79929315345	-41374.26747062746	82758.53494125493
KY1_US-Vir17-VA1	dadi_objects_duos/probs.KY1.US-Vir17-VA1.delim	330179	6744292.700429772	88245851.42115748	7791080.9375253925	7.883873736124047	171.1096521664537	1.168969688344288e-06	1.9390107230063977e-06	43843.446074550346	0.5688518812227067	7.443155393867475	4.9285792706499	27.71854676538371	45.97771861848631	311219.79929315345	-114699.67410312283	229409.34820624566
KY1_US-Vir17-VA1	dadi_objects_duos/probs.KY1.US-Vir17-VA1.delim	330179	14169997.371900972	5188137.767559197	10561847.627003618	2.9313516001196285	1.8494943773127546	2.0687029949154987e-07	3.564852091780255e-07	66902.90149018474	0.7832353624448536	0.28677019890250827	4.378482890727473	7.485238130641786	12.898790630204342	311219.79929315345	-41331.97785432359	82673.95570864718
KY1_US-Vir17-VA1	dadi_objects_duos/probs.KY1.US-Vir17-VA1.delim	330179	10569090.228366548	37240978.84195256	10768643.669426385	3.00330938535143	39.55948994220913	2.8415968834202974e-07	1.0622569860501285e-06	59937.64542798487	0.6520867831402003	2.2976764858023406	4.982990285598194	9.211379414527133	34.43434285605712	311219.79929315345	-105557.16544265242	211124.33088530484
KY1_US-Vir17-VA1	dadi_objects_duos/probs.KY1.US-Vir17-VA1.delim	330179	21586572.774185803	20889903.387168035	798002.6278183954	66.34080658352845	25.505716859078554	3.0732440613667853e-06	1.2209590626802926e-06	28929.997812228474	2.759324430392666	2.670271995825395	0.7650408633854437	48.08481804663166	19.103459796569975	311219.79929315345	-208049.26543741947	416108.53087483894
KY1_US-Vir17-VA1	dadi_objects_duos/probs.KY1.US-Vir17-VA1.delim	330179	69793487.3574885	11950143.069182424	4055051.3048125436	29.14015726216248	0.3254516593963486	4.17519719467577e-07	2.7234122429516203e-08	89210.22770316205	2.893128488759407	0.4953656948121091	1.2606961241226278	20.14439204852459	1.3139854568241411	311219.79929315345	-114544.4995450569	229098.9990901138
KY1_US-Vir17-VA1	dadi_objects_duos/probs.KY1.US-Vir17-VA1.delim	330179	12260106.126226734	17888428.98190093	2012900.080045109	70.68599678952104	24.997798333638656	5.765528949077369e-06	1.397428380040014e-06	12245.411900672336	3.7024423246070293	5.402145454649565	4.559083340430228	38.183442491314715	9.254766849020452	311219.79929315345	-165987.55373175535	331985.1074635107
KY1_US-Vir17-VA1	dadi_objects_duos/probs.KY1.US-Vir17-VA1.delim	330179	2152053.094354898	18617855.309678905	5022213.546965142	2.9407754082131636	1.8012755624936818	1.3664976091561968e-06	9.674989586782581e-08	27900.846283427596	0.28523517143300053	2.467628314980274	4.992367082533195	20.62000554447002	1.459924536899376	311219.79929315345	-40519.76803972523	81049.53607945047
KY1_US-Vir17-VA1	dadi_objects_duos/probs.KY1.US-Vir17-VA1.delim	330179	27381996.68984042	7206479.665116997	5875779.312973395	43.73861632415668	7.501904692312961	1.5973494124475252e-06	1.0409943607592443e-06	39868.72337300816	2.5398043033694924	0.6684336526999834	4.087538522376049	34.442509028061565	22.446220838854387	311219.79929315345	-106170.26903097141	212350.53806194282
KY1_US-Vir17-VA1	dadi_objects_duos/probs.KY1.US-Vir17-VA1.delim	330179	4556903.188684307	14471690.142817853	18672141.619988162	1.5481344354216653	2.403697419545644	3.397338875370426e-07	1.6609652333791667e-07	108242.41300556477	0.1556825037152815	0.4944122929844682	4.78437684225703	19.888354805148257	9.723453294561004	311219.79929315345	-31000.438630245164	62010.87726049033
KY1_US-Vir17-VA1	dadi_objects_duos/probs.KY1.US-Vir17-VA1.delim	330179	20352950.936728023	2661303.9839195455	3476725.520588996	20.05073410667524	9.683166859200767	9.851512033320232e-07	3.638504626945879e-06	25372.34304395599	2.9664312092813936	0.3878835663597877	3.8004808025512467	13.518421761435318	49.92821402605641	311219.79929315345	-93571.39270858375	187152.7854171675
KY1_US-Vir17-VA1	dadi_objects_duos/probs.KY1.US-Vir17-VA1.delim	330179	23247671.224041086	20892026.225368466	3501430.3259812626	64.59058182288346	0.15382233298762632	2.7783678287779846e-06	7.362729269449469e-09	22055.604623147046	3.897875449086601	3.5029106924621067	4.403066383636997	33.141429307608654	0.08782543803850648	311219.79929315345	-135627.96826193357	271265.93652386713
KY1_US-Vir17-VA1	dadi_objects_duos/probs.KY1.US-Vir17-VA1.delim	330179	2159279.6003606967	74249178.21195997	4051370.23114093	3.8276977546299342	68.70234316999087	1.7726735129579962e-06	9.252943241185177e-07	46219.44760286573	0.17276334402103163	5.94065553926826	2.4311171902627935	44.311457112846384	23.129549496974633	311219.79929315345	-83230.47375576668	166470.94751153336
KY1_US-Vir17-VA1	dadi_objects_duos/probs.KY1.US-Vir17-VA1.delim	330179	13651465.226458564	9132289.218405716	5069789.713525613	0.31422635984369623	4.574990714127956	2.301777535459556e-08	5.009686623707963e-07	182330.12302482934	0.2768779129688963	0.1852203508909698	0.771187946642118	2.2697827824135293	49.400518810387425	311219.79929315345	-44808.469447908705	89626.93889581741
KY1_US-Vir17-VA1	dadi_objects_duos/probs.KY1.US-Vir17-VA1.delim	330179	19672735.2863229	11506451.153359756	2046086.447805047	87.21897441792292	31.025235716330695	4.433495045224356e-06	2.6963340219170593e-06	11644.592080220778	6.247524088157851	3.6541350098786074	4.873359071801444	27.921132655813537	16.98089185673595	311219.79929315345	-157513.07593196537	315036.15186393075
KY1_US-Vir17-VA1	dadi_objects_duos/probs.KY1.US-Vir17-VA1.delim	330179	35019561.37072514	19964917.188284237	749385.043831641	83.65892658638685	120.26329998980816	2.388919886824229e-06	6.023731471342178e-06	13359.532649266044	9.6936404470669	5.5264178420143875	1.5557595220565585	17.26057966420662	43.52305722361811	311219.79929315345	-312041.59653390804	624093.1930678161
KY1_US-Vir17-VA1	dadi_objects_duos/probs.KY1.US-Vir17-VA1.delim	330179	2855774.0785874836	2051272.2982585384	116406.61771151105	0.4408058636501481	1.8322836185504834	1.543559999914904e-07	8.93242511053277e-07	102520.00376822823	0.10301078679441998	0.07399155800087816	0.031491820647401	8.558440865612848	49.52682895334458	311219.79929315345	-11609.442687678844	23228.885375357688
KY1_US-Vir17-VA1	dadi_objects_duos/probs.KY1.US-Vir17-VA1.delim	330179	400892.1726140493	36795822.132931374	1850382.2636251529	1.3380072897445117	9.039849845452302	3.337573994074089e-06	2.456759849744424e-07	25340.364889167035	0.05850354503943823	5.369738259992327	2.025243770318544	45.74106710431097	3.3669610724993584	311219.79929315345	-80293.15437209814	160596.30874419629
KY1_US-Vir17-VA1	dadi_objects_duos/probs.KY1.US-Vir17-VA1.delim	330179	15660248.479046049	15705251.80204476	1328476.351770226	182.1573719617985	91.83517316944196	1.163183152588743e-05	5.847418069252821e-06	7660.9474803159155	7.559335734059474	7.5810592225565285	4.8095013957346175	48.194015551146144	24.22753086961713	311219.79929315345	-198891.83622618957	397793.67245237913
KY1_US-Vir17-VA1	dadi_objects_duos/probs.KY1.US-Vir17-VA1.delim	330179	14398676.257134235	17425492.70826199	1573348.4093039595	26.11603727949051	33.15436525086117	1.8137804346111729e-06	1.9026357421240442e-06	9001.005097657613	5.915603128186769	7.159151114611337	4.847999986368223	8.829543400250216	9.262093988544363	311219.79929315345	-200988.86836706864	401987.7367341373
KY1_US-Vir17-VA1	dadi_objects_duos/probs.KY1.US-Vir17-VA1.delim	330179	1806653.0921937102	16593467.170406569	2802365.274748824	1.7224507655559018	1.431103374900799	9.533931959590723e-07	8.624498787408843e-08	84719.4009673928	0.07886047033593406	0.7243054193504447	0.9174250172524036	43.683502221544295	3.951657233723887	311219.79929315345	-26800.045936429735	53610.09187285947
KY1_US-Vir17-VA1	dadi_objects_duos/probs.KY1.US-Vir17-VA1.delim	330179	7560952.475354939	116232988.25804128	6420424.700634228	2.6176090112024837	91.56835508548589	3.4620096075654855e-07	7.878000596715363e-07	56518.66726890328	0.4947115687177279	7.60510056706652	3.1506528711412036	10.582364257165922	24.080774285094336	311219.79929315345	-109596.36473762168	219202.72947524337
KY1_US-Vir17-VA1	dadi_objects_duos/probs.KY1.US-Vir17-VA1.delim	330179	37250631.096767	41626215.00784472	565100.9305726558	103.44136699011038	188.2581136820276	2.7769024025766936e-06	4.522585434360275e-06	17145.223469409302	8.034483355941909	8.978240684905183	0.9141376254077715	25.749351242008668	41.93652638395843	311219.79929315345	-329084.108322818	658178.216645636
KY1_US-Vir17-VA1	dadi_objects_duos/probs.KY1.US-Vir17-VA1.delim	330179	39038010.0090845	21079605.726928752	2409534.805105888	145.838840618755	3.666234603102965	3.735816466690207e-06	1.7392330058713705e-07	24021.821746078313	6.009650305543978	3.2450695864902985	2.7819926368552097	48.53488412935336	2.2595722559331475	311219.79929315345	-154294.6723054704	308599.3446109408
KY1_US-Vir17-VA1	dadi_objects_duos/probs.KY1.US-Vir17-VA1.delim	330179	7764487.015730604	2909529.571057614	1112706.9155767404	0.4171493264947497	1.6578137255584549	5.3725291271608595e-08	5.69787549866984e-07	158633.4281565202	0.18100289823768315	0.0678258954909357	0.19454263314206235	4.609311017185724	48.88438887710686	311219.79929315345	-22707.45189692462	45424.90379384924
KY1_US-Vir17-VA1	dadi_objects_duos/probs.KY1.US-Vir17-VA1.delim	330179	9509853.989041757	14184107.858917626	2187498.0060227667	40.78320726090346	37.87953853409142	4.288520865609305e-06	2.6705619352912874e-06	14618.521761590175	2.4056800182886695	3.5881123824581134	4.150237206121818	33.905762155280684	21.113908649729204	311219.79929315345	-144491.1917487738	288992.3834975476
KY1_US-Vir17-VA1	dadi_objects_duos/probs.KY1.US-Vir17-VA1.delim	330179	14555981.161342347	13257902.415381184	2299724.3711003982	23.29876849987299	54.190303929097176	1.60063194927386e-06	4.087396499934121e-06	13045.544450126665	4.126166478458546	3.7582016570826355	4.8892505235977985	11.29317909081407	28.838422667911477	311219.79929315345	-148735.51351961814	297481.0270392363
KY1_US-Vir17-VA1	dadi_objects_duos/probs.KY1.US-Vir17-VA1.delim	330179	13290528.374606656	28165899.67101664	3447542.7484263144	1.8543509792043276	20.71664921061525	1.3952424816663533e-07	7.355223675646746e-07	20281.446886836795	2.4233200914146944	5.135611515337156	4.714541225375561	1.5304218256382203	8.067841248796324	311219.79929315345	-108975.7467801314	217961.4935602628
KY1_US-Vir17-VA1	dadi_objects_duos/probs.KY1.US-Vir17-VA1.delim	330179	7313541.150184515	64164685.98817331	5030811.648730363	5.108095735585937	79.39895753527894	6.984435625219752e-07	1.2374245476696257e-06	28474.818202586983	0.9498044934286086	8.333023062222756	4.900109781827956	10.756099325550059	19.056459328722898	311219.79929315345	-111869.6447723758	223749.2895447516
KY1_US-Vir17-VA1	dadi_objects_duos/probs.KY1.US-Vir17-VA1.delim	330179	1375990.6116766378	2254384.837169108	60211.644208124795	1.3027909868619183	1.6326861953985439	9.468022352815866e-07	7.242269236732235e-07	95592.5463840226	0.05323029963333652	0.08721104588434717	0.01746968879272423	48.94922613007498	37.44218817335803	311219.79929315345	-6165.732507196353	12341.465014392707
KY1_US-Vir17-VA1	dadi_objects_duos/probs.KY1.US-Vir17-VA1.delim	330179	15974739.746910559	12749843.189916393	3225072.444142538	11.41273724529533	52.07430840419805	7.144239859996781e-07	4.084309714913406e-06	18810.590795188473	3.140500205763693	2.5065125188741164	4.755166748479059	7.268101574615265	41.55120551928379	311219.79929315345	-131701.54308118788	263413.08616237575
KY1_US-Vir17-VA1	dadi_objects_duos/probs.KY1.US-Vir17-VA1.delim	330179	13043063.526550213	12549994.38331656	2044622.88306963	35.009277291495074	35.543440101204254	2.6841299377428355e-06	2.832147889122104e-06	11628.241933485135	4.1479453045256225	3.991139824484888	4.87672055305953	16.880298423076187	17.811172579397983	311219.79929315345	-154799.83327985535	309609.6665597107
KY1_US-Vir17-VA1	dadi_objects_duos/probs.KY1.US-Vir17-VA1.delim	330179	25785946.71326953	32833807.860075418	771123.1264288928	65.46061603172859	158.1312918655903	2.5386159662713625e-06	4.816111872844074e-06	14513.51863463015	6.570188602692687	8.365964320955362	1.4736003818915808	19.926556143274368	37.80348225236808	311219.79929315345	-297020.56191126374	594051.1238225275
KY1_US-Vir17-VA1	dadi_objects_duos/probs.KY1.US-Vir17-VA1.delim	330179	38271678.98395119	5582736.0385221215	2540985.9548207177	158.61828467993507	25.596843073679178	4.1445342585165896e-06	4.584999702127284e-06	15279.572822129985	9.262618414418563	1.3511493356467974	4.61232354000497	34.24912429362814	37.888991835866804	311219.79929315345	-133944.4149283767	267898.8298567534
KY1_US-Vir17-VA1	dadi_objects_duos/probs.KY1.US-Vir17-VA1.delim	330179	9930178.168853639	8677268.713400833	5000491.99980358	24.987780312992424	20.200941553136577	2.5163476312406455e-06	2.3280299620016416e-06	34001.047682964614	1.0800210298129884	0.943752723511614	4.078957213054054	46.27276622070812	42.80981882197022	311219.79929315345	-106664.70325152863	213339.40650305725
KY1_US-Vir17-VA1	dadi_objects_duos/probs.KY1.US-Vir17-VA1.delim	330179	167376.37765239843	252771.8056805947	2099.879567578074	0.054685045338883465	0.017826791755393197	3.267190155856492e-07	7.052523800031453e-08	81359.1621360145	0.007607731344755251	0.011489195883664696	0.0007158411045711842	14.376176776164208	3.1032270553832713	311219.79929315345	-13384.669639759602	26779.339279519205
KY1_US-Vir17-VA1	dadi_objects_duos/probs.KY1.US-Vir17-VA1.delim	330179	15528110.876814023	12758118.446921349	1307573.9901511215	179.59723975893266	124.15222693639564	1.1565942643229084e-05	9.731233289055622e-06	7444.56445822959	7.713416799543216	6.337453792011841	4.871421300696068	46.567492572051414	39.18047563293813	311219.79929315345	-190931.7559013635	381873.511802727
KY1_US-Vir17-VA1	dadi_objects_duos/probs.KY1.US-Vir17-VA1.delim	330179	3591690.062354555	950699228.5593014	30553512.533980787	0.4132890025824324	214.61663082333018	1.1506811428809595e-07	2.2574608706537214e-07	404748.51691848104	0.032815653512016554	8.68611042070026	2.0936524589093044	25.188527934151473	49.416049400400816	311219.79929315345	-213470.9164357444	426951.8328714888
KY1_US-Vir17-VA1	dadi_objects_duos/probs.KY1.US-Vir17-VA1.delim	330179	19574691.358761724	18554043.56470924	1959501.8981986549	115.89161688106188	22.76186673694158	5.920482461614305e-06	1.2267873931392422e-06	11211.963226796968	6.456255799181653	6.119618908285093	4.847220051647563	35.90056543167061	7.4389817660460045	311219.79929315345	-175731.31053229707	351472.62106459413
KY1_US-Vir17-VA1	dadi_objects_duos/probs.KY1.US-Vir17-VA1.delim	330179	15251937.248829275	20290879.6606591	3258868.4144051527	10.740463394686175	75.90437819418183	7.042032247746498e-07	3.740812594800844e-06	18567.82329193373	3.037606307895638	4.041172150423087	4.867820360656576	7.071662556644376	37.56552572809109	311219.79929315345	-134992.55745268997	269995.11490537995
KY1_US-Vir17-VA1	dadi_objects_duos/probs.KY1.US-Vir17-VA1.delim	330179	1041889.6203195855	1844556.070582852	13424.409881534766	1.2003229760416834	0.0002020566225743588	1.152063474510381e-06	1.0954214176341734e-10	79223.24579162261	0.04863361477445837	0.0861007035842228	0.004699712426654579	49.361865516608674	0.004693495271538848	311219.79929315345	-15071.298097099163	30152.596194198326
KY1_US-Vir17-VA1	dadi_objects_duos/probs.KY1.US-Vir17-VA1.delim	330179	27580306.669156067	28179808.456182837	687900.4694794635	206.48991815365915	185.2319773495861	7.486860847148715e-06	6.573216338131104e-06	11351.969144134857	8.98452992190405	9.179822955023242	1.6806725854553648	45.96565873752439	40.3563289307723	311219.79929315345	-315148.08573030523	630306.1714606105
KY1_US-Vir17-VA1	dadi_objects_duos/probs.KY1.US-Vir17-VA1.delim	330179	819583.0131237394	1407480.148454382	11270.794147443752	0.6836001899934895	0.07627403856805451	8.340829166139398e-07	5.419191073622921e-08	80359.35112954868	0.037715858502192376	0.06476991503450744	0.0038899749861619377	36.25001350313968	2.355230465484416	311219.79929315345	-13432.009922622336	26874.01984524467
KY1_US-Vir17-VA1	dadi_objects_duos/probs.KY1.US-Vir17-VA1.delim	330179	31288868.90193911	793330.1867408961	3731110.1686286	12.330038140024106	2.0594453347184776	3.940710729642246e-07	2.595949793841764e-06	21776.016911898514	5.313478027412766	0.1347233908947656	4.75213029505931	4.6410422990034785	30.57294388213759	311219.79929315345	-63118.98800516349	126247.97601032698
KY1_US-Vir17-VA1	dadi_objects_duos/probs.KY1.US-Vir17-VA1.delim	330179	16856887.956633724	21861862.79158231	2494979.049361397	22.377977131433678	0.8489632675469287	1.327527191792672e-06	3.883307088880887e-08	16354.217503285232	3.8116683090567607	4.943389894623365	4.231222330231763	11.74182815344253	0.34347412833865126	311219.79929315345	-135910.58598600322	271831.17197200644
KY1_US-Vir17-VA1	dadi_objects_duos/probs.KY1.US-Vir17-VA1.delim	330179	7982314.669732104	20060441.903015718	3428941.235168245	23.16533737866187	2.1909275441347895	2.9020827087288114e-06	1.0921631511045746e-07	19370.87001782662	1.5238674327283355	3.829647836116994	4.9095267149418325	30.403349899258103	1.1441926975490484	311219.79929315345	-119890.63300291727	239791.26600583454
KY1_US-Vir17-VA1	dadi_objects_duos/probs.KY1.US-Vir17-VA1.delim	330179	66330753.53052889	2855661.3495754525	5128776.21205932	94.97766624014885	6.597185088062496	1.431879802125799e-06	2.3102126899757533e-06	28503.078444259307	8.60578780720845	0.3704950466510539	4.9905762299762735	22.072974228017305	35.61281127882917	311219.79929315345	-98096.16441088007	196202.32882176014
KY1_US-Vir17-VA1	dadi_objects_duos/probs.KY1.US-Vir17-VA1.delim	330179	767677.5243376095	1275712.503671863	2644.8153665579675	0.7020939106955049	0.030841876691248	9.145687980136014e-07	2.4176196911511266e-08	72912.10504100747	0.03893558097459876	0.064702438084119	0.0010060612801657573	36.064385999712954	0.9533451166446241	311219.79929315345	-57361.04950255134	114732.09900510267
KY1_US-Vir17-VA1	dadi_objects_duos/probs.KY1.US-Vir17-VA1.delim	330179	1550289.116372115	3208044.3556995005	75576.83824717472	1.4676416036169249	1.8051132456687455	9.466889679593466e-07	5.626833813758626e-07	93074.12121431633	0.0615958176014453	0.12746146051352542	0.02252104234128227	47.65393693166881	28.324063421149926	311219.79929315345	-6329.024982179826	12668.049964359652
KY1_US-Vir17-VA1	dadi_objects_duos/probs.KY1.US-Vir17-VA1.delim	330179	37582060.31428981	8500623.008822108	2402814.8873675084	167.33580431604437	25.9403325789103	4.452544722579202e-06	3.051580166770004e-06	14735.929503106963	9.431277437017501	2.133244779909315	4.522426227426989	35.48528933297116	24.320071304722035	311219.79929315345	-142988.37586551142	285986.75173102284
KY1_US-Vir17-VA1	dadi_objects_duos/probs.KY1.US-Vir17-VA1.delim	330179	14459891.05368576	36895941.425087385	2699487.0822194335	13.563171403504917	137.29302897499485	9.379857256979627e-07	3.7210875687709783e-06	16481.359697887343	3.2444378075712637	8.278526225477725	4.542730031732139	8.360876187457635	33.16847111082798	311219.79929315345	-146330.63074556718	292671.26149113436
KY1_US-Vir17-VA1	dadi_objects_duos/probs.KY1.US-Vir17-VA1.delim	330179	44676069.334359616	20687600.556191884	589641.7553540505	141.12908270283765	67.71902978389805	3.158941348367405e-06	3.273411510433938e-06	21563.87809780388	7.661530921955096	3.547731340823685	0.7583855937224281	36.840961458085154	38.17596276508106	311219.79929315345	-280874.9411972823	561759.8823945646
KY1_US-Vir17-VA1	dadi_objects_duos/probs.KY1.US-Vir17-VA1.delim	330179	9812314.821012083	17876323.86091782	2961504.20062292	26.179950402916308	84.02467323016432	2.668070774375745e-06	4.700332903112344e-06	17089.011970549986	2.1233519743415576	3.8683764490277364	4.8064464846245505	24.659077457975002	43.44182854865781	311219.79929315345	-130976.27881534329	261962.55763068658
KY1_US-Vir17-VA1	dadi_objects_duos/probs.KY1.US-Vir17-VA1.delim	330179	31173868.91838277	13970689.221284881	3983997.1664464013	47.55713924526268	3.872265183166312	1.5255449803094198e-06	2.771706622223596e-07	22299.318852533976	5.16971471896104	2.3168275291847746	4.955142353952115	18.39836115940272	3.342730638675423	311219.79929315345	-122616.03654072736	245242.07308145473
KY1_US-Vir17-VA1	dadi_objects_duos/probs.KY1.US-Vir17-VA1.delim	330179	13183222.35674568	44589102.86497124	2107874.787572555	5.929646494772724	71.45313554541433	4.49787338354238e-07	1.6024797754239456e-06	32215.217506373046	1.5133102716152216	5.118410775582611	1.8147318167928796	7.836656640734694	27.92004732651848	311219.79929315345	-138347.94492321633	276705.88984643266
KY1_US-Vir17-VA1	dadi_objects_duos/probs.KY1.US-Vir17-VA1.delim	330179	12806168.691522263	25877724.049578667	2045935.9357992343	9.278049524857892	36.84519563606621	7.244984622918484e-07	1.4238190176800386e-06	11609.929603093959	4.079031907156327	8.242595004444738	4.887549359537751	4.549142902550145	8.940193134855662	311219.79929315345	-159688.57494070876	319387.1498814175
KY1_US-Vir17-VA1	dadi_objects_duos/probs.KY1.US-Vir17-VA1.delim	330179	6316756.996693884	11885432.97889493	28553734.099424995	1.2168190708609554	1.2218057042493993	1.926335098053992e-07	1.0279858600178643e-07	167597.9184450234	0.13937761226951081	0.2622490100940562	4.725230545418837	17.460753575086713	9.317905175780803	311219.79929315345	-35682.670720922484	71375.34144184497
KY1_US-Vir17-VA1	dadi_objects_duos/probs.KY1.US-Vir17-VA1.delim	330179	13462754.523353973	13325244.752331065	2681138.474628531	7.117977169270376	2.994362770655442	5.287162561660581e-07	2.247135288176692e-07	15578.373767521802	3.1957976866865563	3.1631555251311716	4.773378114201156	4.45458559465345	1.8932757158889746	311219.79929315345	-91583.5198569077	183177.0397138154
KY1_US-Vir17-VA1	dadi_objects_duos/probs.KY1.US-Vir17-VA1.delim	330179	59294710.058438204	8783677.959449528	2520759.7526884223	38.88348859346079	1.3317385551505776	6.557665693135015e-07	1.5161513904524313e-07	106785.87415472954	2.0533813497934568	0.3041795884784629	0.6547060605712154	37.87264221268198	8.756265085452108	311219.79929315345	-96861.83263979875	193733.6652795975
KY1_US-Vir17-VA1	dadi_objects_duos/probs.KY1.US-Vir17-VA1.delim	330179	20101479.147024285	11986201.16639652	1737634.7186929637	88.3037480233353	37.306128453912116	4.392898023945035e-06	3.1124230217744355e-06	9927.689664379179	7.4876803048662	4.46478797641503	4.854438514637534	23.586409789944483	16.71126541774412	311219.79929315345	-176151.99388121124	352313.9877624225
KY1_US-Vir17-VA1	dadi_objects_duos/probs.KY1.US-Vir17-VA1.delim	330179	2997630.95008076	8842711.125788454	2036090.6949050338	1.4835116924210647	1.2112749822259623	4.948947075626828e-07	1.3698004661641143e-07	184139.29617656936	0.06020036935189363	0.17758506123985088	0.3066756910200977	49.28580034947577	13.641631495004908	311219.79929315345	-16562.181732678364	33134.36346535673
KY1_US-Vir17-VA1	dadi_objects_duos/probs.KY1.US-Vir17-VA1.delim	330179	3376723.4982652683	16330997.050011832	5538082.856221578	1.5629920519665932	1.1940033412366804	4.628723828793067e-07	7.311270325872818e-08	40634.940239034964	0.307300555418617	1.4862112537750305	3.7799715910690885	10.172399785203273	1.606774727622158	311219.79929315345	-33611.46189264578	67232.92378529155
KY1_US-Vir17-VA1	dadi_objects_duos/probs.KY1.US-Vir17-VA1.delim	330179	13058459.047513144	43140211.25155577	3120043.0481182504	6.565941628281918	82.71587284473516	5.028113657508722e-07	1.9173729206472573e-06	20740.156095588078	2.328345264893137	7.691972401075786	4.172316810710612	5.640006855755796	21.50706438654581	311219.79929315345	-134208.6708587656	268427.3417175312
KY1_US-Vir17-VA1	dadi_objects_duos/probs.KY1.US-Vir17-VA1.delim	330179	11821651.10973505	18002435.043449383	4273487.14886408	10.704393452621119	52.85168933961863	9.054905573897476e-07	2.935807806669464e-06	26036.60054126731	1.6790411051717764	2.5569041202920277	4.552257649963077	12.75060320995059	41.34037637170562	311219.79929315345	-120087.50995165887	240185.01990331773
KY1_US-Vir17-VA1	dadi_objects_duos/probs.KY1.US-Vir17-VA1.delim	330179	7037788.480156153	18974397.579315085	2445316.842708018	35.02442915451422	84.52415224651106	4.976624297997814e-06	4.454642203695308e-06	13781.058689384581	1.888517868445736	5.091583666171079	4.921316192137524	37.091975394799505	33.20151755851399	311219.79929315345	-135976.05535788726	271962.1107157745
KY1_US-Vir17-VA1	dadi_objects_duos/probs.KY1.US-Vir17-VA1.delim	330179	17637757.497912366	11000707.12886325	1368289.562554234	148.53045930473712	99.61431902511308	8.421164613603369e-06	9.05526507143788e-06	8997.187971197784	7.249433055896537	4.521486924154454	4.217935481605353	40.97712418598736	44.062637223590585	311219.79929315345	-185362.21134996536	370734.4226999307
KY1_US-Vir17-VA1	dadi_objects_duos/probs.KY1.US-Vir17-VA1.delim	330179	3083684.794093168	65048862.73275622	3199621.0796063766	5.265866714032444	75.9986416345198	1.7076540131855465e-06	1.1683315963070585e-06	53699.20637241919	0.21235846748194337	4.479600777560553	1.6525682107238893	49.5941299301399	33.93098867881982	311219.79929315345	-93823.48739746473	187656.97479492947
KY1_US-Vir17-VA1	dadi_objects_duos/probs.KY1.US-Vir17-VA1.delim	330179	15552069.275540566	28263827.271843627	2877790.432955965	4.187788325604701	42.7081583179194	2.692753132337844e-07	1.511053613056332e-06	18313.31311316528	3.1404272113677196	5.7073107564851435	4.358338481655166	2.6670182390763544	14.966123325032083	311219.79929315345	-133605.5854286442	267221.1708572884
KY1_US-Vir17-VA1	dadi_objects_duos/probs.KY1.US-Vir17-VA1.delim	330179	2267812.6290677735	2700209.9785399623	70544.1153310687	0.7574113295888641	2.6108456630175314	3.3398320473248805e-07	9.66904679179524e-07	91440.00686098498	0.09171458178631756	0.10920153884972178	0.021397018084684475	16.51670464689092	47.81701229706038	311219.79929315345	-6878.500387786184	13767.000775572367
KY1_US-Vir17-VA1	dadi_objects_duos/probs.KY1.US-Vir17-VA1.delim	330179	24701908.587484732	11619255.712391466	2402136.61661777	75.84791649587775	16.88713493433682	3.0705285879936515e-06	1.453374927993656e-06	16387.96699449977	5.574076183845041	2.6219276259997515	4.065381766390272	27.214524521822113	12.881465351582838	311219.79929315345	-145014.8434346379	290039.6868692758
KY1_US-Vir17-VA1	dadi_objects_duos/probs.KY1.US-Vir17-VA1.delim	330179	12027538.716306603	51141382.60559297	6466922.588157681	1.2272660700575586	35.674067786457265	1.0203800619603622e-07	6.975577500823343e-07	48492.11353506427	0.9172191653994629	3.9000378529050366	3.6987524104111547	2.6760584958406652	18.29421617530434	311219.79929315345	-107870.94851899415	215751.8970379883
KY1_US-Vir17-VA1	dadi_objects_duos/probs.KY1.US-Vir17-VA1.delim	330179	536955.4807700845	2278283.2779889563	9041.340393977467	0.5674797599693182	2.475046249017368	1.0568469459618082e-06	1.0863645767536399e-06	78381.01581759533	0.025333480621060403	0.10748907002391245	0.0031992681666780922	44.8007732105755	46.05205438035251	311219.79929315345	-17453.22217304804	34916.44434609608
KY1_US-Vir17-VA1	dadi_objects_duos/probs.KY1.US-Vir17-VA1.delim	330179	4370779.718993752	7924128.385788252	1864428.4226484788	1.6289760309597336	0.41274853798880246	3.726968952200499e-07	5.208756318601019e-08	200597.02110598164	0.08057529614082377	0.14608125606700448	0.2577804323861791	40.43363435146984	5.6509445373263105	311219.79929315345	-28411.24729169279	56832.49458338558
KY1_US-Vir17-VA1	dadi_objects_duos/probs.KY1.US-Vir17-VA1.delim	330179	105925037.19624175	4605229.848176383	213556.57758640932	15.503939486703874	1.978203759528391	1.463670903223809e-07	4.295559233187321e-07	56521.014350092766	6.930365643574789	0.3013067313012861	0.10479286579251175	4.474205340400108	13.130830174187663	311219.79929315345	-89766.67336462626	179543.34672925252
KY1_US-Vir17-VA1	dadi_objects_duos/probs.KY1.US-Vir17-VA1.delim	330179	18456450.96000317	60693139.48343618	441663.47569333576	35.485703354563185	146.384727127864	1.9226721015575515e-06	2.4118826011268373e-06	35354.975029206806	1.930479209352381	6.3482867956038245	0.3464732127697114	36.763621366808295	46.11786828195447	311219.79929315345	-223986.96059964635	447983.9211992927
KY1_US-Vir17-VA1	dadi_objects_duos/probs.KY1.US-Vir17-VA1.delim	330179	25827091.997582443	112546981.27456503	469153.136875289	3.5273248796488645	215.7141792448914	1.3657460468174432e-07	1.916658952572383e-06	46476.219288858185	2.0550017113805534	8.955101842344298	0.27997067509468276	3.432916732005252	48.176823232737455	311219.79929315345	-177942.19750705603	355894.39501411206
