Pair_name	fs_name	L	pop1_size	pop2_size	divergence_time	mig_pop1	mig_pop2	Mij	Mji	theta	nu1	nu2	Ts	m12	m21	fs_sanitycheck	-2LL_model	AIC
KY3_US-Vir17-VA1	dadi_objects_duos/probs.KY3.US-Vir17-VA1.delim	327185	45538527.47171783	56069941.76364401	503577.9970214992	98.62905185204394	224.66000917869056	2.165837529843242e-06	4.006781568022977e-06	20703.91452745732	8.060053504376349	9.92405235068065	0.6684777081116898	24.473547675208746	45.2758613598571	307155.131142541	-319434.47013230564	638878.9402646113
KY3_US-Vir17-VA1	dadi_objects_duos/probs.KY3.US-Vir17-VA1.delim	327185	44448506.96472128	8519820.302979652	2288567.3788335216	237.663889757099	29.486942000452785	5.346948772559054e-06	3.460981681754516e-06	16835.75350699983	9.67466702017852	1.8544250444341435	3.7359735593550103	49.13117717879113	31.80170812398663	307155.131142541	-147296.59657643703	294603.19315287407
KY3_US-Vir17-VA1	dadi_objects_duos/probs.KY3.US-Vir17-VA1.delim	327185	55411533.19728254	1475379.854915491	1021215.2787242843	22.42203700155841	2.307932729994398	4.046456704550817e-07	1.564297304389177e-06	46520.28120259771	4.364849193284191	0.11621787375180309	0.6033198603393715	10.273911426794411	39.71734562831977	307155.131142541	-88747.08794758964	177504.17589517927
KY3_US-Vir17-VA1	dadi_objects_duos/probs.KY3.US-Vir17-VA1.delim	327185	9334098.081512155	24398286.144692037	1990012.064211339	41.87403115141861	144.4887519276054	4.486135755778868e-06	5.922086128129111e-06	10993.897031730416	3.111229891114533	8.132406203839029	4.974812232164206	26.917992316162866	35.534071541925	307155.131142541	-157240.39105224435	314490.7821044887
KY3_US-Vir17-VA1	dadi_objects_duos/probs.KY3.US-Vir17-VA1.delim	327185	30431309.173834	15047162.284728829	9394166.36087953	30.559344342254473	1.0560442321795638	1.0042073499923744e-06	7.018228501804154e-08	59100.603797689044	1.8868619476814597	0.9329837823755178	4.368566773369173	32.3917119424717	2.263799761858058	307155.131142541	-113044.18338139914	226098.36676279828
KY3_US-Vir17-VA1	dadi_objects_duos/probs.KY3.US-Vir17-VA1.delim	327185	11023677.374603925	19824441.56021143	1238753.2109542238	114.37341120166803	96.18058446390053	1.037525022867221e-05	4.851616332887752e-06	7631.0273933897715	5.293645926531702	9.519833604051714	4.461433561438117	43.21158339224375	20.206358317642305	307155.131142541	-218355.18640347797	436720.37280695594
KY3_US-Vir17-VA1	dadi_objects_duos/probs.KY3.US-Vir17-VA1.delim	327185	13287603.200320026	13509171.266537117	2261597.8808593396	77.00339680784982	31.783206368010184	5.795130667808867e-06	2.3527132598236246e-06	13322.345687397961	3.6549156595405354	3.715860630778949	4.665598249223732	42.13689397009508	17.10678064981545	307155.131142541	-152608.59810229603	305227.19620459207
KY3_US-Vir17-VA1	dadi_objects_duos/probs.KY3.US-Vir17-VA1.delim	327185	17244032.506044354	21969729.200818613	1711561.54108343	44.32741585030032	188.10503897623087	2.5705945424750698e-06	8.562009902662883e-06	10460.448598014951	6.04087613388596	7.6963675840116315	4.496916865856623	14.675823462642493	48.881511160407335	307155.131142541	-181438.83533217214	362887.6706643443
KY3_US-Vir17-VA1	dadi_objects_duos/probs.KY3.US-Vir17-VA1.delim	327185	59278482.290084206	5765161.115714441	5195327.444755379	123.93511894185356	9.696526077361339	2.0907269240694575e-06	1.6819176225502084e-06	29816.925035584194	7.285269634453217	0.7085328704690962	4.78875612865274	34.02348167204255	27.37071625467874	307155.131142541	-119332.74356770814	238675.48713541628
KY3_US-Vir17-VA1	dadi_objects_duos/probs.KY3.US-Vir17-VA1.delim	327185	1334742.4453154686	6092085.138917042	171505.74746068835	1.2461624739103585	2.94812773382949	9.33635158066638e-07	4.839275332835488e-07	97737.51943630795	0.05004348735551282	0.2284104972372001	0.04822697426813824	49.803182782108024	25.81429285859759	307155.131142541	-10147.393291333845	20304.78658266769
KY3_US-Vir17-VA1	dadi_objects_duos/probs.KY3.US-Vir17-VA1.delim	327185	36213885.143258125	11317916.075699978	1911982.6298378357	212.87926861005417	33.322495579027304	5.878388020725402e-06	2.9442253641173435e-06	14923.596510351397	8.892277945643858	2.77910130637644	3.5211383812609935	47.87958044301556	23.980770692001283	307155.131142541	-163038.09478520858	326086.18957041716
KY3_US-Vir17-VA1	dadi_objects_duos/probs.KY3.US-Vir17-VA1.delim	327185	28537780.253136158	1984767.3678699143	7296660.046961479	22.12770178520811	4.171414683472966	7.753827238464486e-07	2.1017146649029193e-06	42299.39580424529	2.472278733335355	0.17194393224271654	4.740919685194161	17.900652937588145	48.52063843212083	307155.131142541	-74656.1534178166	149322.3068356332
KY3_US-Vir17-VA1	dadi_objects_duos/probs.KY3.US-Vir17-VA1.delim	327185	28319603.58048552	21129323.71917401	2753610.8428104473	118.04008567369208	3.305278320516737	4.168140466310453e-06	1.5643086188874707e-07	21909.29936338106	4.736636834002987	3.534016029616216	3.4541939796283523	49.84130715967727	1.8705508366783956	307155.131142541	-154864.88478864168	309739.76957728335
KY3_US-Vir17-VA1	dadi_objects_duos/probs.KY3.US-Vir17-VA1.delim	327185	12727720.892653834	13627250.730096173	2707177.2177138114	0.5174751502653895	2.3632358880612276	4.0657330140234686e-08	1.7341985811136163e-07	22903.82423012279	2.0363576128742817	2.180276893312033	3.248488500541854	0.5082360259257044	2.167830971662745	307155.131142541	-68327.70978454509	136665.41956909018
KY3_US-Vir17-VA1	dadi_objects_duos/probs.KY3.US-Vir17-VA1.delim	327185	20134738.35005681	7526580.894428195	1822685.429615012	42.47241603879088	43.27747723837926	2.109409881587612e-06	5.749951783606932e-06	10517.560225024345	7.015237691300083	2.622371001759891	4.762876972965766	12.108617813894707	33.00637263707954	307155.131142541	-171488.46064320038	342986.92128640076
KY3_US-Vir17-VA1	dadi_objects_duos/probs.KY3.US-Vir17-VA1.delim	327185	9202811.97079427	12918431.307496527	2123849.5452517364	65.98546069875391	67.81402168965232	7.1701411381828855e-06	5.249400649001404e-06	11706.87385666362	2.880653469162037	4.043712300128582	4.986036556560127	45.812841707717546	33.54047798479431	307155.131142541	-147279.69199266488	294569.38398532977
KY3_US-Vir17-VA1	dadi_objects_duos/probs.KY3.US-Vir17-VA1.delim	327185	31405017.27840171	41299445.90463241	731120.1524060318	35.52370460512772	175.43940992695536	1.1311474306864518e-06	4.247984593596616e-06	21178.27697049953	5.434002333453514	7.1460328592288915	0.9487914893529166	13.074600423497081	49.10120436974496	307155.131142541	-271598.39616841933	543206.7923368387
KY3_US-Vir17-VA1	dadi_objects_duos/probs.KY3.US-Vir17-VA1.delim	327185	19999648.773913626	17578279.384231042	1534304.3917224507	47.428694384492616	157.55561527063722	2.371476365442769e-06	8.963085170439134e-06	10207.898125148495	7.179553718437476	6.3103208733046445	4.1309301382806	13.212156700685506	49.93584904284815	307155.131142541	-197159.26823576074	394328.5364715215
KY3_US-Vir17-VA1	dadi_objects_duos/probs.KY3.US-Vir17-VA1.delim	327185	3830979.8135631187	15143713.031133968	8447621.136190828	1.3614617206783852	1.737816824645918	3.553821181354951e-07	1.1475500236125311e-07	46689.045137555164	0.30068120301040674	1.188581008995367	4.972698008896941	9.055848566837511	2.9241874327350823	307155.131142541	-28801.723087237377	57613.44617447475
KY3_US-Vir17-VA1	dadi_objects_duos/probs.KY3.US-Vir17-VA1.delim	327185	11080159.200098533	15326917.15533189	1784338.3168518199	64.53043709390704	118.1644113667229	5.8239629890275565e-06	7.709600708947276e-06	11099.043572707873	3.65823711550647	5.0603512270319495	4.418392515668687	35.27952675367957	46.70205923078977	307155.131142541	-160176.01058779602	320362.02117559203
KY3_US-Vir17-VA1	dadi_objects_duos/probs.KY3.US-Vir17-VA1.delim	327185	6047030.2042723335	26361451.80729502	2688128.769954764	31.68784731060737	134.2831684805407	5.240233013590597e-06	5.093921589075016e-06	15019.520621234902	1.4753581972104461	6.43168343805899	4.918884746280515	42.95614091618104	41.756771698659925	307155.131142541	-135341.7594857922	270693.5189715844
KY3_US-Vir17-VA1	dadi_objects_duos/probs.KY3.US-Vir17-VA1.delim	327185	17402815.866796147	4203845.4778179545	10877088.022555223	0.2783515640568309	2.1925576202247266	1.5994627891680116e-08	5.215599935330626e-07	88978.86895347857	0.7167109698637845	0.1731295781456241	3.3596838476410755	0.7767470452133122	25.32851571301705	307155.131142541	-39289.19040059068	78588.38080118137
KY3_US-Vir17-VA1	dadi_objects_duos/probs.KY3.US-Vir17-VA1.delim	327185	432464.57174440013	1269289.1656887957	5903.724899753935	0.21504324696618363	1.4841052270302562	4.972505518747575e-07	1.1692412313508465e-06	77911.19836529306	0.020340520328272892	0.05969969279335262	0.002082566495227985	21.14432113786962	49.71902392085698	307155.131142541	-15812.322776151716	31634.64555230343
KY3_US-Vir17-VA1	dadi_objects_duos/probs.KY3.US-Vir17-VA1.delim	327185	16670898.600330457	4346507.954355194	8212753.4370977	0.647216391837497	2.566970247173359	3.8823125696695657e-08	5.905822039509347e-07	63727.22906679502	0.9586175647417412	0.24993486975273133	3.5419008423582086	1.3503119818420228	20.54111336855835	307155.131142541	-39717.496165506345	79444.99233101269
KY3_US-Vir17-VA1	dadi_objects_duos/probs.KY3.US-Vir17-VA1.delim	327185	11735520.663260156	24823372.67067139	1851606.2458696875	46.129402363145424	174.27243567448963	3.930750384817657e-06	7.020497898756162e-06	10390.314909063864	4.138901202929262	8.754744672645938	4.8977044703219415	22.290651601201713	39.812111532847126	307155.131142541	-165775.554815365	331561.10963073
KY3_US-Vir17-VA1	dadi_objects_duos/probs.KY3.US-Vir17-VA1.delim	327185	13974356.980756545	8971239.688159242	3731679.531812225	1.106358159197822	2.6777679874104794	7.91705951637945e-08	2.984836076718306e-07	21086.397787768547	2.428515310646903	1.5590551299197144	4.863787527106494	0.911139538093431	3.4351164830821275	307155.131142541	-48749.12617683229	97508.25235366457
KY3_US-Vir17-VA1	dadi_objects_duos/probs.KY3.US-Vir17-VA1.delim	327185	32274522.93964128	14662369.037178073	2476048.201035616	76.92968177091676	10.015136437615757	2.3836039936140357e-06	6.830503592032952e-07	13837.483025858508	8.547008542280432	3.8829200866949205	4.917842807495698	18.001545544352787	5.158559132820311	307155.131142541	-155941.89841318337	311893.79682636674
KY3_US-Vir17-VA1	dadi_objects_duos/probs.KY3.US-Vir17-VA1.delim	327185	3149216.6123763737	11541559.036021288	2347205.68122356	2.0810053773983945	3.1717731379849528	6.608009653004099e-07	2.748132317380889e-07	137422.48688293938	0.08397618439126617	0.3077641868020775	0.469424760575103	49.56179880006138	20.61171035488098	307155.131142541	-22718.521897208015	45447.04379441603
KY3_US-Vir17-VA1	dadi_objects_duos/probs.KY3.US-Vir17-VA1.delim	327185	4964093.585327537	44838477.7632378	8263636.96217235	6.7312509608043944	65.58858893493996	1.3559879251068267e-06	1.462774657098524e-06	48015.9349628973	0.3788488542994879	3.421975359075524	4.729971119278166	35.53528476812127	38.33375875193869	307155.131142541	-106649.9466118549	213309.8932237098
KY3_US-Vir17-VA1	dadi_objects_duos/probs.KY3.US-Vir17-VA1.delim	327185	15071578.896520087	16728006.897933003	1528500.4054131585	55.16972295001266	100.96513351010208	3.6605138273038487e-06	6.035694158075571e-06	8670.929436335895	6.36948775417866	7.069520441073478	4.844763210241332	17.32312709568173	28.563502815127567	307155.131142541	-193710.59041915432	387431.18083830865
KY3_US-Vir17-VA1	dadi_objects_duos/probs.KY3.US-Vir17-VA1.delim	327185	11479400.536274128	28109888.91541974	1957983.630520066	35.55963316973172	157.387892724558	3.097690777263646e-06	5.599022223037762e-06	11566.362172805402	3.6369206854741343	8.905816653040322	4.6524843277560475	19.55480267235793	35.344965847871556	307155.131142541	-163948.8201475668	327907.6402951336
KY3_US-Vir17-VA1	dadi_objects_duos/probs.KY3.US-Vir17-VA1.delim	327185	2195994.0672299177	8014022.574915379	1091784.931331413	1.3183222340121254	0.7955609476371178	6.003305080305114e-07	9.927111387573278e-08	147643.76740319346	0.05450388399772095	0.1989055267937447	0.20323318660242656	48.37535006008931	7.999385039331518	307155.131142541	-14655.291542737325	29320.58308547465
KY3_US-Vir17-VA1	dadi_objects_duos/probs.KY3.US-Vir17-VA1.delim	327185	1700524.611923504	4087432.1203371785	50782.58671335418	1.8460816639930007	0.07040737707032418	1.0855953810070726e-06	1.7225332433047517e-08	82643.0503055431	0.07540288993043835	0.18124065485844712	0.016888113135897484	48.96580663409776	0.7769490473902102	307155.131142541	-12406.642873406458	24823.285746812915
KY3_US-Vir17-VA1	dadi_objects_duos/probs.KY3.US-Vir17-VA1.delim	327185	47865030.04927038	16053543.16992569	3911277.1951900674	163.81562482466626	6.286531841649016	3.422449012484499e-06	3.9159777845342264e-07	23762.86574152574	7.381267238664624	2.475617212455234	4.523685780981278	44.3868564916782	5.078759195905126	307155.131142541	-141001.16024184806	282012.3204836961
KY3_US-Vir17-VA1	dadi_objects_duos/probs.KY3.US-Vir17-VA1.delim	327185	26491532.780119214	8829986.045552969	1949040.4618680917	194.31911003193957	48.484105284986335	7.335140312370597e-06	5.490847328054873e-06	10740.320252585947	9.038601999456736	3.0126882498246665	4.987423797176487	42.99760295754125	32.18660628945463	307155.131142541	-155670.19253476715	311350.3850695343
KY3_US-Vir17-VA1	dadi_objects_duos/probs.KY3.US-Vir17-VA1.delim	327185	14791732.865251452	15545953.847252883	1316834.9115826192	102.69217669393527	107.26600054777084	6.9425386213658855e-06	6.899930464332734e-06	7254.813478368062	7.4714382496277	7.85240209915984	4.988589060797506	27.489265992140776	27.320557249417387	307155.131142541	-207831.15729910193	415672.31459820387
KY3_US-Vir17-VA1	dadi_objects_duos/probs.KY3.US-Vir17-VA1.delim	327185	87527640.87859055	9587855.297437737	8806067.729462689	108.2763222933062	3.991373151237722	1.2370529035907194e-06	4.162946798231695e-07	54254.46737190344	5.911818966482975	0.6475858851709452	4.460865884560076	36.63045939233871	12.32693065934909	307155.131142541	-120484.28915300666	240978.5783060133
KY3_US-Vir17-VA1	dadi_objects_duos/probs.KY3.US-Vir17-VA1.delim	327185	19490591.300724603	14245456.616177639	2477588.540661881	13.230801137777595	75.29059817581016	6.788301562347015e-07	5.2852358618190955e-06	14014.570994320507	5.096319117716368	3.724843016482839	4.858721710694712	5.192296962638496	40.426185931939145	307155.131142541	-158303.09294381607	316616.18588763213
KY3_US-Vir17-VA1	dadi_objects_duos/probs.KY3.US-Vir17-VA1.delim	327185	11715348.78448857	23249209.71898069	1691129.2592305564	27.6383198243081	68.251311566877	2.3591546724500393e-06	2.9356400665591885e-06	9470.172086816108	4.533240494199482	8.996254477354032	4.907853404483236	12.193626109037353	15.173272774504929	307155.131142541	-189037.65016515058	378085.30033030116
KY3_US-Vir17-VA1	dadi_objects_duos/probs.KY3.US-Vir17-VA1.delim	327185	41826898.6585328	7875751.940437761	1949511.1312182213	197.37503037182051	30.680895455323977	4.718854055691635e-06	3.89561475365851e-06	15848.614626437884	9.671097606559734	1.8210091635729608	3.3807033446904167	40.81750353505781	33.69658546377185	307155.131142541	-155585.6498092413	311181.2996184826
KY3_US-Vir17-VA1	dadi_objects_duos/probs.KY3.US-Vir17-VA1.delim	327185	10916760.986584378	15774669.080745783	1375108.392633161	119.19659950929163	155.49455755558103	1.0918678136836786e-05	9.857231030308857e-06	8074.011535441249	4.954682661825622	7.159493506036901	4.680801415471541	48.11472606617837	43.43730668223043	307155.131142541	-185219.39331493145	370448.7866298629
KY3_US-Vir17-VA1	dadi_objects_duos/probs.KY3.US-Vir17-VA1.delim	327185	30719844.857581362	19441104.39353676	2287680.267833088	92.93110442107483	6.693033164797801	3.0251163328430786e-06	3.442722712307905e-07	19452.327599571865	5.787071534176123	3.6623577479108684	3.2321864148487682	32.11679823629655	3.6550406189104447	307155.131142541	-162075.9199627461	324161.8399254922
KY3_US-Vir17-VA1	dadi_objects_duos/probs.KY3.US-Vir17-VA1.delim	327185	15291400.306544703	4354745.307458626	9496786.803347453	0.5792785769715163	1.1425930566097522	3.788263764984203e-08	2.623788478864117e-07	82279.86563955327	0.6810281935753135	0.1939458957823374	3.1721649628647057	1.7011882398887943	11.782595883256711	307155.131142541	-48253.97669867467	96517.95339734934
KY3_US-Vir17-VA1	dadi_objects_duos/probs.KY3.US-Vir17-VA1.delim	327185	1222646.913935205	2262760.555685133	52245.58637613343	1.0241473664088352	2.208516751604285	8.376476926707481e-07	9.76027598702584e-07	93674.80626138893	0.047828819303880325	0.08851710539838449	0.015328492777348695	42.825534115819025	49.90033828296858	307155.131142541	-4734.344127128207	9478.688254256414
KY3_US-Vir17-VA1	dadi_objects_duos/probs.KY3.US-Vir17-VA1.delim	327185	2758983.7841197057	20644856.351786822	3409463.093981952	1.958224129968174	0.945009378389256	7.097628268927917e-07	4.577456787716835e-08	21534.127025194797	0.4694975010378554	3.5131444128954934	4.351423697238247	8.341787232687668	0.5379849316301747	307155.131142541	-44936.47577977101	89882.95155954202
KY3_US-Vir17-VA1	dadi_objects_duos/probs.KY3.US-Vir17-VA1.delim	327185	316273.2597625322	704813.9696413857	5175.368394542794	0.06625556887391675	0.28670628967430767	2.094883675074633e-07	4.0678292716046173e-07	80834.41671068146	0.01433763676302224	0.0319513786584721	0.0017596148146076193	9.242188230740293	17.946411185502058	307155.131142541	-11707.049795268835	23424.09959053767
KY3_US-Vir17-VA1	dadi_objects_duos/probs.KY3.US-Vir17-VA1.delim	327185	19915585.348757308	11890160.194925493	1682121.681818952	22.11868018175661	34.40515233053443	1.1106216460334554e-06	2.893581900201642e-06	9997.015228874627	7.300189426874248	4.358416798643194	4.624445912823708	6.059755134662925	15.787912868381472	307155.131142541	-192913.9845626946	385837.9691253892
KY3_US-Vir17-VA1	dadi_objects_duos/probs.KY3.US-Vir17-VA1.delim	327185	1372826.121355294	19840925.600074787	15230299.827294583	0.869782493318295	2.4727185407156274	6.33570763105542e-07	1.2462717670320315e-07	92881.6022538616	0.0541623180533142	0.7827870595603819	4.506624815130322	32.11762437723335	6.317729733816299	307155.131142541	-39975.45284515525	79960.9056903105
KY3_US-Vir17-VA1	dadi_objects_duos/probs.KY3.US-Vir17-VA1.delim	327185	14708398.546754805	18384013.282484896	1913968.2127871083	29.914293648572777	86.18556481084707	2.0338239784216977e-06	4.688071287076317e-06	11214.770848261012	4.806029063695162	6.007051132189667	4.690476516770623	12.448652828400869	28.69479979919233	307155.131142541	-171522.85746951957	343055.71493903914
KY3_US-Vir17-VA1	dadi_objects_duos/probs.KY3.US-Vir17-VA1.delim	327185	95410573.89258271	13925264.404549357	12716060.134220785	58.94977408639989	0.5837288081435571	6.178536789095101e-07	4.19186875872069e-08	77489.55915459445	4.511954647151589	0.658524090984485	4.510057015164018	26.13048166324769	1.7728396459145181	307155.131142541	-121923.78989564595	243857.5797912919
KY3_US-Vir17-VA1	dadi_objects_duos/probs.KY3.US-Vir17-VA1.delim	327185	11998060.00463828	37821680.427134	4029963.5885033007	4.13448708519036	49.832757921257624	3.4459630003450767e-07	1.3175712278904097e-06	23578.769422882324	1.8646670720079621	5.878020452741601	4.697346920819574	4.434557940402891	16.955625902259268	307155.131142541	-124459.58461597703	248929.16923195406
KY3_US-Vir17-VA1	dadi_objects_duos/probs.KY3.US-Vir17-VA1.delim	327185	17293106.829157192	14530183.255261581	1752527.2560531474	102.32317634555194	39.5841940724795	5.91699209149793e-06	2.724273560565419e-06	9796.327054940366	6.4687617525486	5.4352462300574995	4.916705032857602	31.636093663594295	14.565740868766763	307155.131142541	-179698.64514308967	359407.29028617934
KY3_US-Vir17-VA1	dadi_objects_duos/probs.KY3.US-Vir17-VA1.delim	327185	3886209.813734806	16113289.94855409	5410989.59391702	1.3027156571972014	1.8394278412220184	3.3521495740993936e-07	1.1415594500532635e-07	31038.772605677084	0.4588102509553393	1.9023529246629451	4.791205612336134	5.6786684887038765	1.933844995189759	307155.131142541	-32318.27898935347	64646.55797870694
KY3_US-Vir17-VA1	dadi_objects_duos/probs.KY3.US-Vir17-VA1.delim	327185	10394109.478415132	26800017.425156366	2314038.191042565	36.48922313804593	174.87417571718305	3.5105675203653632e-06	6.525151567738682e-06	12773.727704110686	2.9818173700641464	7.688273597878051	4.978809590929493	24.474485596856628	45.49114270997016	307155.131142541	-148759.73705830405	297529.4741166081
KY3_US-Vir17-VA1	dadi_objects_duos/probs.KY3.US-Vir17-VA1.delim	327185	25307184.040097017	3184191.2401654776	1795116.6253883485	0.4678763435168895	1.3626268143778113	1.848788639524573e-08	4.279349799062313e-07	34844.55754431837	2.6614620431277034	0.33486950228570983	1.4158927703119137	0.3515934745152702	8.138255679164367	307155.131142541	-75004.04860494938	150018.09720989875
KY3_US-Vir17-VA1	dadi_objects_duos/probs.KY3.US-Vir17-VA1.delim	327185	1739146.0032908274	17782478.795394335	12665937.974234445	0.926425648079351	1.4397208087538351	5.326899790623446e-07	8.096288629494798e-08	70735.1612693211	0.09009736768261575	0.9212306081866333	4.921241279450222	20.564988121358944	3.1256469247972714	307155.131142541	-35480.220292778715	70970.44058555743
KY3_US-Vir17-VA1	dadi_objects_duos/probs.KY3.US-Vir17-VA1.delim	327185	61235845.63801021	1855434.1330832613	4704001.5585367195	30.89133683436143	2.130092923587999	5.044649341004055e-07	1.1480293940956687e-06	26834.148461499848	8.362368646009505	0.2533781326537334	4.817839057403419	7.388178670908672	16.813549782521953	307155.131142541	-81485.55074335048	162981.10148670097
KY3_US-Vir17-VA1	dadi_objects_duos/probs.KY3.US-Vir17-VA1.delim	327185	22625173.96762571	14701195.658055302	1854105.1728684658	89.04761139290413	24.321937920680078	3.935775765539839e-06	1.654419034097627e-06	10797.666449577966	7.678447642984368	4.98923726779603	4.719294800670616	23.19417036704418	9.749761983728696	307155.131142541	-180016.78753327575	360043.5750665515
KY3_US-Vir17-VA1	dadi_objects_duos/probs.KY3.US-Vir17-VA1.delim	327185	1247338.262391166	19198740.548946712	5475159.860636146	1.4786281833097044	2.1269726855225777	1.1854267826877627e-06	1.1078709460654014e-07	42812.89280929985	0.10676307619344519	1.6432724480976364	3.5147535622648443	27.699242772483657	2.5887036419127036	307155.131142541	-30113.978924369632	60237.957848739265
KY3_US-Vir17-VA1	dadi_objects_duos/probs.KY3.US-Vir17-VA1.delim	327185	20415087.157252856	940480.7987354847	7780211.392438112	2.913499186073674	1.3686610292555523	1.4271304176326266e-07	1.4552780142835171e-06	53377.409092301205	1.40153890077259	0.06456599546718912	4.005959524026103	4.157571629967067	42.39572299171234	307155.131142541	-56672.0161391735	113354.032278347
KY3_US-Vir17-VA1	dadi_objects_duos/probs.KY3.US-Vir17-VA1.delim	327185	23579963.019022778	899411.1604341443	4267605.5667425	4.540324965414086	1.826013694505336	1.9255013087812087e-07	2.030232417422886e-06	23620.793343848833	3.6581376834553376	0.13953244355176228	4.965493780245473	2.482314969143243	26.173320670442365	307155.131142541	-56896.82286773191	113803.64573546383
KY3_US-Vir17-VA1	dadi_objects_duos/probs.KY3.US-Vir17-VA1.delim	327185	8014103.431886569	127238846.77254602	8231889.170438103	2.243803577491894	92.03297826352969	2.799818590516605e-07	7.233088054314823e-07	55152.317985087335	0.5324791179074816	8.454099634331932	4.102120314152594	8.427761773304903	21.772390258989986	307155.131142541	-115128.98046715629	230267.96093431258
KY3_US-Vir17-VA1	dadi_objects_duos/probs.KY3.US-Vir17-VA1.delim	327185	20140844.108359173	1070865.3276400608	5621598.235458768	0.4955581873720361	1.5743748102196824	2.4604638450399488e-08	1.4701893595614306e-06	60815.994874159434	1.2135879622485128	0.06452506477987739	2.5404733173038516	0.816682766783341	48.79886027516745	307155.131142541	-49368.67565973633	98747.35131947265
KY3_US-Vir17-VA1	dadi_objects_duos/probs.KY3.US-Vir17-VA1.delim	327185	1626430.036655097	6048967.55268496	61767.17713207092	1.7665911855998973	0.0007837416456120715	1.086177176875714e-06	1.295661844415402e-10	80336.27043868642	0.07418825017313099	0.27591861191315964	0.021130936116992634	47.62455460203615	0.005680962514110791	307155.131142541	-13492.718246983653	26995.436493967307
KY3_US-Vir17-VA1	dadi_objects_duos/probs.KY3.US-Vir17-VA1.delim	327185	33851367.55223105	29646286.289191775	665835.6873737748	78.33318052579192	137.7667898927297	2.314032967942212e-06	4.647016781422491e-06	17414.214527246633	7.123341013329781	6.238466043975166	1.0508381416662116	21.993382144476428	44.166879781538206	307155.131142541	-299799.4229905168	599608.8459810336
KY3_US-Vir17-VA1	dadi_objects_duos/probs.KY3.US-Vir17-VA1.delim	327185	35335464.86932026	5833936.131577648	2110084.6364672296	157.72266215481076	31.18560143543264	4.4635796568153326e-06	5.345550710888438e-06	13125.131782753313	9.865487353868302	1.628806168029956	4.418438882747552	31.97463166236121	38.292587598869034	307155.131142541	-148094.17228440067	296198.34456880135
KY3_US-Vir17-VA1	dadi_objects_duos/probs.KY3.US-Vir17-VA1.delim	327185	48178274.04234863	35910056.983684614	886157.306487583	238.96982447627454	15.434557672571106	4.960115928316992e-06	4.298115616910229e-07	18223.5210608672	9.687915724235568	7.220964482966648	1.336445272022961	49.33358862287804	4.2749296742780825	307155.131142541	-281067.21163469064	562144.4232693813
KY3_US-Vir17-VA1	dadi_objects_duos/probs.KY3.US-Vir17-VA1.delim	327185	32566258.64499492	890671.4615285306	3691781.140325204	12.634841409633777	2.0574802671938306	3.879733790536487e-07	2.310032774220558e-06	22563.430977537344	5.289006936407276	0.14465178789607133	4.496798809951506	4.777774565830459	28.447353428802117	307155.131142541	-65802.95138003041	131615.90276006082
KY3_US-Vir17-VA1	dadi_objects_duos/probs.KY3.US-Vir17-VA1.delim	327185	6546754.989458997	12130164.188251575	7321139.375872951	1.2346996755068105	1.8891861519742241	1.8859720235365677e-07	1.5574283436360713e-07	78171.84763413106	0.3068930961183806	0.5686273046953386	2.573954983942156	8.04644803759638	6.644725416365363	307155.131142541	-29822.71409870095	59655.4281974019
KY3_US-Vir17-VA1	dadi_objects_duos/probs.KY3.US-Vir17-VA1.delim	327185	16248889.87782655	37348266.11647849	872632.2699011196	78.79503159068508	225.21766065790985	4.8492562989309095e-06	6.0302039177808365e-06	14398.692875866573	4.135347736194785	9.505145822074995	1.6656388814407352	38.108056017165694	47.388575593413535	307155.131142541	-254529.50922471992	509069.01844943984
KY3_US-Vir17-VA1	dadi_objects_duos/probs.KY3.US-Vir17-VA1.delim	327185	1278678.9193039306	4036200.125507606	86412.32023615784	1.2482165962902365	1.0250412659663444	9.761767222765534e-07	2.539619528497566e-07	92009.0549877081	0.05092632564703	0.1607509429185534	0.025811767562167784	49.02048519822997	12.753160228561708	307155.131142541	-7448.573936107136	14907.147872214273
KY3_US-Vir17-VA1	dadi_objects_duos/probs.KY3.US-Vir17-VA1.delim	327185	5644341.959252058	21831413.480912104	1915510.668243139	25.76687485668134	36.84132439406153	4.565080401346866e-06	1.6875372923641919e-06	10682.095303291833	1.9362805218308052	7.489223897541118	4.928341298603954	26.61481594858793	9.838489247505972	307155.131142541	-165586.137168057	331182.274336114
KY3_US-Vir17-VA1	dadi_objects_duos/probs.KY3.US-Vir17-VA1.delim	327185	14367635.404841775	13183667.822536975	2867084.745130617	35.20478512717297	12.163781922737762	2.450283859187382e-06	9.226402004716959e-07	16291.057844970543	3.2318219079619595	2.965503041774699	4.8368641917646995	21.78633979826796	8.203520112026844	307155.131142541	-135446.6779730876	270903.3559461752
KY3_US-Vir17-VA1	dadi_objects_duos/probs.KY3.US-Vir17-VA1.delim	327185	10693003.892499063	21753669.933424145	2186499.552827114	9.379147382539237	27.200839140227032	8.771293339861711e-07	1.2504023102066748e-06	14930.394418032598	2.624459358731207	5.339156631521789	4.024859841806333	7.147489140066989	10.189189423526665	307155.131142541	-145174.19990574883	290358.39981149766
KY3_US-Vir17-VA1	dadi_objects_duos/probs.KY3.US-Vir17-VA1.delim	327185	433128.0802629323	31096207.690086856	4987036.854419465	1.1471334650502334	10.487532282862057	2.648485557329511e-06	3.3726081287414904e-07	34172.20978814799	0.046446680866619114	3.334615557289182	4.0109030368992356	49.39571326288977	6.290099774732482	307155.131142541	-44727.741424644606	89465.48284928921
KY3_US-Vir17-VA1	dadi_objects_duos/probs.KY3.US-Vir17-VA1.delim	327185	14035611.381333787	17341233.62066693	1421967.291648899	69.20528940436085	114.72276135058924	4.930692901372164e-06	6.615605548031196e-06	8775.767085185747	5.860810161723926	7.241129400034386	4.453250935825442	23.616287678563705	31.68642763103901	307155.131142541	-197104.45863428264	394218.9172685653
KY3_US-Vir17-VA1	dadi_objects_duos/probs.KY3.US-Vir17-VA1.delim	327185	43992837.285654165	56514615.471555054	654901.8144940482	19.422039281419877	214.07042921202097	4.414818520412482e-07	3.787877302638057e-06	21839.383645463862	7.381642405797465	9.482695544354115	0.8241541797589725	5.262254174265069	45.14969993726646	307155.131142541	-296383.88277201966	592777.7655440393
KY3_US-Vir17-VA1	dadi_objects_duos/probs.KY3.US-Vir17-VA1.delim	327185	24926929.736881584	12200913.873364413	1444910.749303427	157.04782784540038	48.539176797474965	6.300327778155298e-06	3.978323042132109e-06	14369.468324847514	6.356813905829689	3.1114517428625796	2.7635859234039613	49.41086216205744	31.200340425539263	307155.131142541	-184406.62922300058	368823.25844600116
KY3_US-Vir17-VA1	dadi_objects_duos/probs.KY3.US-Vir17-VA1.delim	327185	6273044.545518823	130245610.78333955	9597596.754586993	1.7537687193589988	70.60988833869517	2.79572176896434e-07	5.421287359629572e-07	70350.47609951944	0.3267553734716442	6.784337794150424	3.749454669597718	10.734444552362906	20.815557975186984	307155.131142541	-110088.40316376141	220186.80632752282
KY3_US-Vir17-VA1	dadi_objects_duos/probs.KY3.US-Vir17-VA1.delim	327185	9317729.601644713	10627098.378088221	4252985.274629432	21.692235543824086	15.685346066430329	2.328060211147906e-06	1.4759763679963287e-06	23457.47544274704	1.4555939453985687	1.660140476020007	4.982935412449755	29.805339067804855	18.896408217254137	307155.131142541	-112963.68069067672	225937.36138135343
KY3_US-Vir17-VA1	dadi_objects_duos/probs.KY3.US-Vir17-VA1.delim	327185	11470815.15395082	22169229.495951913	3003172.3497694354	17.955290182726465	87.44752452189859	1.5653020244635568e-06	3.944545052315258e-06	20308.595728144013	2.069787665849113	4.0002037480566965	4.064180723264373	17.349886154008416	43.72153521649026	307155.131142541	-137714.3347336804	275438.6694673608
KY3_US-Vir17-VA1	dadi_objects_duos/probs.KY3.US-Vir17-VA1.delim	327185	36387216.2048785	29251211.06466493	599549.8492112639	169.40590699753565	117.88101820204095	4.655643510723502e-06	4.0299534245417834e-06	18012.893722293757	7.402471640394715	5.950750921263152	0.9147753655211096	45.770092808758825	39.618871554791475	307155.131142541	-299504.3692448604	599018.7384897209
KY3_US-Vir17-VA1	dadi_objects_duos/probs.KY3.US-Vir17-VA1.delim	327185	16313026.830041785	42731341.29917015	3980734.2423742507	6.02799286678612	150.40170909775375	3.695201957055004e-07	3.5197048471931437e-06	24303.737110753744	2.4596476575401423	6.4429516744553155	4.50155722187353	4.9015092452832265	46.687206950211575	307155.131142541	-139771.07079145176	279552.1415829035
KY3_US-Vir17-VA1	dadi_objects_duos/probs.KY3.US-Vir17-VA1.delim	327185	16826298.6849754	40663471.366804324	3335892.8622184065	9.9334825282463	196.34210049326626	5.903545820873928e-07	4.828463824993318e-06	18776.545942111676	3.2838574562555958	7.935972500259437	4.882801161248945	6.0498865499313785	49.48154759529411	307155.131142541	-146656.9960691107	293323.9921382214
KY3_US-Vir17-VA1	dadi_objects_duos/probs.KY3.US-Vir17-VA1.delim	327185	4619283.274137762	12631628.9862953	3625104.7810588903	1.212927250175438	0.45385396431947683	2.6257910117059093e-07	3.592996317512858e-08	129485.42362330746	0.13072694782533995	0.35747846699198343	0.769435697740995	18.55665217237369	2.5391960983745334	307155.131142541	-34498.08829941429	69006.17659882858
KY3_US-Vir17-VA1	dadi_objects_duos/probs.KY3.US-Vir17-VA1.delim	327185	16428337.333183682	19262027.897631463	1662776.6442488525	117.96276922517158	34.04702731345924	7.180444790776118e-06	1.7675723186781282e-06	9163.745208949565	6.569495418228361	7.702654349790732	4.9869332992474416	35.91227688441965	8.840336270414168	307155.131142541	-197802.1964524979	395614.3929049958
KY3_US-Vir17-VA1	dadi_objects_duos/probs.KY3.US-Vir17-VA1.delim	327185	18137752.49752587	3162372.308653247	18892168.163799956	0.24146852166855157	1.688740761251994	1.3313034329997046e-08	5.340107351152384e-07	152679.51778300913	0.4353254918225199	0.07590032341538344	3.400741900385557	1.109370005682999	44.49890818013881	307155.131142541	-41811.289914874535	83632.57982974907
KY3_US-Vir17-VA1	dadi_objects_duos/probs.KY3.US-Vir17-VA1.delim	327185	34971171.35965376	36782648.42493205	557619.4894069508	64.25849480696716	97.71229382723148	1.8374704737829336e-06	2.656477932159992e-06	21460.94165719739	5.9713539275978125	6.280665004920844	0.714104582195161	21.522252938310558	31.115270039295133	307155.131142541	-301204.95127490687	602419.9025498137
KY3_US-Vir17-VA1	dadi_objects_duos/probs.KY3.US-Vir17-VA1.delim	327185	4522435.827880069	56461847.84822068	4601783.7961052945	3.5453222439634993	43.80827716922033	7.83940862600454e-07	7.758916655895613e-07	27012.079668544553	0.6135158664722045	7.659642021158496	4.68210164710954	11.557393826991175	11.438727044477327	307155.131142541	-98602.83829698473	197215.67659396946
KY3_US-Vir17-VA1	dadi_objects_duos/probs.KY3.US-Vir17-VA1.delim	327185	13453245.607837036	63336754.133180834	6766013.432187763	3.4247563787903386	111.4823439540374	2.54567297633761e-07	1.7601524656539682e-06	41044.38344270708	1.2011154195520368	5.654750848332332	4.5305587734297195	5.702626613631556	39.42962190347084	307155.131142541	-127472.63207750315	254955.2641550063
KY3_US-Vir17-VA1	dadi_objects_duos/probs.KY3.US-Vir17-VA1.delim	327185	42140645.31516825	42521068.01365995	555013.3147471759	146.96921755892603	164.93073629417012	3.487588205157965e-06	3.878800415859402e-06	15992.634100806334	9.655896198586781	9.743064348498807	0.9537972154900377	30.44134164997262	33.856029354785555	307155.131142541	-341165.9827516711	682341.9655033422
KY3_US-Vir17-VA1	dadi_objects_duos/probs.KY3.US-Vir17-VA1.delim	327185	9543775.782440467	9098947.417686721	5799337.751138148	12.520335371194596	13.341571935493867	1.311884903481354e-06	1.466276407923871e-06	38053.74592984233	0.9190395918843013	0.8762038329434825	4.188452915553998	27.246563655705472	30.453123882543974	307155.131142541	-97948.15884656295	195906.3176931259
KY3_US-Vir17-VA1	dadi_objects_duos/probs.KY3.US-Vir17-VA1.delim	327185	22922373.46913275	2471062.9683849504	5615119.123226545	15.908657731233495	4.6962560351904425	6.940231452321498e-07	1.9005003495559826e-06	32096.94705269251	2.6170213513853016	0.28211845329146124	4.808038068494393	12.157835642275032	33.29279584798137	307155.131142541	-75460.58571435238	150931.17142870475
KY3_US-Vir17-VA1	dadi_objects_duos/probs.KY3.US-Vir17-VA1.delim	327185	12538021.284695428	34063735.89592596	6002920.221294427	5.883971607845417	77.854263187326	4.692902870589081e-07	2.285546818035229e-06	38214.126975778396	1.202310024308348	3.266478035338474	4.317290563101218	9.787777676111924	47.668628011612334	307155.131142541	-125354.50622949745	250719.0124589949
KY3_US-Vir17-VA1	dadi_objects_duos/probs.KY3.US-Vir17-VA1.delim	327185	1546442.4469419029	15115376.731404595	1078565.2390180686	1.4637389168628638	1.1625965321680392	9.46520137078114e-07	7.691482341637971e-08	85567.61575046396	0.06622710001592351	0.6473228722793217	0.3464253286368149	44.203624090770255	3.5920143778462856	307155.131142541	-21033.681273320264	42077.36254664053
KY3_US-Vir17-VA1	dadi_objects_duos/probs.KY3.US-Vir17-VA1.delim	327185	19357883.773669507	1257879.4996581294	8082309.47857542	2.8907488857362442	1.8560025821302761	1.4933186496698704e-07	1.475501097390256e-06	45528.887315759166	1.5580530790462044	0.10124262809022626	4.878890696355678	3.7107193902609255	36.66444890142971	307155.131142541	-48450.08804269435	96910.1760853887
KY3_US-Vir17-VA1	dadi_objects_duos/probs.KY3.US-Vir17-VA1.delim	327185	9505731.231930528	19923547.547042433	1352086.3232275269	95.81928265509612	172.98234666162716	1.0080159044811968e-05	8.68230651459989e-06	8543.98629691814	4.076959481021118	8.545107586740922	4.349271569322937	47.00526610634706	40.486873899642056	307155.131142541	-188306.37836243288	376622.75672486576
KY3_US-Vir17-VA1	dadi_objects_duos/probs.KY3.US-Vir17-VA1.delim	327185	17386239.67057084	5281064.061084746	4798980.93259733	0.6190447453068428	2.754008897403131	3.5605441834250166e-08	5.21487500539323e-07	28943.972315196526	2.2011971184979857	0.6686128348696198	4.556837478606177	0.5624618895823884	8.237977956077273	307155.131142541	-45118.16339262249	90246.32678524498
KY3_US-Vir17-VA1	dadi_objects_duos/probs.KY3.US-Vir17-VA1.delim	327185	16409196.977199016	13875668.91070333	2280009.4214761932	111.03844236368526	31.55140510846106	6.76684194345256e-06	2.2738655203947053e-06	12800.092236803497	4.6977038722063655	3.9723932659129506	4.895490270156827	47.273495896851394	15.88533813064442	307155.131142541	-154985.18964518575	309980.3792903715
KY3_US-Vir17-VA1	dadi_objects_duos/probs.KY3.US-Vir17-VA1.delim	327185	21960834.935312215	25184488.636568863	847428.1975687646	97.41794198212499	152.2774335427897	4.435985347054384e-06	6.046477089142755e-06	13048.563165951859	6.167335337507483	7.072644878160623	1.7848958007319264	31.59158263688521	43.060958429569105	307155.131142541	-271134.5565615987	542279.1131231975
