Pair_name	fs_name	L	pop1_size	pop2_size	divergence_time	mig_pop1	mig_pop2	Mij	Mji	theta	nu1	nu2	Ts	m12	m21	fs_sanitycheck	-2LL_model	AIC
KY4_US-Vir18-VA4	dadi_objects_duos/probs.KY4.US-Vir18-VA4.delim	3953582	53220828.06190559	16966879.943350084	3930440.1493138885	86.4428721416417	1.1794797751972512	1.6242301236104928e-06	6.951659816862975e-08	327836.28053804324	7.188419061061643	2.2916787963098675	3.9815684719537723	24.050593435735266	1.0293587191158606	3719550.978148265	-958587.5251372588	1917185.0502745176
KY4_US-Vir18-VA4	dadi_objects_duos/probs.KY4.US-Vir18-VA4.delim	3953582	17102158.66320135	14407760.139296029	1180210.122938845	118.34501226548574	98.69173919099845	6.91988740112254e-06	6.8499015972527555e-06	108061.02538550335	7.007943963150041	5.903861476150817	3.6271061546832226	33.77453155669645	33.43294540011573	3719550.978148265	-1664164.3204878543	3328338.6409757086
KY4_US-Vir18-VA4	dadi_objects_duos/probs.KY4.US-Vir18-VA4.delim	3953582	21681087.98629696	6332199.169989009	5247650.254472719	18.677939005619784	4.553052519201582	8.614853192526479e-07	7.190317924269404e-07	358547.6502917724	2.677583139347872	0.7820174773180746	4.860579119311399	13.951341962938125	11.644375352878953	3719550.978148265	-619736.4544561451	1239482.9089122901
KY4_US-Vir18-VA4	dadi_objects_duos/probs.KY4.US-Vir18-VA4.delim	3953582	15697963.988893341	159857027.52564266	3350415.4875344974	0.15027667140850257	204.0088311683264	9.573003958655189e-09	1.2761955750465918e-06	849863.4047366654	0.8179052071109193	8.328971534079434	1.309240869466703	0.3674672079404501	48.987760453637954	3719550.978148265	-959766.7606275525	1919543.521255105
KY4_US-Vir18-VA4	dadi_objects_duos/probs.KY4.US-Vir18-VA4.delim	3953582	16882807.907806784	23103869.008635115	1756104.088414363	13.397220676235333	59.27046902725074	7.93542208700978e-07	2.56539149374065e-06	133740.99642355175	5.589705124632174	7.649427494621955	4.36069502709308	4.793533961996582	15.496707189896691	3719550.978148265	-1372496.1915354698	2745002.3830709397
KY4_US-Vir18-VA4	dadi_objects_duos/probs.KY4.US-Vir18-VA4.delim	3953582	10130176.302875923	31014783.043724455	2073802.1613605265	22.134676248993355	111.90510623198345	2.1850237929925657e-06	3.6081215230240465e-06	180432.87436094403	2.486051434323962	7.611352810237666	3.816995696199203	17.807094369318623	29.40478756456152	3719550.978148265	-1101804.5979265852	2203619.1958531705
KY4_US-Vir18-VA4	dadi_objects_duos/probs.KY4.US-Vir18-VA4.delim	3953582	2797590.130430264	39491693.01762966	2696990.1756180124	4.959009700483217	32.01074342032713	1.7726005130424633e-06	8.105690329871924e-07	181756.0408301735	0.6815598625735386	9.621120897274693	4.9278845609498285	14.551941723088637	6.654264874562503	3719550.978148265	-731749.750257344	1463509.500514688
KY4_US-Vir18-VA4	dadi_objects_duos/probs.KY4.US-Vir18-VA4.delim	3953582	2956211.105893438	5912007.358415985	97646.67402791664	3.3907199697116144	2.6582342565787878	1.146981676292315e-06	4.496331102826999e-07	963411.7612345262	0.1358727213550081	0.2717263753110899	0.033660109662701325	49.91023858059551	19.56552251164775	3719550.978148265	-159037.0788438417	318084.1576876834
KY4_US-Vir18-VA4	dadi_objects_duos/probs.KY4.US-Vir18-VA4.delim	3953582	11337516.181486838	16954952.328348856	1287751.0856943647	108.1645744206861	137.27015716645516	9.540411911147637e-06	8.09616886606859e-06	113141.34545412137	4.4371627088500905	6.635658198620927	3.7799025279606253	48.75393647609439	41.373486414650976	3719550.978148265	-1408738.7341469168	2817487.4682938335
KY4_US-Vir18-VA4	dadi_objects_duos/probs.KY4.US-Vir18-VA4.delim	3953582	31808215.88872368	8241131.29250238	2265009.1407017647	211.68947094322246	38.971321469078966	6.655182160602363e-06	4.728880063412448e-06	155312.95925629718	9.068602983226842	2.349567422637044	4.843198616177928	46.68623631109671	33.1731884717225	3719550.978148265	-999244.2642331102	1998498.5284662205
KY4_US-Vir18-VA4	dadi_objects_duos/probs.KY4.US-Vir18-VA4.delim	3953582	3847363.7604162535	11927277.269328805	2126020.637253442	3.034823158825404	1.1914452585911248	7.888058805484671e-07	9.989247601839075e-08	1377715.604826839	0.1236552175516029	0.3833456250514697	0.5124811708322564	49.08524231998434	6.216036812373461	3719550.978148265	-298341.16245719447	596692.3249143889
KY4_US-Vir18-VA4	dadi_objects_duos/probs.KY4.US-Vir18-VA4.delim	3953582	32171177.31852545	7396729.702608848	4046486.0454016463	59.11442070632713	8.826536359970486	1.8374963440423017e-06	1.1933025424543148e-06	308652.9137076961	4.615357501795005	1.0611533293818047	4.353892291579265	25.61639945912591	16.63574172662221	3719550.978148265	-815221.5001350887	1630453.0002701774
KY4_US-Vir18-VA4	dadi_objects_duos/probs.KY4.US-Vir18-VA4.delim	3953582	29796023.045373317	2574752.850522689	2307586.6680268794	27.687117205397637	8.150789537934912	9.292219019711375e-07	3.165659001515527e-06	153706.8366842436	8.583687341172814	0.7417390373213588	4.9857999800321755	6.451101048984542	21.97751265018988	3719550.978148265	-802184.7347690257	1604379.4695380514
KY4_US-Vir18-VA4	dadi_objects_duos/probs.KY4.US-Vir18-VA4.delim	3953582	721546.8396717511	12645728.9563736	5924.653383811048	0.7988716487479902	0.00023425024198712817	1.1071653353944644e-06	1.8524060004390906e-11	850863.1283363937	0.03755031617632779	0.6581015874284661	0.0023124548308066195	42.5493966547003	0.000711896906076345	3719550.978148265	-312653.08627844596	625316.1725568919
KY4_US-Vir18-VA4	dadi_objects_duos/probs.KY4.US-Vir18-VA4.delim	3953582	7139829.91795738	26243650.388847504	2181429.6915886886	36.32015774315139	144.40695472706153	5.086978003748043e-06	5.50254833406974e-06	199305.7861281948	1.5862686190137185	5.830598142890448	3.6348904642309803	45.79319959785107	49.53418197861721	3719550.978148265	-978886.1753057187	1957782.3506114373
KY4_US-Vir18-VA4	dadi_objects_duos/probs.KY4.US-Vir18-VA4.delim	3953582	16862318.511151306	44009784.537400894	2869876.4621000877	4.492210927295988	117.60448112133344	2.664052944039232e-07	2.6722348758919613e-06	302431.56322286866	2.4688741221829975	6.443634550929846	3.151418667095145	3.639076522316934	36.50252980419647	3719550.978148265	-1019301.1009298948	2038612.2018597897
KY4_US-Vir18-VA4	dadi_objects_duos/probs.KY4.US-Vir18-VA4.delim	3953582	3423277.87858595	9249490.389657207	1091354.9236112467	2.8466265210479413	2.7003599200471355	8.315499419006542e-07	2.919468863999991e-07	1303510.0210898297	0.11628844222705098	0.31420435820758325	0.27804920197655625	48.95802999046039	17.188558016519348	3719550.978148265	-265329.01233349135	530668.0246669827
KY4_US-Vir18-VA4	dadi_objects_duos/probs.KY4.US-Vir18-VA4.delim	3953582	56370515.22891762	4103655.589437675	5625458.800633276	132.7593458475648	10.918056612743495	2.3551203196996914e-06	2.6605684553170796e-06	395208.9093908206	6.315882636484538	0.4597830439936498	4.727170175810135	42.03983939811127	47.49221075187926	3719550.978148265	-777713.8512878348	1555437.7025756696
KY4_US-Vir18-VA4	dadi_objects_duos/probs.KY4.US-Vir18-VA4.delim	3953582	64461721.750213124	10675996.470328102	7239896.901054617	58.274424522116746	2.1933167884951703	9.04015948378296e-07	2.0544375361972782e-07	537259.477554166	5.312838192006613	0.8798995783121384	4.47526040972907	21.937210363301883	4.985379792322406	3719550.978148265	-888336.38547781	1776682.77095562
KY4_US-Vir18-VA4	dadi_objects_duos/probs.KY4.US-Vir18-VA4.delim	3953582	14104162.804306028	17138568.472501837	1701780.9345488725	41.8904628540416	20.345111639133236	2.970077943318434e-06	1.1870951574383924e-06	118823.00701111951	5.256002306431302	6.386792088992247	4.7563426099300425	15.940047363671805	6.37099544048049	3719550.978148265	-1372857.0010161486	2745724.002032297
KY4_US-Vir18-VA4	dadi_objects_duos/probs.KY4.US-Vir18-VA4.delim	3953582	7372539.27278532	110024074.62378813	1192086.103672475	0.6762939732170982	67.96640904774219	9.173148466140305e-08	6.177412469056775e-07	1129963.457649179	0.28890926489495317	4.311536818480329	0.3503589705733303	4.681704987640305	31.527695069851244	3719550.978148265	-901455.5726042179	1802921.1452084358
KY4_US-Vir18-VA4	dadi_objects_duos/probs.KY4.US-Vir18-VA4.delim	3953582	19162844.465472087	31423946.38550806	1808885.1111244017	24.925768399474023	230.53575385010717	1.3007342643930374e-06	7.336308146083921e-06	148303.83433049129	5.721585187884992	9.382468584357197	4.050686378877162	8.712889026716717	49.14181204602486	3719550.978148265	-1335282.1092005593	2670574.2184011186
KY4_US-Vir18-VA4	dadi_objects_duos/probs.KY4.US-Vir18-VA4.delim	3953582	2243899.076409305	3611877.2479267274	22354.207367711246	2.3125923097420658	0.9101127138153801	1.0306133346436792e-06	2.519777532134567e-07	895483.4352475265	0.11095695673431401	0.17860112860742436	0.008290328390171041	41.684494200387256	10.191567331199353	3719550.978148265	-186810.91432332917	373631.82864665834
KY4_US-Vir18-VA4	dadi_objects_duos/probs.KY4.US-Vir18-VA4.delim	3953582	16300276.519529903	16207371.999011364	3240881.330297407	4.83981072986301	39.8013400410614	2.9691586667651137e-07	2.455755321929382e-06	267363.85396101075	2.6996101512763944	2.6842235419516496	4.025598441726419	3.585562698802798	29.655756623103436	3719550.978148265	-894244.8257101923	1788499.6514203846
KY4_US-Vir18-VA4	dadi_objects_duos/probs.KY4.US-Vir18-VA4.delim	3953582	27702497.01928534	9604165.56646975	1572935.2703717751	223.1843307435388	59.911965534439204	8.056469804442792e-06	6.238122939446716e-06	130322.07609580034	9.412602106552319	3.2632505647305914	4.008324526339874	47.42245092633318	36.71919415687618	3719550.978148265	-1221051.0192938342	2442112.0385876684
KY4_US-Vir18-VA4	dadi_objects_duos/probs.KY4.US-Vir18-VA4.delim	3953582	89541422.45380929	5735692.003486865	1575359.9281874164	139.56938521327058	8.260331379963825	1.5587130669637132e-06	1.440162996015506e-06	483037.1175163481	8.208281815578912	0.5257921426954025	1.0831018692761853	34.0069671946143	31.420520427020264	3719550.978148265	-943387.9413828207	1886785.8827656414
KY4_US-Vir18-VA4	dadi_objects_duos/probs.KY4.US-Vir18-VA4.delim	3953582	6117624.951870958	36884418.31687908	3638620.2216079864	15.659132955418741	112.60996195909203	2.5596752136022485e-06	3.053049691380367e-06	280573.9634088481	0.9654821634354745	5.82109041888036	4.306846335953404	32.437953902118416	38.690332517030946	3719550.978148265	-853265.7473919963	1706541.4947839926
KY4_US-Vir18-VA4	dadi_objects_duos/probs.KY4.US-Vir18-VA4.delim	3953582	12454363.413293539	13184470.10913719	1696890.2648408818	70.74745578371736	70.5020558295492	5.6805356834378974e-06	5.347356036757928e-06	116354.46655506217	4.7396606496089255	5.0175117016034845	4.843292675391993	29.85338445677743	28.102398169602008	3719550.978148265	-1207628.9406427266	2415267.881285453
KY4_US-Vir18-VA4	dadi_objects_duos/probs.KY4.US-Vir18-VA4.delim	3953582	18210174.454846554	20196263.24811902	2274645.123146587	3.709211132057014	31.755187587235113	2.036889400073718e-07	1.5723298511764367e-06	185771.8362906451	4.340532435087234	4.813931679423855	4.066340962089686	1.7091042113051127	13.1930362547379	3719550.978148265	-1057777.019360099	2115564.038720198
KY4_US-Vir18-VA4	dadi_objects_duos/probs.KY4.US-Vir18-VA4.delim	3953582	8863779.60638542	25588252.647527833	1607594.6211875374	46.34738719161515	133.87875075542593	5.2288514888419315e-06	5.2320395847099945e-06	115664.38025222959	3.3933455536298176	9.796022374483822	4.615799379048112	27.316632779728522	27.333288070910587	3719550.978148265	-1287641.854236059	2575293.708472118
KY4_US-Vir18-VA4	dadi_objects_duos/probs.KY4.US-Vir18-VA4.delim	3953582	17640520.10780623	9342653.54110788	1815684.6840733837	38.005660699688505	33.749821133542596	2.1544523895795085e-06	3.6124448996254274e-06	122739.38131545464	6.364088776068208	3.3705058680978235	4.91277094031858	11.943787095681827	20.02656126665617	3719550.978148265	-1212471.6403606278	2424953.2807212556
KY4_US-Vir18-VA4	dadi_objects_duos/probs.KY4.US-Vir18-VA4.delim	3953582	20837225.672382087	3030724.7200932032	3371054.208200786	0.6433586216515758	5.415247427232066	3.0875445309607175e-08	1.7867830064967206e-06	280408.9324359414	3.2904615836779048	0.4785897805669642	3.992490646919278	0.3910446028866645	22.630016967001932	3719550.978148265	-472401.4570555389	944812.9141110778
KY4_US-Vir18-VA4	dadi_objects_duos/probs.KY4.US-Vir18-VA4.delim	3953582	7655143.915605396	22897176.981305588	2604781.6146480874	27.330010177252316	1.0273187683414833	3.5701497553218713e-06	4.4866612560152645e-08	174580.54644861282	1.9416291554100582	5.807575519626415	4.955020829155304	28.15162730854277	0.3537857630502471	3719550.978148265	-976094.097083048	1952198.194166096
KY4_US-Vir18-VA4	dadi_objects_duos/probs.KY4.US-Vir18-VA4.delim	3953582	25797126.65905267	14211318.473489504	3835440.966265949	97.91599891051072	9.442107786923824	3.795616473284642e-06	6.644075850201794e-07	255858.8638496481	4.46457005888178	2.4594765065321695	4.978343403531014	43.8635737009961	7.678144322050936	3719550.978148265	-932718.868570595	1865447.73714119
KY4_US-Vir18-VA4	dadi_objects_duos/probs.KY4.US-Vir18-VA4.delim	3953582	21316827.28113219	26491205.072946377	871927.1220174828	75.28297068172392	187.51777535526907	3.5316217413065914e-06	7.078491704658913e-06	149892.50713593105	6.297256974058689	7.825832789126494	1.9318361040709395	23.909766106687172	47.92276564247917	3719550.978148265	-2228062.4076765757	4456134.815353151
KY4_US-Vir18-VA4	dadi_objects_duos/probs.KY4.US-Vir18-VA4.delim	3953582	16162805.577874117	13284922.166228125	1675409.6842316953	67.75381912538671	38.35047137516997	4.19195905060799e-06	2.8867667341447802e-06	111440.00348066633	6.422208563450118	5.278696231891471	4.9928661046158815	21.09985013908929	14.530281603807369	3719550.978148265	-1329067.3133188307	2658144.6266376614
KY4_US-Vir18-VA4	dadi_objects_duos/probs.KY4.US-Vir18-VA4.delim	3953582	23124577.370089676	20374340.051098492	1151389.7119273322	166.26115191066367	45.55605320638963	7.189802834006082e-06	2.2359523347571424e-06	150187.01733967356	6.817893064496203	6.0070318045139235	2.54600919186938	48.77200341450332	15.167575164878265	3719550.978148265	-1823166.5467958627	3646343.0935917255
KY4_US-Vir18-VA4	dadi_objects_duos/probs.KY4.US-Vir18-VA4.delim	3953582	1697787.4548489668	34699301.59078214	4486984.084810199	4.943021050342287	35.1783142600798	2.9114486835350143e-06	1.0138046775392422e-06	306635.6381628967	0.24517120700369904	5.010797805638298	4.85961557967751	40.32301436006479	14.041003299113818	3719550.978148265	-544156.8900834669	1088323.7801669338
KY4_US-Vir18-VA4	dadi_objects_duos/probs.KY4.US-Vir18-VA4.delim	3953582	24949783.05853492	12554527.179033337	2136591.9139871853	190.9670176746841	37.71842848666992	7.654055236739116e-06	3.0043686989392563e-06	142681.151233038	7.742994350261644	3.896211553799765	4.973074791719662	49.326399848976024	19.36159162090938	3719550.978148265	-1090215.344185732	2180440.688371464
KY4_US-Vir18-VA4	dadi_objects_duos/probs.KY4.US-Vir18-VA4.delim	3953582	8315816.79329384	31365146.8714953	1705411.352789331	42.342341221119355	176.0741880526648	5.0917837987082246e-06	5.613689257507713e-06	139123.6575294	2.6467486460521292	9.982863028235908	4.070972589464173	31.99574034676612	35.27528877330079	3719550.978148265	-1193990.693545827	2387991.387091654
KY4_US-Vir18-VA4	dadi_objects_duos/probs.KY4.US-Vir18-VA4.delim	3953582	7038129.800916836	30543273.929675844	3062742.1475587394	20.51038642173121	113.7351264267084	2.9141813240016377e-06	3.7237372355228545e-06	226171.41693193046	1.3779337156160685	5.9797997654881465	4.497205481842299	29.76977221659911	38.039777546773394	3719550.978148265	-897343.283128967	1794696.566257934
KY4_US-Vir18-VA4	dadi_objects_duos/probs.KY4.US-Vir18-VA4.delim	3953582	10886563.98163438	102060592.81694372	3160092.1789385797	4.05452405114391	139.86641577165204	3.724337686329578e-07	1.3704252729799149e-06	465035.25173662725	1.0366060213193462	9.718091514636267	2.2567522836059233	7.8226905261142345	28.78474967250543	3719550.978148265	-956774.7409940261	1913559.4819880521
KY4_US-Vir18-VA4	dadi_objects_duos/probs.KY4.US-Vir18-VA4.delim	3953582	8060269.458315992	12954213.2214445	3480617.210591424	2.36987614235859	4.160090198600866	2.9401946853197646e-07	3.211380056423822e-07	391602.8132394932	0.9114073594048981	1.4647854301128367	2.951756140533058	5.200476203979735	5.680135961320154	3719550.978148265	-408363.4098904637	816736.8197809274
KY4_US-Vir18-VA4	dadi_objects_duos/probs.KY4.US-Vir18-VA4.delim	3953582	3047908.956256507	17966248.499571238	4514974.189442156	3.929265347410033	1.4839608744379458	1.2891675584155318e-06	8.259714733843074e-08	319592.45571585925	0.42229335217928077	2.48925654074931	4.691684161570371	18.60917453297678	1.1922924376378239	3719550.978148265	-371944.58058212895	743899.1611642579
KY4_US-Vir18-VA4	dadi_objects_duos/probs.KY4.US-Vir18-VA4.delim	3953582	9678489.728985175	28714382.78869857	1589771.364915882	56.21368082901431	218.77632243608952	5.808104611679793e-06	7.619050148004424e-06	136459.77602278808	3.140593394064192	9.317590184628214	3.8690115944433785	35.79812715346069	46.95985079855044	3719550.978148265	-1221530.7568515104	2443071.5137030208
KY4_US-Vir18-VA4	dadi_objects_duos/probs.KY4.US-Vir18-VA4.delim	3953582	10415676.097097157	21121347.588293865	2759931.3287203023	48.395259278569704	3.2664373151051436	4.646386737396475e-06	1.5465099002089756e-07	203155.13344558564	2.2702225780528686	4.603653159607269	4.511702873133421	42.63481453001626	1.4190631665152629	3719550.978148265	-1008953.1466332232	2017916.2932664463
KY4_US-Vir18-VA4	dadi_objects_duos/probs.KY4.US-Vir18-VA4.delim	3953582	7081509.78015551	12153226.866850525	4247798.513577988	3.37573078125777	4.862866478532498	4.766964794312039e-07	4.001296554248145e-07	568297.0158834424	0.5517714905269837	0.9469455400353114	2.482324468440961	12.235973910263796	10.27063600373716	3719550.978148265	-360817.0337417882	721644.0674835764
KY4_US-Vir18-VA4	dadi_objects_duos/probs.KY4.US-Vir18-VA4.delim	3953582	148518609.96670166	5994155.699315355	123156.98762721056	32.08037777331164	2.1824371675334318	2.1600241061038855e-07	3.6409417389386585e-07	713711.824956866	9.214393546479943	0.3718894864741239	0.05730680294087375	6.963101285285756	11.737019985292248	3719550.978148265	-756798.7464234125	1513607.492846825
KY4_US-Vir18-VA4	dadi_objects_duos/probs.KY4.US-Vir18-VA4.delim	3953582	8267496.4829142	13877847.261212235	3545500.9311916074	4.122790197988392	7.729431090618746	4.986745632742204e-07	5.569618216091807e-07	267586.01037077705	1.3681048670211213	2.2965054077830973	4.400319535198514	6.027009036179011	6.7314721440871805	3719550.978148265	-493191.0329252008	986392.0658504016
KY4_US-Vir18-VA4	dadi_objects_duos/probs.KY4.US-Vir18-VA4.delim	3953582	2101140.715464907	20113503.78429672	1020178.634708918	3.1393949587384986	1.3012885660433071	1.4941383676170698e-06	6.469725911500641e-08	697656.6859923732	0.13335894505691573	1.2765997185860027	0.4856288492146013	47.0818805202553	2.038679073945983	3719550.978148265	-394145.92524106236	788301.8504821247
KY4_US-Vir18-VA4	dadi_objects_duos/probs.KY4.US-Vir18-VA4.delim	3953582	19442830.480202135	10239666.66300159	1497932.1884366735	55.48836259378287	75.74363943880789	2.853924105869486e-06	7.397080581977156e-06	101278.15597774168	8.50065670512099	4.476914570935631	4.911864560208849	13.055076688452882	33.83742898760662	3719550.978148265	-1473265.857304426	2946541.714608852
KY4_US-Vir18-VA4	dadi_objects_duos/probs.KY4.US-Vir18-VA4.delim	3953582	41831177.34303818	10822562.628695933	3151081.66861576	103.91807617151723	10.313581374634833	2.4842254694227955e-06	9.529703572505516e-07	215545.26657123156	8.593505740238555	2.2233118927327555	4.85502179950742	24.185257870935562	9.277673913719793	3719550.978148265	-958056.6477622732	1916123.2955245464
KY4_US-Vir18-VA4	dadi_objects_duos/probs.KY4.US-Vir18-VA4.delim	3953582	29692931.841187734	4090528.071571824	2542945.1418006164	85.43053276255667	20.278774422246382	2.8771336296287876e-06	4.95749547917271e-06	175933.02844000308	7.473335446046164	1.029534186581077	4.800203264786937	22.86275877198968	39.39407682922903	3719550.978148265	-888109.0503039171	1776228.1006078343
KY4_US-Vir18-VA4	dadi_objects_duos/probs.KY4.US-Vir18-VA4.delim	3953582	5034213.778020218	22976410.8745862	1925608.8139581133	34.92325533193933	78.05928606587902	6.9371816279271e-06	3.3973663899011755e-06	128170.93968170938	1.7392053354310995	7.937822695692635	4.9894021739200625	40.160014025351245	19.667681947150815	3719550.978148265	-1081090.1199292347	2162190.2398584695
KY4_US-Vir18-VA4	dadi_objects_duos/probs.KY4.US-Vir18-VA4.delim	3953582	14021213.79532949	22973740.77545914	2951546.431722905	16.8123266434852	116.97614611764081	1.199063568168787e-06	5.09173265516238e-06	216492.50353616866	2.8678175771808103	4.698915412829918	4.52769091736283	11.72482292964565	49.78857282608201	3719550.978148265	-984070.6484965059	1968151.2969930118
KY4_US-Vir18-VA4	dadi_objects_duos/probs.KY4.US-Vir18-VA4.delim	3953582	35851111.12846528	13182212.547300627	2104890.8173162593	238.0138918584127	30.512367388471862	6.638954396853631e-06	2.314662070497414e-06	159257.84340912127	9.968058160010717	3.6651879736242	4.389335304674454	47.75531764316207	16.649824024332762	3719550.978148265	-1128207.1750502216	2256424.350100443
KY4_US-Vir18-VA4	dadi_objects_duos/probs.KY4.US-Vir18-VA4.delim	3953582	20954495.46189467	76088710.1536025	340076.6722644308	18.617647117067875	157.40014745650106	8.884798563116777e-07	2.0686399748235027e-06	504298.66409326607	1.839916712318232	6.680995478270175	0.22395411140575053	20.23748900417376	47.11877083840047	3719550.978148265	-1651014.429703013	3302038.859406026
KY4_US-Vir18-VA4	dadi_objects_duos/probs.KY4.US-Vir18-VA4.delim	3953582	1443273.6303481117	1801121.038510532	13354.865299594912	1.7168512912719425	0.7073448021989901	1.1895535643215798e-06	3.927247459082156e-07	918197.3165420819	0.0696019538328538	0.08685916567293966	0.004830293362281318	49.33342231727833	16.287165475718083	3719550.978148265	-168977.94326997365	337965.8865399473
KY4_US-Vir18-VA4	dadi_objects_duos/probs.KY4.US-Vir18-VA4.delim	3953582	17188268.11646246	10423713.475641456	1971020.2169375336	22.6097169564861	42.1287379855726	1.3154156546366134e-06	4.041624713114064e-06	144641.1526981235	5.261977888660568	3.1910922877695453	4.525527620401237	8.593619142797799	26.40396089266288	3719550.978148265	-1154804.8629062038	2309619.7258124077
KY4_US-Vir18-VA4	dadi_objects_duos/probs.KY4.US-Vir18-VA4.delim	3953582	113186620.60453577	4646156.733035025	930815.1824983316	88.54789110702839	1.3623072513448715	7.823176505676147e-07	2.932116434339413e-07	1288586.731849626	3.8894680798634815	0.15965737125699075	0.23989423883919456	45.53213410618162	17.06538496305377	3719550.978148265	-806231.7545018315	1612473.509003663
KY4_US-Vir18-VA4	dadi_objects_duos/probs.KY4.US-Vir18-VA4.delim	3953582	6404555.390231809	18099760.06940695	1982923.652523838	42.001807040323655	45.07485950375143	6.558114417182584e-06	2.490356741244269e-06	142422.91996388973	1.9912137109021915	5.62732121408644	4.623768934661654	42.18714124993968	16.020005892295256	3719550.978148265	-1083385.3248073799	2166780.6496147597
KY4_US-Vir18-VA4	dadi_objects_duos/probs.KY4.US-Vir18-VA4.delim	3953582	16927488.915515896	15732378.663085174	2268666.0385528053	76.35947372919146	17.02879160038441	4.5109746702713626e-06	1.0824041275043277e-06	199878.119513479	3.7500413512905033	3.4852818888365973	3.7694269394841013	40.72460358492519	9.77183031015531	3719550.978148265	-1074415.7243594455	2148841.448718891
KY4_US-Vir18-VA4	dadi_objects_duos/probs.KY4.US-Vir18-VA4.delim	3953582	18171331.056175422	22351431.108048197	1686650.336465383	128.8766354295098	18.226107373420934	7.092305733195688e-06	8.154335749382135e-07	155178.68683667562	5.185175277967845	6.3779635982839205	3.60963259773097	49.70965435907836	5.715337534483553	3719550.978148265	-1429513.205699485	2859036.41139897
KY4_US-Vir18-VA4	dadi_objects_duos/probs.KY4.US-Vir18-VA4.delim	3953582	6057276.364060958	82817378.12151232	5567714.8223794	8.983410096231786	177.2164608805546	1.4830774685355565e-06	2.139846308833116e-06	506260.10872946103	0.5298006103132894	7.243634735514626	3.6523575772763857	33.912418828357275	48.9302587309337	3719550.978148265	-839655.9847874003	1679321.9695748007
KY4_US-Vir18-VA4	dadi_objects_duos/probs.KY4.US-Vir18-VA4.delim	3953582	34108223.35921825	3761696.1130642346	745628.9690595109	31.93393184726638	5.800901391738491	9.362531583937153e-07	1.5420972926526867e-06	678116.3154881707	2.227222873516271	0.24563389121730955	0.3651645369772941	28.67600923732439	47.23209295745348	3719550.978148265	-701631.7507455584	1403273.5014911168
KY4_US-Vir18-VA4	dadi_objects_duos/probs.KY4.US-Vir18-VA4.delim	3953582	8176751.270908667	19046363.780986898	2375334.6709441505	34.09575055723169	91.0075320069138	4.1698407384040055e-06	4.7782103215818234e-06	171971.9770346311	2.1053867068718666	4.904143441589531	4.5870887087397305	32.38906225250214	37.114547358107636	3719550.978148265	-963522.1281788669	1927054.2563577339
KY4_US-Vir18-VA4	dadi_objects_duos/probs.KY4.US-Vir18-VA4.delim	3953582	12341772.465971874	5923134.287656775	14997971.40136023	2.815879348117664	3.370154889062425	2.2815842342592747e-07	5.689816785152911e-07	1139566.1857798102	0.47956419984954674	0.23015520364625797	4.37082061024824	11.743492733615593	29.285932585232857	3719550.978148265	-335257.9150186708	670525.8300373416
KY4_US-Vir18-VA4	dadi_objects_duos/probs.KY4.US-Vir18-VA4.delim	3953582	5044172.527993718	3246547.130788048	72107.8623025108	1.9082454750600826	3.5800727983080045	3.7830694023050654e-07	1.1027324274325253e-06	946502.367417402	0.23598098056429925	0.15188286505265425	0.025300606453243918	16.172875207967287	47.14255024181795	3719550.978148265	-164595.0590568127	329200.1181136254
KY4_US-Vir18-VA4	dadi_objects_duos/probs.KY4.US-Vir18-VA4.delim	3953582	15114267.406248465	13773574.185162736	1318854.3357614332	151.37155557629592	105.27459050033463	1.001514340772591e-05	7.643229642872163e-06	91108.27279851433	7.345782437979181	6.69418349153618	4.807386428211715	41.21318779975687	31.452555978914834	3719550.978148265	-1438706.219708829	2877422.439417658
KY4_US-Vir18-VA4	dadi_objects_duos/probs.KY4.US-Vir18-VA4.delim	3953582	15560800.991067184	16245252.4991875	1460481.2773851135	63.92843053115005	38.88611401135774	4.10829947429112e-06	2.3936909576076222e-06	103578.70729698928	6.652275629465405	6.944880109763906	4.682691235804925	19.220018559660165	11.198498288454886	3719550.978148265	-1575084.0931924705	3150178.186384941
KY4_US-Vir18-VA4	dadi_objects_duos/probs.KY4.US-Vir18-VA4.delim	3953582	13077687.615918873	15196796.071443515	1783093.7861004919	118.8724343326503	52.290630247331734	9.089713550578491e-06	3.440898331562907e-06	118926.05609433922	4.869257209469214	5.658271630654066	4.979287294898296	48.82569526271064	18.48289854592478	3719550.978148265	-1205376.9865201786	2410763.973040357
KY4_US-Vir18-VA4	dadi_objects_duos/probs.KY4.US-Vir18-VA4.delim	3953582	18898590.111279774	19757196.26431932	2097054.5536641001	132.08296391216908	17.616803253491323	6.9890379723794475e-06	8.916651440724179e-07	145452.3289470163	5.753306349775733	6.014692209945829	4.788054269576515	45.91549828293699	5.857923444315362	3719550.978148265	-1228742.3474674057	2457494.6949348114
KY4_US-Vir18-VA4	dadi_objects_duos/probs.KY4.US-Vir18-VA4.delim	3953582	39770167.169154234	1010075.2599338547	4332782.089731808	33.06148496267801	3.4781695857147072	8.313137036125037e-07	3.4434756732309997e-06	301774.9174108144	5.835566872645706	0.14821063488817	4.7681918693247525	11.331027707917851	46.935492697121305	3719550.978148265	-542655.6601598513	1085321.3203197026
KY4_US-Vir18-VA4	dadi_objects_duos/probs.KY4.US-Vir18-VA4.delim	3953582	9231252.626102649	32421052.43097739	3071218.3417733633	10.581254844813744	70.48197465774092	1.1462425819540218e-06	2.1739570239983142e-06	229481.41904705038	1.781237718337136	6.255879217837436	4.444605109130803	11.880789111845006	22.533035630475446	3719550.978148265	-915405.5241234655	1830821.048246931
KY4_US-Vir18-VA4	dadi_objects_duos/probs.KY4.US-Vir18-VA4.delim	3953582	58102016.19478388	6672913.234541954	4747812.764831269	125.93302268798921	9.543345320377657	2.1674466900736376e-06	1.4301617576828476e-06	355201.09769800655	7.2431199482697615	0.8318594452927642	4.439042465350498	34.77314295149071	22.944610112635015	3719550.978148265	-843536.902216176	1687083.804432352
KY4_US-Vir18-VA4	dadi_objects_duos/probs.KY4.US-Vir18-VA4.delim	3953582	4656439.995301762	5191745.2079768535	213095.11666430283	4.663193220692944	2.547388243081827	1.0014502979525121e-06	4.906612595641046e-07	1052142.8941672773	0.19596930745575727	0.2184979756896956	0.06726184658618575	47.59105679592936	23.317270881260274	3719550.978148265	-213276.0958928672	426562.1917857344
KY4_US-Vir18-VA4	dadi_objects_duos/probs.KY4.US-Vir18-VA4.delim	3953582	15137881.002901573	11700195.396610612	1431623.5072602523	113.56118035797799	108.38743049794647	7.501788416503671e-06	9.263728239046746e-06	100930.32938068232	6.641285798299263	5.133105585249507	4.710609954292209	34.198552451111006	42.23074265583338	3719550.978148265	-1315531.4313646324	2631072.862729265
KY4_US-Vir18-VA4	dadi_objects_duos/probs.KY4.US-Vir18-VA4.delim	3953582	17999142.365116857	13445558.468150083	1673023.4267225733	27.21639702066741	57.077962754897705	1.5120941025175736e-06	4.245116548346007e-06	112633.2467455067	7.076100334980581	5.285925231908132	4.932935469170499	7.692484767668885	21.59620511101838	3719550.978148265	-1405084.4524585821	2810178.9049171642
KY4_US-Vir18-VA4	dadi_objects_duos/probs.KY4.US-Vir18-VA4.delim	3953582	46008668.19458633	470030.3734104485	6115065.710647358	6.482092987616818	0.2349176236872961	1.4088851605531896e-07	4.997924325246893e-07	1615540.5743957614	1.2610449451847217	0.01288299465582613	1.25705208728847	10.280510639003912	36.46941258041403	3719550.978148265	-3552875.493807641	7105760.987615282
KY4_US-Vir18-VA4	dadi_objects_duos/probs.KY4.US-Vir18-VA4.delim	3953582	14992490.260147491	15008177.845902981	1584864.119016551	35.2631602422734	58.64192971873337	2.352054904181508e-06	3.907331744122541e-06	129443.25378196532	5.128650775021473	5.134017204977208	4.066142804587998	13.751437479041748	22.844461706081766	3719550.978148265	-1383421.1577586026	2766852.3155172053
KY4_US-Vir18-VA4	dadi_objects_duos/probs.KY4.US-Vir18-VA4.delim	3953582	25748826.379725713	10475332.963391278	2406407.012849966	107.96293327153124	23.4352935648781	4.192926375725607e-06	2.2371884165189507e-06	163445.27346480906	6.975797198569849	2.8379467577461557	4.889525704580714	30.95357568412837	16.515668238603585	3719550.978148265	-1026989.2193977038	2053988.4387954075
KY4_US-Vir18-VA4	dadi_objects_duos/probs.KY4.US-Vir18-VA4.delim	3953582	14230771.237727478	33962296.24570409	2599599.380005921	8.72202972834085	81.38693532424038	6.128992998789626e-07	2.3963908310391426e-06	174169.95997354586	3.617961647494191	8.634408018030598	4.956820450029863	4.821515857903993	18.851769606969242	3719550.978148265	-1060467.2159182841	2120944.4318365683
KY4_US-Vir18-VA4	dadi_objects_duos/probs.KY4.US-Vir18-VA4.delim	3953582	8790538.909951758	24247285.64144808	5358685.278668047	4.369967300546485	26.89877608629209	4.971216606070933e-07	1.1093520521864756e-06	388275.3259679317	1.0025002303767796	2.7652354071312204	4.5834075243915064	8.718137249512806	19.454962870013368	3719550.978148265	-716207.8412241193	1432425.6824482386
KY4_US-Vir18-VA4	dadi_objects_duos/probs.KY4.US-Vir18-VA4.delim	3953582	14233729.033077357	6892252.984001686	4577369.518614287	2.215405576166401	5.1533941429358645	1.556447766441305e-07	7.477082102032434e-07	305229.72696170676	2.064907678331262	0.9998691189493355	4.980341924622664	2.1457671928042443	10.308137425728402	3719550.978148265	-416133.0907575557	832276.1815151114
KY4_US-Vir18-VA4	dadi_objects_duos/probs.KY4.US-Vir18-VA4.delim	3953582	17125664.661514103	3665356.8233786733	6755658.928825658	0.7426083192562473	4.139730727839814	4.3362306452553894e-08	1.1294209342554186e-06	660993.6113541593	1.147252327200225	0.24554312073448187	3.394223754317079	1.294585858140766	33.71897135995362	3719550.978148265	-371419.77195969597	742849.5439193919
KY4_US-Vir18-VA4	dadi_objects_duos/probs.KY4.US-Vir18-VA4.delim	3953582	11983894.434598811	14780271.742193392	1318243.7273485549	143.2609384494804	146.7306962856396	1.1954455976837583e-05	9.927469456922499e-06	91032.94926251782	5.829188977793858	7.18939887184312	4.8091366270129985	49.1529572965396	40.81862723191008	3719550.978148265	-1346402.3766012955	2692814.753202591
KY4_US-Vir18-VA4	dadi_objects_duos/probs.KY4.US-Vir18-VA4.delim	3953582	10767921.841521174	40875858.54632752	2873466.092911118	11.365341537880099	105.15219987432424	1.0554814294857964e-06	2.572476850979112e-06	209642.99318332464	2.274365800757082	8.633667305781454	4.551931733512133	9.994295142933339	24.358640691171885	3719550.978148265	-985515.4996682811	1971040.9993365621
KY4_US-Vir18-VA4	dadi_objects_duos/probs.KY4.US-Vir18-VA4.delim	3953582	16879523.28945046	69768592.19667132	3572788.613701517	3.3612741458414446	199.9905773024776	1.9913323902590357e-07	2.866484344971765e-06	322259.4068283117	2.3193342814989615	9.586567397599115	3.68189783379199	2.8984818382187565	41.7230837708529	3719550.978148265	-998306.5774155816	1996623.1548311631
KY4_US-Vir18-VA4	dadi_objects_duos/probs.KY4.US-Vir18-VA4.delim	3953582	12071660.057667986	12739490.186111132	1652910.7024153566	87.29379758716613	86.61458605090881	7.231300183251649e-06	6.798905198367978e-06	128281.26841566774	4.166894693510868	4.397416246063103	4.279136707874531	41.89872987340396	39.39339885254333	3719550.978148265	-1162388.4917068179	2324786.9834136358
KY4_US-Vir18-VA4	dadi_objects_duos/probs.KY4.US-Vir18-VA4.delim	3953582	69525946.53190391	84310.52285829368	11896828.535700325	10.071758523794095	0.08063449575106926	1.4486330681125485e-07	9.56398952555389e-07	1068187.5729049877	2.8820941400135616	0.0034949666418401734	3.698739082685328	6.989194685879832	46.14321337763241	3719550.978148265	-6544378.139146924	13088766.278293848
KY4_US-Vir18-VA4	dadi_objects_duos/probs.KY4.US-Vir18-VA4.delim	3953582	21055461.19948191	22960228.09873818	2137016.2086729147	149.0042977020847	8.06132660988353	7.076752975885947e-06	3.510995873044726e-07	154030.14818397284	6.052959929416446	6.60053652281639	4.607571656931427	49.23353183884365	2.4426276809521643	3719550.978148265	-1258624.0391725672	2517258.0783451344
KY4_US-Vir18-VA4	dadi_objects_duos/probs.KY4.US-Vir18-VA4.delim	3953582	8171674.7820780305	22053737.211335953	1915527.5965478139	30.373494443395817	90.06874233161733	3.7169240398566053e-06	4.0840580201218975e-06	247339.47459922556	1.4629396600078421	3.9481853693704716	2.571964645050666	41.523919644413766	45.625386806992076	3719550.978148265	-1023549.5661955919	2047109.1323911839
KY4_US-Vir18-VA4	dadi_objects_duos/probs.KY4.US-Vir18-VA4.delim	3953582	13580647.285155693	36466635.52959905	2649507.599961497	9.011390864210949	100.49598223593743	6.635464919305309e-07	2.7558336758094224e-06	308772.6604394137	1.9475580152710055	5.229565780216259	2.8496816442964334	9.254041002683046	38.43377689831128	3719550.978148265	-995511.25249063	1991032.50498126
KY4_US-Vir18-VA4	dadi_objects_duos/probs.KY4.US-Vir18-VA4.delim	3953582	14093680.201886412	14493420.080537139	1720831.9411234718	34.72367394341741	66.93648765920027	2.4637762064992585e-06	4.618405268545804e-06	168192.1468066337	3.7104575919870006	3.815697518415942	3.3978387102009395	18.716653179600097	35.084797647685896	3719550.978148265	-1214768.6130044481	2429547.2260088963
KY4_US-Vir18-VA4	dadi_objects_duos/probs.KY4.US-Vir18-VA4.delim	3953582	58060084.81983283	20442612.355759237	3178146.363224115	218.3493425128177	0.7044161918746452	3.7607479077989813e-06	3.445822772627159e-08	263093.19131503225	9.771850868834504	3.440610876297511	4.011754053276158	44.689454524772216	0.4094715835070992	3719550.978148265	-1051812.2399164534	2103634.4798329067
KY4_US-Vir18-VA4	dadi_objects_duos/probs.KY4.US-Vir18-VA4.delim	3953582	11009692.43088146	18093480.241171148	2494218.850459628	62.57376247376461	14.698190898856922	5.683515944391811e-06	8.123473595428949e-07	172926.63155993164	2.819175276759248	4.633071494655532	4.790079157936361	44.39153747524035	6.344901396756767	3719550.978148265	-1047905.6448714243	2095821.2897428486
KY4_US-Vir18-VA4	dadi_objects_duos/probs.KY4.US-Vir18-VA4.delim	3953582	9549389.784180747	22936995.879146293	2194157.4855128494	21.393361030389773	72.19333196610417	2.240285663679727e-06	3.1474623942248874e-06	176289.12475308837	2.398605761322586	5.761290690457733	4.1334462005933705	17.838163632687614	25.06151341596979	3719550.978148265	-1041834.9749455384	2083679.949891077
KY4_US-Vir18-VA4	dadi_objects_duos/probs.KY4.US-Vir18-VA4.delim	3953582	7655968.249190572	11209354.503930936	9428595.726575216	2.2678831165563293	3.8122172942143853	2.9622420610170393e-07	3.400924908635465e-07	628258.8591308428	0.5395979310340241	0.790043048988289	4.98400430223662	8.405825842254124	9.65065713595284	3719550.978148265	-346578.51630670833	693167.0326134167
KY4_US-Vir18-VA4	dadi_objects_duos/probs.KY4.US-Vir18-VA4.delim	3953582	11438079.91098846	18509375.584654678	1965175.1118100167	49.01494042201709	141.68071260075686	4.285241998959011e-06	7.65453766674972e-06	135803.6765454367	3.729497945939441	6.035163135840144	4.805734157406488	26.28500732940904	46.951742450631784	3719550.978148265	-1089914.7104752453	2179839.4209504905
KY4_US-Vir18-VA4	dadi_objects_duos/probs.KY4.US-Vir18-VA4.delim	3953582	134105188.12832126	6638873.214882518	378161.15104652813	210.47210514175583	8.091906441879443	1.5694553512751598e-06	1.2188674463220093e-06	695209.1764746227	8.541592673572977	0.4228512826719245	0.18064728148026118	49.2817003070025	38.273060877328206	3719550.978148265	-954781.4391531065	1909572.878306213
