Pair_name	fs_name	L	pop1_size	pop2_size	divergence_time	mig_pop1	mig_pop2	Mij	Mji	theta	nu1	nu2	Ts	m12	m21	fs_sanitycheck	-2LL_model	AIC
KY6_US-Vir18-VA4	dadi_objects_duos/probs.KY6.US-Vir18-VA4.delim	3873918	22500717.259219024	6807062.081154453	1745478.0131327014	49.39459582248754	56.723152198082936	2.195245389444175e-06	8.332985878757094e-06	115605.17180904113	8.444764547131802	2.5547646268701016	4.91322674393443	11.698276617851713	44.40577546869804	3576908.021447954	-1024802.0620445958	2049614.1240891917
KY6_US-Vir18-VA4	dadi_objects_duos/probs.KY6.US-Vir18-VA4.delim	3873918	31238124.191863637	62169670.29403083	745787.165918135	2.2898507637562164	154.16642148858722	7.330308150681586e-08	2.479769005681688e-06	427039.6468267618	3.173841220397285	6.316533637736713	0.5682983513860286	1.4429523121951167	48.81361529290512	3576908.021447954	-1536681.390543266	3073372.781086532
KY6_US-Vir18-VA4	dadi_objects_duos/probs.KY6.US-Vir18-VA4.delim	3873918	43093051.440432325	14968704.065112067	3337982.905845359	167.28822457328573	9.606008415721146	3.882023179642519e-06	6.417394835208286e-07	221117.07904705068	8.455774749459028	2.9371786317072544	4.912374944681172	39.567805323572095	6.540976644745363	3576908.021447954	-904374.3903023889	1808758.7806047779
KY6_US-Vir18-VA4	dadi_objects_duos/probs.KY6.US-Vir18-VA4.delim	3873918	42403851.30109522	19755597.09468029	2648880.8181669125	157.13933335088126	4.742314141804253	3.7057797471057216e-06	2.400491424823219e-07	270608.1628173774	6.7988092468501815	3.1675079522998386	3.185306395641664	46.225545575846915	2.9943502672888274	3576908.021447954	-993781.281360456	1987572.562720912
KY6_US-Vir18-VA4	dadi_objects_duos/probs.KY6.US-Vir18-VA4.delim	3873918	5560783.763455514	58313347.90778342	5399535.819878883	3.7168062648949847	51.82231869328756	6.683961151881462e-07	8.886870768462693e-07	428038.3378670769	0.563665929398442	5.910901923715557	4.104908166080471	13.187975611233593	17.534487752323376	3576908.021447954	-758322.9385936725	1516655.877187345
KY6_US-Vir18-VA4	dadi_objects_duos/probs.KY6.US-Vir18-VA4.delim	3873918	19595380.127038766	10307298.763669804	3783509.698848399	79.74343496224331	16.210667370399296	4.069501813450866e-06	1.5727367317164738e-06	266112.2961451583	3.1948994660328838	1.6805381218836568	4.626574899472648	49.919213928356235	19.292234028263906	3576908.021447954	-795555.8386540536	1591121.6773081073
KY6_US-Vir18-VA4	dadi_objects_duos/probs.KY6.US-Vir18-VA4.delim	3873918	6168243.903402839	19147050.62768282	2825907.0891538	27.786176222785972	80.55546037431556	4.504714252213204e-06	4.207199424116444e-06	193320.97574007767	1.3843662599789062	4.2972572554157855	4.756730959881094	40.14281050624472	37.49156989509642	3576908.021447954	-774484.39374742	1548978.78749484
KY6_US-Vir18-VA4	dadi_objects_duos/probs.KY6.US-Vir18-VA4.delim	3873918	16908429.140124198	20806169.181128263	1991663.7378363851	41.3042068373496	4.389516496430714	2.4428175139778953e-06	2.1097187368889222e-07	300590.46610959165	2.4405994344019852	3.0032077086943785	2.156107957497137	33.84759191134556	2.923218719586347	3576908.021447954	-1002231.848060146	2004473.696120292
KY6_US-Vir18-VA4	dadi_objects_duos/probs.KY6.US-Vir18-VA4.delim	3873918	20690312.07178445	3778088.327211504	4324784.868455711	5.355030401059895	2.136386674763011	2.5881825186980113e-07	5.654676359405858e-07	393970.7952899144	2.2786176568672567	0.41607969670636946	3.572153951750088	4.700244804055654	10.26912243819806	3576908.021447954	-400420.52799924	800851.05599848
KY6_US-Vir18-VA4	dadi_objects_duos/probs.KY6.US-Vir18-VA4.delim	3873918	1457529.8228227808	10576981.599977365	25171.721565733907	1.7363547978415803	3.3965706213270166	1.191299670615866e-06	3.2112853645640126e-07	855613.752446677	0.07391084025971748	0.5363551299086868	0.00957337014422503	46.98511860344578	12.665379454486711	3576908.021447954	-230490.77596024054	460991.5519204811
KY6_US-Vir18-VA4	dadi_objects_duos/probs.KY6.US-Vir18-VA4.delim	3873918	27762040.85844101	15831359.16033208	2660159.970186832	66.87639361339643	7.846943165412839	2.4089148904578013e-06	4.956582113982083e-07	179578.001153599	6.707592990246735	3.8250182784251208	4.820413663330734	19.94050435398777	4.102957211824708	3576908.021447954	-947454.4504411726	1894918.9008823452
KY6_US-Vir18-VA4	dadi_objects_duos/probs.KY6.US-Vir18-VA4.delim	3873918	3552762.6682731123	52224744.356390774	7928034.687259284	6.4994480608092156	76.57940852297097	1.829406765290178e-06	1.4663433869657593e-06	575235.2881414845	0.2679718181093577	3.9391203416018987	4.484868455877783	48.50844470635214	38.88147702125235	3576908.021447954	-696332.4766040009	1392674.9532080018
KY6_US-Vir18-VA4	dadi_objects_duos/probs.KY6.US-Vir18-VA4.delim	3873918	503683.5918535062	1548680.5574612853	6151.997640660129	0.5293858098890516	7.123944743260747e-07	1.0510284997392187e-06	4.600009155496119e-13	897017.9427278123	0.024362683293430925	0.07490816567059609	0.0022317457587188554	43.45874413856486	1.9020475750501864e-05	3576908.021447954	-134991.5654924805	269993.130984961
KY6_US-Vir18-VA4	dadi_objects_duos/probs.KY6.US-Vir18-VA4.delim	3873918	2302600.4880790883	2837935.8434052225	43345.01214627848	0.4509742641720323	3.1064040391749743	1.9585432492818202e-07	1.0945998114769284e-06	976246.306861966	0.10233581079554702	0.12612803090426633	0.014448055893030852	8.813615891958237	49.2579487193104	3576908.021447954	-96221.3179963459	192452.6359926918
KY6_US-Vir18-VA4	dadi_objects_duos/probs.KY6.US-Vir18-VA4.delim	3873918	38158056.43822682	19376570.252675835	2219829.5821883352	95.87627111334167	6.134746270632529	2.512608871171243e-06	3.166064061200584e-07	198533.86086507002	8.339117708253806	4.234584127231342	3.638435951762074	22.99434411831032	2.8974492353012016	3576908.021447954	-1076177.503608701	2152365.007217402
KY6_US-Vir18-VA4	dadi_objects_duos/probs.KY6.US-Vir18-VA4.delim	3873918	2300668.3762608813	2856310.2845749	41227.024933557324	0.37140010656457284	3.0526510982960655	1.6143139550089525e-07	1.0687393154663471e-06	968965.5061677374	0.10301824623754083	0.12789851821468728	0.013845331766563341	7.210375251549003	47.735519393148266	3576908.021447954	-97518.23836548835	195046.4767309767
KY6_US-Vir18-VA4	dadi_objects_duos/probs.KY6.US-Vir18-VA4.delim	3873918	62797019.67085459	2769350.168401627	269658.64213573345	20.936059262263452	3.4873831761267304	3.33392561812616e-07	1.2592785180862582e-06	717857.0990203101	3.795504227833544	0.1673818332082139	0.12223794263900342	11.032030531665965	41.669793062770616	3576908.021447954	-592162.9565000649	1184335.9130001299
KY6_US-Vir18-VA4	dadi_objects_duos/probs.KY6.US-Vir18-VA4.delim	3873918	12304916.211248593	12803470.093969235	2205362.3784497576	38.33906169902631	69.30385554991837	3.1157515452221032e-06	5.412896272750484e-06	145737.33538962077	3.6633320229456943	3.8117579343765136	4.924235614770301	20.93125136290419	36.363198683157904	3576908.021447954	-860853.2521767088	1721716.5043534175
KY6_US-Vir18-VA4	dadi_objects_duos/probs.KY6.US-Vir18-VA4.delim	3873918	71023063.0387265	2010870.1862338514	5929998.430755472	64.0510561718917	3.827933332577377	9.018346074002301e-07	1.9036203126302718e-06	392637.1174284746	7.848316201422183	0.222208735956243	4.914653611120407	16.322241491820908	34.453490913437065	3576908.021447954	-543500.5870076244	1087011.174015249
KY6_US-Vir18-VA4	dadi_objects_duos/probs.KY6.US-Vir18-VA4.delim	3873918	22385439.088217676	6524108.897657086	4407808.65129441	53.04476015698235	12.65814545111975	2.369609992814564e-06	1.940210632545618e-06	339740.06201824953	2.8588232278341907	0.8331877692476751	4.221877805183696	37.10950690516699	30.38485661533268	3576908.021447954	-715794.7491478173	1431599.4982956345
KY6_US-Vir18-VA4	dadi_objects_duos/probs.KY6.US-Vir18-VA4.delim	3873918	2364386.7362024626	111918712.2212873	14708780.48459477	2.273574609080833	71.01625871864292	9.61591677989411e-07	6.345342732163371e-07	966980.5306970014	0.10608872517114577	5.021730717971677	4.949811092190595	42.861757560250226	28.283578991797093	3576908.021447954	-743778.9581382851	1487567.9162765702
KY6_US-Vir18-VA4	dadi_objects_duos/probs.KY6.US-Vir18-VA4.delim	3873918	11545065.039690783	17151956.10793139	1835006.9665938178	21.994850272846517	17.81934105737347	1.9051300445021672e-06	1.0389101362691494e-06	126965.80010394336	3.945282230303886	5.861318876501221	4.703061432038061	11.149950238744953	6.08031790551901	3576908.021447954	-1088518.0939295278	2177046.1878590556
KY6_US-Vir18-VA4	dadi_objects_duos/probs.KY6.US-Vir18-VA4.delim	3873918	6185846.940717731	43166185.67952322	4003528.8761634543	17.450049375017777	161.4615744723777	2.8209636517442e-06	3.7404642529944535e-06	283016.0838799272	0.948323469748281	6.617607479090707	4.603217928321675	36.80189288081132	48.797567695738685	3576908.021447954	-789283.5000933412	1578577.0001866824
KY6_US-Vir18-VA4	dadi_objects_duos/probs.KY6.US-Vir18-VA4.delim	3873918	28513406.266963013	7527160.856694647	2162623.5517832283	180.4521695400409	38.01723841067903	6.328678090948445e-06	5.050674369057298e-06	145491.89970798505	8.503128336400374	2.2447130368763597	4.8369522688318725	42.44371304324724	33.87269355692974	3576908.021447954	-825742.0956581172	1651494.1913162344
KY6_US-Vir18-VA4	dadi_objects_duos/probs.KY6.US-Vir18-VA4.delim	3873918	2935827.679833861	3293331.898095635	55372.026069896965	0.00746028602842884	3.650772685646851	2.5411184994519225e-09	1.108534699389972e-06	977444.3005823436	0.1303187748854272	0.14618806859781677	0.018434360834047366	0.11449288155122277	49.94624692238903	3576908.021447954	-105269.33906566353	210548.67813132706
KY6_US-Vir18-VA4	dadi_objects_duos/probs.KY6.US-Vir18-VA4.delim	3873918	53822407.90031941	18335852.79685719	5537174.797887209	158.02851228982604	1.0762541228167801	2.9361100414254825e-06	5.8696703924305765e-08	362580.017383989	6.440620413266834	2.1941468697723083	4.96951557583678	49.072450214363826	0.9810228637324225	3576908.021447954	-888482.5559221276	1776975.1118442551
KY6_US-Vir18-VA4	dadi_objects_duos/probs.KY6.US-Vir18-VA4.delim	3873918	14317847.517312044	6180272.914785151	5043913.910713711	1.8154526359482497	2.346502323930758	1.2679647787512358e-07	3.796761658076925e-07	329523.66910369165	1.8852092614097122	0.813747158775433	4.980933445805198	1.9259958807869424	5.767153343949958	3576908.021447954	-285344.7821317117	570699.5642634234
KY6_US-Vir18-VA4	dadi_objects_duos/probs.KY6.US-Vir18-VA4.delim	3873918	13748323.011581365	60248905.937829465	4362488.880218645	5.705619463913833	150.00768000332727	4.150047579699365e-07	2.489799236489363e-06	383541.09733286535	1.5552716910212925	6.815625275982866	3.7012814832985605	7.337135365933591	44.01875805347734	3576908.021447954	-890541.0869004749	1781092.1738009497
KY6_US-Vir18-VA4	dadi_objects_duos/probs.KY6.US-Vir18-VA4.delim	3873918	46041031.359169684	21131792.352869194	1677486.220530104	223.8142247707821	12.773594326179971	4.861190511237462e-06	6.044728299843256e-07	218181.9712341627	9.155764823527067	4.202289031562808	2.5018990846664506	48.89033938391666	6.079350673044754	3576908.021447954	-1224712.7708381172	2449435.5416762345
KY6_US-Vir18-VA4	dadi_objects_duos/probs.KY6.US-Vir18-VA4.delim	3873918	1518085.2672891722	2621819.9348579035	37226.926155203546	1.034640996387124	2.8291972523458613	6.81543401204776e-07	1.0790967048235512e-06	994172.1216667162	0.06625261602128074	0.11442205070026037	0.012184993033848521	31.233211864563685	49.451958517282954	3576908.021447954	-90609.36956812003	181228.73913624007
KY6_US-Vir18-VA4	dadi_objects_duos/probs.KY6.US-Vir18-VA4.delim	3873918	8450193.932012817	10428104.243264433	7484664.311476147	1.9213792486775494	2.6164661357043912	2.273769411845772e-07	2.5090525321458886e-07	498533.9108980432	0.7354284348656724	0.9075678551217904	4.885480791164796	5.225197062249825	5.765885428706103	3576908.021447954	-246676.50551820218	493363.01103640435
KY6_US-Vir18-VA4	dadi_objects_duos/probs.KY6.US-Vir18-VA4.delim	3873918	169481198.74258998	35556595.92627681	49373.72259064293	67.35072391903233	8.376317882677716	3.9739348328144287e-07	2.355770473654229e-07	761411.7575042872	9.657626260687417	2.0261381032583468	0.021101143057844194	13.947676603140447	8.268259571454964	3576908.021447954	-936302.2253529574	1872614.4507059148
KY6_US-Vir18-VA4	dadi_objects_duos/probs.KY6.US-Vir18-VA4.delim	3873918	10917429.72454011	10682891.413677659	3542461.7544287033	27.170551850412117	14.11717246446378	2.4887315545836187e-06	1.3214748627313666e-06	269247.52918468736	1.7592887470463974	1.7214940809516757	4.281373647720373	30.888109636383135	16.40107000154137	3576908.021447954	-724208.2845847202	1448426.5691694403
KY6_US-Vir18-VA4	dadi_objects_duos/probs.KY6.US-Vir18-VA4.delim	3873918	14444807.571712052	10944330.37247786	1934706.5855380709	53.48925371724046	74.73355407497287	3.7030090883308814e-06	6.82851773763229e-06	126394.49122092393	4.958519905434568	3.756898784159544	4.98100126374588	21.574685485729688	39.78470454944211	3576908.021447954	-894264.1093053014	1788538.218610603
KY6_US-Vir18-VA4	dadi_objects_duos/probs.KY6.US-Vir18-VA4.delim	3873918	40458034.87342636	1758533.765568281	3681642.32672723	37.477302524356205	4.96045900178991	9.263253304715509e-07	2.820792582385762e-06	244323.89588798065	7.18467762016089	0.31228650203359914	4.90349049152856	10.43256343727694	31.76864174075772	3576908.021447954	-519594.96626180224	1039199.9325236045
KY6_US-Vir18-VA4	dadi_objects_duos/probs.KY6.US-Vir18-VA4.delim	3873918	1821306.2911705936	17601157.457395066	3156499.6933347955	2.1908017457977635	0.7058683586378636	1.2028738693861794e-06	4.0103519347887855e-08	884293.4965603825	0.0893624368221834	0.8636012124423303	1.1615529401425662	49.031826429646266	1.634709049658728	3576908.021447954	-250182.66106726963	500375.32213453925
KY6_US-Vir18-VA4	dadi_objects_duos/probs.KY6.US-Vir18-VA4.delim	3873918	1546178.8667065722	34991349.52057069	4015133.578246822	2.793752082326832	20.362485163541642	1.8068750921926935e-06	5.819291179830306e-07	266481.0742879295	0.25174555371464	5.697217087853454	4.903016060040754	22.19504607810171	7.14822161400686	3576908.021447954	-487428.3881623715	974866.776324743
KY6_US-Vir18-VA4	dadi_objects_duos/probs.KY6.US-Vir18-VA4.delim	3873918	26186821.111494463	13670959.286187973	2041015.251277705	95.50001752108089	19.13059501590206	3.646873254087417e-06	1.399360104541461e-06	143055.06548409848	7.942331087829932	4.146333168002899	4.642722192611312	24.048359723360303	9.22771723388374	3576908.021447954	-1021007.3757074275	2042024.751414855
KY6_US-Vir18-VA4	dadi_objects_duos/probs.KY6.US-Vir18-VA4.delim	3873918	9585497.85120156	15551446.58828361	1597215.1602195478	85.61261699521492	136.5803722547912	8.931473182113668e-06	8.782486663182204e-06	104303.86634746137	3.9873348937952393	6.469025041060672	4.98302085218161	42.94227561795133	42.22595256252007	3576908.021447954	-958587.1223874509	1917184.2447749018
KY6_US-Vir18-VA4	dadi_objects_duos/probs.KY6.US-Vir18-VA4.delim	3873918	35866140.24279126	16688212.591290295	3490686.682008848	52.852843127839044	2.584294480967997	1.4736139091092174e-06	1.548574760077517e-07	252280.83540495994	6.168347444249139	2.8700800473577988	4.502526697457311	17.136791857311703	1.800851849652837	3576908.021447954	-868453.5168829589	1736917.0337659179
KY6_US-Vir18-VA4	dadi_objects_duos/probs.KY6.US-Vir18-VA4.delim	3873918	16915796.484328084	5212015.848896488	3070536.759027724	19.584145114007974	24.422691281425468	1.1577430085631514e-06	4.685843633149419e-06	203958.69532993343	3.598476514298473	1.1087457006107635	4.898935975949529	10.884686914693356	44.05463086435779	3576908.021447954	-749128.0375724441	1498266.0751448881
KY6_US-Vir18-VA4	dadi_objects_duos/probs.KY6.US-Vir18-VA4.delim	3873918	10130478.202530494	21836807.548716143	1796932.0494579442	34.19659677940045	85.5499796402272	3.375615256825534e-06	3.917696277231557e-06	118437.91871113174	3.711142458310207	7.999573369374255	4.937084674104373	18.429147985319418	21.388635540927385	3576908.021447954	-1010397.1108072149	2020804.2216144297
KY6_US-Vir18-VA4	dadi_objects_duos/probs.KY6.US-Vir18-VA4.delim	3873918	1743567.9345910894	4488804.531154498	61375.85879298469	1.898050134077295	1.7852720141499319	1.0886011932322188e-06	3.9771658617773863e-07	977935.8919358188	0.07735652176324823	0.19915387207820862	0.020422875235629627	49.072788972759916	17.928569457578487	3576908.021447954	-102114.94322820514	204239.88645641028
KY6_US-Vir18-VA4	dadi_objects_duos/probs.KY6.US-Vir18-VA4.delim	3873918	13851683.29125614	18224725.71115579	1869009.4957619023	32.724911163692674	86.36393907891197	2.3625223357763485e-06	4.7388334094952405e-06	144439.56910997085	4.160876401840722	5.474484908952266	4.210706897517528	15.729816511355912	31.55143927337658	3576908.021447954	-994447.1844778075	1988904.368955615
KY6_US-Vir18-VA4	dadi_objects_duos/probs.KY6.US-Vir18-VA4.delim	3873918	15199541.089339942	9326253.670488693	2268899.0727664586	55.639206144520095	31.381990318623505	3.6605846069617284e-06	3.364908507467082e-06	148745.17842151126	4.433595066119092	2.720400044699597	4.963659349537359	25.09891197313307	23.071599619892588	3576908.021447954	-840315.541855414	1680641.083710828
KY6_US-Vir18-VA4	dadi_objects_duos/probs.KY6.US-Vir18-VA4.delim	3873918	10966751.5568815	8261739.281341397	8379338.05095595	1.6726699875462454	2.6325989278541018	1.5252191853445115e-07	3.186494802371283e-07	551968.4397534297	0.8620495010532594	0.6494200391403488	4.9399795741796355	3.8806819921653295	8.107538324006537	3576908.021447954	-252238.77643413062	504487.55286826123
KY6_US-Vir18-VA4	dadi_objects_duos/probs.KY6.US-Vir18-VA4.delim	3873918	35520.873729990795	67672.09007506318	390.85267621462924	0.04104502596081518	0.0001557683366713951	1.1555184783126622e-06	2.301810635649259e-09	923250.4764458948	0.0016692928983456725	0.0031802297498986923	0.00013776003281372665	49.17654175788111	0.09796042985658956	3576908.021447954	-114202.86043406963	228415.72086813927
KY6_US-Vir18-VA4	dadi_objects_duos/probs.KY6.US-Vir18-VA4.delim	3873918	13490386.860704329	9855506.46334009	2165456.532106734	54.622391230049196	38.351733836229066	4.048986274007963e-06	3.891401621914358e-06	160635.7705599782	3.643766925697838	2.661982110514878	4.386689524369563	29.981276159472333	28.814418913439734	3576908.021447954	-841146.7422716471	1682303.4845432942
KY6_US-Vir18-VA4	dadi_objects_duos/probs.KY6.US-Vir18-VA4.delim	3873918	21689560.745253503	16786509.31960538	1500418.2964319957	21.976823500879135	10.809185433942252	1.0132442864564925e-06	6.439209741669126e-07	103031.20743414958	9.133777202140719	7.069033712934342	4.738853141850792	4.812209234910688	3.0581790589467652	3576908.021447954	-1482184.7868243111	2964379.5736486223
KY6_US-Vir18-VA4	dadi_objects_duos/probs.KY6.US-Vir18-VA4.delim	3873918	12995489.902728371	13162077.532566369	1749752.1427885857	68.18514978107646	105.38521138151431	5.246831807915234e-06	8.006730785528665e-06	114540.1500811793	4.922699829133738	4.985803329123157	4.9710539241665135	27.70233902036444	42.27411489175134	3576908.021447954	-914563.892485002	1829137.784970004
KY6_US-Vir18-VA4	dadi_objects_duos/probs.KY6.US-Vir18-VA4.delim	3873918	13079545.128428183	37230446.96943905	3369920.772568162	6.181996477339036	76.05244352712181	4.7264613689833636e-07	2.0427486027645636e-06	348004.96177370544	1.6307059316674877	4.641744809591255	3.151112747624259	7.581988091522546	32.768903352883314	3576908.021447954	-877305.5778575897	1754621.1557151794
KY6_US-Vir18-VA4	dadi_objects_duos/probs.KY6.US-Vir18-VA4.delim	3873918	53148268.53904298	17932495.866062816	538389.3014939611	63.50003944207725	58.8605485175087	1.1947715548895033e-06	3.282340002035192e-06	329562.62751771085	6.99712464360989	2.36086540907133	0.5316038929207658	18.15032393343701	49.86353588082099	3576908.021447954	-1903451.5751261576	3806913.150252315
KY6_US-Vir18-VA4	dadi_objects_duos/probs.KY6.US-Vir18-VA4.delim	3873918	15251344.636725433	26527362.65026821	3469709.444008125	9.948273786858653	102.03115833826205	6.522883079373266e-07	3.846260922483014e-06	237605.80884015007	2.784963627653625	4.844014864150121	4.751883037415702	7.14427555755206	42.12669085447298	3576908.021447954	-894273.8327708275	1788557.665541655
KY6_US-Vir18-VA4	dadi_objects_duos/probs.KY6.US-Vir18-VA4.delim	3873918	13119326.539797561	7550352.672702952	2680720.5030871467	66.84094195576235	40.953812493826106	5.094845513068062e-06	5.424092657537418e-06	193022.31909617828	2.948984289722713	1.6971809754199838	4.519326256662468	45.33150087554197	48.26098464094754	3576908.021447954	-759806.6608172215	1519623.321634443
KY6_US-Vir18-VA4	dadi_objects_duos/probs.KY6.US-Vir18-VA4.delim	3873918	26962684.18951445	24332033.302681897	2053255.9463039786	110.78947887597614	5.818971231857373	4.108992936210008e-06	2.391485807812042e-07	134003.84043309296	8.730001658549059	7.878247195095347	4.98603740481371	25.381319090010244	1.477224841454584	3576908.021447954	-1245734.2714463465	2491478.542892693
KY6_US-Vir18-VA4	dadi_objects_duos/probs.KY6.US-Vir18-VA4.delim	3873918	24748635.45527595	15032034.419408046	1470940.2107746012	211.2321198005353	47.22343056904691	8.535101669837903e-06	3.1415195875334185e-06	112378.04385102759	9.555166010173046	5.803697121307715	4.25934913491567	44.213176322764866	16.273568238311622	3576908.021447954	-1158476.7659043027	2316963.5318086054
KY6_US-Vir18-VA4	dadi_objects_duos/probs.KY6.US-Vir18-VA4.delim	3873918	2512220.4434366166	43128201.28371958	268454.55325043976	3.260520349126056	27.993072208987705	1.2978639504524513e-06	6.490665359502202e-07	755686.1694041424	0.1442396692781525	2.4762148186388857	0.11560030731617855	45.209759082828356	22.609566826172866	3576908.021447954	-565171.5237443746	1130353.0474887493
KY6_US-Vir18-VA4	dadi_objects_duos/probs.KY6.US-Vir18-VA4.delim	3873918	17390222.383566093	7155421.91061582	3301442.930395676	10.23349812514333	5.364308872499506	5.884627521965487e-07	7.496844965271705e-07	215375.58234583886	3.503298292023924	1.4414753765230766	4.988121433643626	5.842207698066861	7.442803338671708	3576908.021447954	-544851.9215252245	1089713.843050449
KY6_US-Vir18-VA4	dadi_objects_duos/probs.KY6.US-Vir18-VA4.delim	3873918	12843226.881949464	47783507.38928706	4810681.579628238	2.7572708528432366	61.643539883588446	2.14686766665973e-07	1.2900589188940276e-06	508414.8989672016	1.096034770908452	4.077821411706619	3.07905914214877	5.031356533621399	30.233565259440756	3576908.021447954	-854443.9168840176	1708897.8337680353
KY6_US-Vir18-VA4	dadi_objects_duos/probs.KY6.US-Vir18-VA4.delim	3873918	11872758.080823729	50116737.80631742	1247738.2623079142	23.8996186997515	171.13153973606282	2.0129795062827854e-06	3.414658400102231e-06	313906.01881571225	1.6410447426898418	6.927102240098568	1.2934615945772658	29.127321246071034	49.40927210383652	3576908.021447954	-1118588.6179175745	2237187.235835149
KY6_US-Vir18-VA4	dadi_objects_duos/probs.KY6.US-Vir18-VA4.delim	3873918	409900.78911338706	560818419.0239849	17466688.096274767	0.05331536542428605	71.71519184557742	1.3006895043946333e-07	1.278759566606002e-07	6622164.123984921	0.002685636685050348	3.674436741243058	0.8583023725148201	39.70407890320171	39.034658586238855	3576908.021447954	-7237490.221955552	14474990.443911104
KY6_US-Vir18-VA4	dadi_objects_duos/probs.KY6.US-Vir18-VA4.delim	3873918	48410748.3697213	7002375.6031166315	3504170.21024608	175.80882319373313	17.067323270068993	3.631607217699892e-06	2.437361866517505e-06	232059.8959847225	9.051283116024242	1.3092233894940408	4.913769587631192	38.84727081014273	26.07243867933766	3576908.021447954	-784948.3177181652	1569906.6354363305
KY6_US-Vir18-VA4	dadi_objects_duos/probs.KY6.US-Vir18-VA4.delim	3873918	5664814.497144839	5800541.3456860585	391044.69303451746	5.633047165614969	3.7999683486123	9.94392167378847e-07	6.551058120529368e-07	1088438.7666381395	0.22581362243026099	0.23122403284097856	0.11691011368809971	49.8911191007057	32.868281916228675	3576908.021447954	-332177.389953667	664364.779907334
KY6_US-Vir18-VA4	dadi_objects_duos/probs.KY6.US-Vir18-VA4.delim	3873918	18710071.608468086	13251609.73048061	1750098.7112531452	110.62640752610844	35.277573049397766	5.912666174726957e-06	2.6621349229938663e-06	144399.57991610383	5.621833333222888	3.981724007296641	3.943903710780923	39.355989752434894	17.719748021083554	3576908.021447954	-1012710.3095872458	2025430.6191744916
KY6_US-Vir18-VA4	dadi_objects_duos/probs.KY6.US-Vir18-VA4.delim	3873918	28103830.497855857	21458097.583206054	2307547.042071368	47.084851854193	2.9761393500458233	1.6753891202761584e-06	1.3869539638849748e-07	153256.36240294224	7.95637878277104	6.074928196804941	4.899612548153595	11.835749186841586	0.979810543805637	3576908.021447954	-1082495.092130857	2165000.184261714
KY6_US-Vir18-VA4	dadi_objects_duos/probs.KY6.US-Vir18-VA4.delim	3873918	29907850.531835895	4670971.203574193	2692664.614371693	100.74604307948981	21.88883941094891	3.3685484342062315e-06	4.686143086088763e-06	185946.26330563411	6.9785660368603635	1.0899038353063044	4.712208471892902	28.872992688571063	40.16655176701404	3576908.021447954	-753162.7708806153	1506335.5417612307
KY6_US-Vir18-VA4	dadi_objects_duos/probs.KY6.US-Vir18-VA4.delim	3873918	8861877.509882059	15272071.877488704	9437372.674262464	7.7408497675458365	1.1658876134036682	8.734999732183003e-07	7.634115546052442e-08	619387.1499138986	0.6207718261606088	1.0698039933493635	4.958137908449297	24.939436492863933	2.1796284565240485	3576908.021447954	-489327.4254972224	978664.8509944448
KY6_US-Vir18-VA4	dadi_objects_duos/probs.KY6.US-Vir18-VA4.delim	3873918	31395539.148276825	7055968.099913065	1830260.217338502	45.90117219579659	14.78558914295961	1.4620284741412354e-06	2.0954727875175314e-06	138182.96365529005	9.857842814340675	2.215493866929268	4.310106734717454	9.31262002453964	13.347443081350365	3576908.021447954	-1011588.9421839579	2023187.8843679158
KY6_US-Vir18-VA4	dadi_objects_duos/probs.KY6.US-Vir18-VA4.delim	3873918	18317020.67268119	4227543.792447553	11201082.355578965	0.09561608159451557	2.731514859628698	5.220067351734859e-09	6.461233741702477e-07	1371531.2250031435	0.5794521551700161	0.13373677987178817	2.6575655107762937	0.3300223521179622	40.84911962509294	3576908.021447954	-290033.9826243671	580077.9652487342
KY6_US-Vir18-VA4	dadi_objects_duos/probs.KY6.US-Vir18-VA4.delim	3873918	13895324.67780535	18711621.759393334	2034453.9842621638	17.42726200518848	48.46177947113279	1.254181705665691e-06	2.589929408272948e-06	149881.29676893973	4.022441191202148	5.416670705032122	4.4170276451685675	8.665017673001785	17.893566771969905	3576908.021447954	-1012531.0323832509	2025072.0647665018
KY6_US-Vir18-VA4	dadi_objects_duos/probs.KY6.US-Vir18-VA4.delim	3873918	44004494.71616816	12327423.881699437	2511011.2693445534	135.9142199641003	12.46738692670471	3.088644031496233e-06	1.0113537951114875e-06	267078.3134573085	7.1486965073939555	2.002636608298349	3.059424391096134	38.02489581800629	12.450972757657034	3576908.021447954	-905593.6125255309	1811197.2250510617
KY6_US-Vir18-VA4	dadi_objects_duos/probs.KY6.US-Vir18-VA4.delim	3873918	844139.5974325634	1856502.1431685672	13893.102319672014	0.9405165085963574	0.7063400851835882	1.1141717690497196e-06	3.8046823042070343e-07	936450.124922741	0.03911092319016712	0.0860160013162362	0.004827744417350047	48.09482527545209	16.423457830520213	3576908.021447954	-108184.20351802451	216378.40703604903
KY6_US-Vir18-VA4	dadi_objects_duos/probs.KY6.US-Vir18-VA4.delim	3873918	1980764.5376467847	5940984.571519456	125315.25829843376	2.047621630848121	1.6171953061476974	1.033753175569654e-06	2.7220998248343983e-07	1021642.2375814768	0.08412061881891757	0.25230626308747905	0.03991487761953027	48.68299020139018	12.819303701446263	3576908.021447954	-119577.25504487459	239164.51008974918
KY6_US-Vir18-VA4	dadi_objects_duos/probs.KY6.US-Vir18-VA4.delim	3873918	20582023.917483762	55252386.55973283	1089149.2393314096	24.43817089576032	217.8370506218679	1.187355091692459e-06	3.942581745068447e-06	272147.910937313	3.2813421706766333	8.808754026127042	1.302303103722863	14.895228613552982	49.45921976610003	3576908.021447954	-1394580.6886054694	2789171.377210939
KY6_US-Vir18-VA4	dadi_objects_duos/probs.KY6.US-Vir18-VA4.delim	3873918	14121331.823621318	22513858.426157586	1546212.0905290383	42.996269897928045	110.7313645234914	3.044774418940178e-06	4.918364610254404e-06	105989.84863264507	5.780692029490102	9.21624699303913	4.747166683189058	14.875820984263925	24.029600032882115	3576908.021447954	-1163482.6364572865	2326975.272914573
KY6_US-Vir18-VA4	dadi_objects_duos/probs.KY6.US-Vir18-VA4.delim	3873918	14898894.489605445	23683499.898959674	1665762.5089584137	52.21954209808941	190.248399025253	3.5049273041380063e-06	8.032951203872106e-06	119208.43059325665	5.422699274445952	8.620001826848997	4.547113564390794	19.25961203276381	44.14115051175052	3576908.021447954	-1013805.7983854434	2027621.5967708868
KY6_US-Vir18-VA4	dadi_objects_duos/probs.KY6.US-Vir18-VA4.delim	3873918	34876458.93198794	6728063.504158192	4002037.8389891516	28.309307212774225	4.248046060285699	8.117024514438172e-07	6.313920874350025e-07	263204.2193678756	5.749207495239132	1.1090871697147477	4.9478671633325275	9.848072881772632	7.660436756072613	3576908.021447954	-654498.3699600811	1309006.7399201621
KY6_US-Vir18-VA4	dadi_objects_duos/probs.KY6.US-Vir18-VA4.delim	3873918	13726448.689653024	9615111.155309802	1880301.5840190689	81.35375069070885	69.08841337769935	5.926787950042255e-06	7.1853993429442895e-06	126561.69865274164	4.705701147147484	3.2962524114192875	4.834537183585929	34.576675461009295	41.919370700104565	3576908.021447954	-859280.2703691679	1718570.5407383358
KY6_US-Vir18-VA4	dadi_objects_duos/probs.KY6.US-Vir18-VA4.delim	3873918	4603280.094719209	25739441.874262046	4879489.231421545	10.306899355519903	49.98166399242389	2.239033720182218e-06	1.941831693033044e-06	473140.906025343	0.4221291568279995	2.3603536330691837	3.355935109812486	48.83291849806786	42.350996301712975	3576908.021447954	-698903.6823344572	1397817.3646689143
KY6_US-Vir18-VA4	dadi_objects_duos/probs.KY6.US-Vir18-VA4.delim	3873918	24113271.549604703	8476618.640828157	1746489.219389759	223.7728361998562	60.530804268364676	9.280069514396713e-06	7.1409139461358235e-06	115509.57911109744	9.057463277367122	3.1840002256684765	4.920141532473299	49.4118119714649	38.02185928278715	3576908.021447954	-889571.4265001272	1779152.8530002544
KY6_US-Vir18-VA4	dadi_objects_duos/probs.KY6.US-Vir18-VA4.delim	3873918	18649047.834102087	9034750.947034625	1856861.1680814603	50.556535065429074	34.18554011557595	2.710944575571317e-06	3.7837833401258596e-06	131772.91287197146	6.140432519427633	2.9748048808504834	4.585460702289892	16.466766764547586	22.983383102291036	3576908.021447954	-960990.0207915532	1921990.0415831064
KY6_US-Vir18-VA4	dadi_objects_duos/probs.KY6.US-Vir18-VA4.delim	3873918	131662458.55648042	6631322.076973384	8351697.14244829	161.1747097048654	4.8521817485573315	1.2241508435430349e-06	7.317065424112119e-07	760088.5700023675	7.515644082104387	0.3785335400140159	3.5755283294454228	42.89045834105979	25.63673352896375	3576908.021447954	-738109.3452134826	1476228.6904269652
KY6_US-Vir18-VA4	dadi_objects_duos/probs.KY6.US-Vir18-VA4.delim	3873918	27996002.523720857	58289525.819465585	599555.6603832209	49.3594752668194	182.31640133927547	1.7630901134902169e-06	3.12777293649542e-06	299286.49985878944	4.058610205758096	8.450294436830216	0.6518866216046748	24.3233386624768	43.15030741287733	3576908.021447954	-1898317.1042870278	3796644.2085740557
KY6_US-Vir18-VA4	dadi_objects_duos/probs.KY6.US-Vir18-VA4.delim	3873918	2064202.9910778992	7680818.582050778	115133.96446570804	2.3170887051312117	2.091719841182901	1.1225100996105324e-06	2.7233032766468647e-07	954739.2917385732	0.09380717411573489	0.34905282532391135	0.03924174859957737	49.40109809240168	11.985119096181748	3576908.021447954	-133356.29624917934	266722.5924983587
KY6_US-Vir18-VA4	dadi_objects_duos/probs.KY6.US-Vir18-VA4.delim	3873918	1742332.4110695974	2703495.762787394	34693.66753771879	1.8727121192562068	1.3624578850544298	1.074830558944014e-06	5.039615389112688e-07	969480.0481221906	0.07797593411618337	0.1209916122452652	0.01164504107418994	48.03307944899729	22.52152624088613	3576908.021447954	-108070.81199151988	216151.62398303975
KY6_US-Vir18-VA4	dadi_objects_duos/probs.KY6.US-Vir18-VA4.delim	3873918	13389798.531974917	19074421.59016283	2824575.024918481	4.670433362776555	21.63949190811728	3.4880534995530607e-07	1.1344769646528796e-06	230644.0587440067	2.518837886034546	3.588207517892432	3.9851119932776697	3.70840329873655	12.061449512166142	3576908.021447954	-802795.2909587722	1605600.5819175444
KY6_US-Vir18-VA4	dadi_objects_duos/probs.KY6.US-Vir18-VA4.delim	3873918	14540695.950433528	23601802.853637487	1736578.4600631972	41.982902685887076	162.41579157500817	2.8872691395926866e-06	6.881499374526671e-06	156311.42415562255	4.036109309904948	6.551230873187145	3.6152087373342794	20.80364998185631	49.583290443859326	3576908.021447954	-994454.6692383743	1988919.3384767487
KY6_US-Vir18-VA4	dadi_objects_duos/probs.KY6.US-Vir18-VA4.delim	3873918	20018156.736087985	24196984.822222516	1850606.6601446322	61.11169854121001	6.98248862253991	3.0528134706348925e-06	2.885685416526439e-07	122829.34752937952	7.071155483488021	8.547272566863327	4.902771625361744	17.284784271513477	1.6338518674624036	3576908.021447954	-1323777.6157274847	2647565.2314549694
KY6_US-Vir18-VA4	dadi_objects_duos/probs.KY6.US-Vir18-VA4.delim	3873918	2992568.8648753585	18139540.249725148	5180265.830016817	7.023023387640065	15.911508226401716	2.3468209771448573e-06	8.771726299205851e-07	338580.21916680527	0.38348732808011665	2.3245192131137675	4.978748089692602	36.62714709661981	13.690149891329781	3576908.021447954	-527815.4828249948	1055640.9656499897
KY6_US-Vir18-VA4	dadi_objects_duos/probs.KY6.US-Vir18-VA4.delim	3873918	3258.5682384940883	5930.004626756114	35.4231652511469	6.889046441246138e-10	1.0488960749397482e-08	2.1141329372405088e-13	1.7687946990920395e-12	925428.6977852362	0.00015277500390431224	0.0002780228657798288	1.245587066820034e-05	9.018551811736117e-06	7.545394311346949e-05	3576908.021447954	-114241.64094808171	228493.28189616342
KY6_US-Vir18-VA4	dadi_objects_duos/probs.KY6.US-Vir18-VA4.delim	3873918	2121821.9761509527	2768107.526631471	39088.55399411658	0.3147905938194846	3.036879827489068	1.4835862638699027e-07	1.0970960478492206e-06	972141.4653972689	0.09469955140725776	0.12354407861048791	0.013084279872171692	6.6481960926239205	49.16269337462622	3576908.021447954	-97281.96137955617	194573.92275911235
KY6_US-Vir18-VA4	dadi_objects_duos/probs.KY6.US-Vir18-VA4.delim	3873918	17955942.517999593	21117911.844520345	1653361.3553663392	46.56765886719127	163.37061868644048	2.5934399612000544e-06	7.73611614108673e-06	108067.17643107352	7.2091298553013665	8.47862865496156	4.978559090114567	12.919078946246719	38.53703831947837	3576908.021447954	-1096028.264132505	2192066.52826501
KY6_US-Vir18-VA4	dadi_objects_duos/probs.KY6.US-Vir18-VA4.delim	3873918	18642962.3231464	9442412.861311825	1623385.9263918118	76.59205309380849	58.28511197624245	4.108362810920595e-06	6.1726925979960755e-06	122435.70275047561	6.606558575470705	3.3461341915916205	4.3146282861938925	23.18667191665714	34.83728304902117	3576908.021447954	-992712.8072563788	1985435.6145127576
KY6_US-Vir18-VA4	dadi_objects_duos/probs.KY6.US-Vir18-VA4.delim	3873918	6372950.444413328	12875808.707495656	5749369.060907294	1.5230243817869273	1.993299507427143	2.389826180308753e-07	1.5480965527755495e-07	374689.41922912194	0.7379680480269664	1.4909790216506074	4.993194072505199	4.127616055624332	2.673812949052006	3576908.021447954	-262349.6115722754	524709.2231445508
KY6_US-Vir18-VA4	dadi_objects_duos/probs.KY6.US-Vir18-VA4.delim	3873918	9546731.346979495	11591184.9583341	2626747.4111265508	42.01888145262088	30.94686621423027	4.4013893264017845e-06	2.6698621690079557e-06	180249.5583377926	2.297994254019249	2.7901148009107497	4.7421336709339235	36.57004918887748	22.183220707713236	3576908.021447954	-794861.9528965349	1589733.9057930699
KY6_US-Vir18-VA4	dadi_objects_duos/probs.KY6.US-Vir18-VA4.delim	3873918	16749329.15108022	24631523.177756634	2800614.0358191784	9.489624751762518	81.44268952895882	5.665674527120091e-07	3.306441462885463e-06	192948.855724933	3.7663758479215996	5.538823266139023	4.7232479169640715	5.039127869832311	29.40793941805279	3576908.021447954	-949869.3180515483	1899748.6361030967
KY6_US-Vir18-VA4	dadi_objects_duos/probs.KY6.US-Vir18-VA4.delim	3873918	11295349.84085519	26162565.404024653	9067471.564724842	0.9888047496272121	13.322972098137857	8.754086978791159e-08	5.092379853578254e-07	872859.6121541186	0.5614663511766098	1.3004820870342313	3.3804264527128662	3.5222226498705442	20.489281983915816	3576908.021447954	-669682.1702781457	1339374.3405562914
KY6_US-Vir18-VA4	dadi_objects_duos/probs.KY6.US-Vir18-VA4.delim	3873918	7408565.8678554725	20948576.922871005	831055.5756113251	16.022331097046173	21.46124271099291	2.1626764724552678e-06	1.0244725830307925e-06	501410.97504060424	0.6410748761019524	1.8127133638118225	0.5393440846379127	49.985833774893045	23.67858387259156	3576908.021447954	-938236.9000020726	1876483.8000041451
KY6_US-Vir18-VA4	dadi_objects_duos/probs.KY6.US-Vir18-VA4.delim	3873918	13614867.157036696	26332767.484574225	1150892.0844690949	94.2357783321687	227.68301875019174	6.921534910714423e-06	8.6463763781596e-06	123961.04019926823	4.765370178078934	9.216790985171007	3.021197239772681	39.55024470739355	49.406136933454036	3576908.021447954	-1281161.0609644325	2562332.121928865
KY6_US-Vir18-VA4	dadi_objects_duos/probs.KY6.US-Vir18-VA4.delim	3873918	22111481.620375223	15563784.058121609	1054750.9892994554	145.37138620332377	127.6136752040378	6.574475139167851e-06	8.199398984686214e-06	123092.82586036142	7.793877017932322	5.485938073497446	2.788347438193838	37.303997963747726	46.52392115781954	3576908.021447954	-1411933.1470088982	2823876.2940177964
