Pair_name	fs_name	L	pop1_size	pop2_size	divergence_time	mig_pop1	mig_pop2	Mij	Mji	theta	nu1	nu2	Ts	m12	m21	fs_sanitycheck	-2LL_model	AIC
KY8_US-Vir17-VA2	dadi_objects_duos/probs.KY8.US-Vir17-VA2.delim	4354065	2611843.254380102	2085601.5904740454	45848.80744456877	0.9610491239735057	2.208624720917413	3.679581928822916e-07	1.058986879855325e-06	1143597.8748851363	0.11137473945190471	0.08893463776969851	0.014663204001913063	17.257937099615276	49.668493093473366	4003669.0005183984	-101003.31793926415	202016.6358785283
KY8_US-Vir17-VA2	dadi_objects_duos/probs.KY8.US-Vir17-VA2.delim	4354065	10172570.016789706	9869372.68247044	5930078.66615948	6.4543350925622285	4.388091889068283	6.344842141080793e-07	4.44617102854189e-07	503387.33393096353	0.9854652959022444	0.9560931264024468	4.308561965386464	13.099061163088347	9.179214383811416	4003669.0005183984	-494030.8921341098	988071.7842682196
KY8_US-Vir17-VA2	dadi_objects_duos/probs.KY8.US-Vir17-VA2.delim	4354065	14270692.484211829	19013153.691647682	1848889.8122544454	48.327566889342854	22.62280337981289	3.386490665593793e-06	1.1898501293739027e-06	143255.16067127336	4.857890289307897	6.472272791944696	4.720357872858716	19.89652462745431	6.990682904456354	4003669.0005183984	-1338992.485256499	2677994.970512998
KY8_US-Vir17-VA2	dadi_objects_duos/probs.KY8.US-Vir17-VA2.delim	4354065	16391892.333641458	3645731.060945289	3786872.9565791423	0.000971750345752901	2.520615236451192	5.928237728590709e-11	6.913881452894745e-07	1761441.609337525	0.4538096978813935	0.10093209970205154	0.7862970690489454	0.004282633669088646	49.946751209812746	4003669.0005183984	-288196.60240983457	576403.2048196691
KY8_US-Vir17-VA2	dadi_objects_duos/probs.KY8.US-Vir17-VA2.delim	4354065	28676088.616939675	40602640.596269	750454.6280182736	85.60638085200354	182.07053653558754	2.9852879168965092e-06	4.484204324196543e-06	203867.9878865992	6.859363340348021	9.712212434120186	1.3463239640360636	24.96044504551939	37.49311246445795	4003669.0005183984	-2440732.1303966576	4881474.260793315
KY8_US-Vir17-VA2	dadi_objects_duos/probs.KY8.US-Vir17-VA2.delim	4354065	40938073.778822035	42998292.604353845	707747.363012891	204.78414145391167	107.19449131770787	5.00229059531008e-06	2.4929941359311964e-06	212898.3134474914	9.377090643884266	9.848995081245521	1.2158505942354507	43.6775433300246	21.767599726357435	4003669.0005183984	-2555842.7276091035	5111695.455218207
KY8_US-Vir17-VA2	dadi_objects_duos/probs.KY8.US-Vir17-VA2.delim	4354065	58551462.0512646	18876140.322900116	4439073.059173948	151.10328524356626	1.9318231354263884	2.580691923820248e-06	1.0234206264522961e-07	326299.2183198374	8.750535710150345	2.8210455243752337	4.975656971816266	34.53577935080963	1.3695795539167857	4003669.0005183984	-1082504.060192358	2165018.120384716
KY8_US-Vir17-VA2	dadi_objects_duos/probs.KY8.US-Vir17-VA2.delim	4354065	21540836.37057983	26274277.85689997	2183687.8959736456	75.28392550143869	4.490858718844312	3.494939760289921e-06	1.709222511577023e-07	162045.08338553252	6.482456839950713	7.906929391137754	4.928660238486302	23.22697315544675	1.1359298905281126	4003669.0005183984	-1436484.4050323819	2872978.8100647638
KY8_US-Vir17-VA2	dadi_objects_duos/probs.KY8.US-Vir17-VA2.delim	4354065	15508698.371647509	19691031.357915614	1419115.1119377222	78.22911514310299	55.35743223436805	5.044208950901958e-06	2.8113018169622115e-06	105720.33518697481	7.153683946882803	9.082865083004558	4.909454799578162	21.87100121391052	12.189420789250816	4003669.0005183984	-1578307.1973410565	3156624.394682113
KY8_US-Vir17-VA2	dadi_objects_duos/probs.KY8.US-Vir17-VA2.delim	4354065	39859073.78125724	25049140.86724191	698532.1062309169	82.98940369047253	119.52466632707383	2.082070550507781e-06	4.771607416020506e-06	235904.91699244862	8.239543301236854	5.178080202442459	1.0829877684314724	20.144175631194226	46.165629597894224	4003669.0005183984	-2527978.9795209966	5055967.959041993
KY8_US-Vir17-VA2	dadi_objects_duos/probs.KY8.US-Vir17-VA2.delim	4354065	21758899.497384742	16447568.104879474	1818847.4109492037	21.832560668307497	107.12365641965651	1.0033853353167796e-06	6.5130392369602835e-06	149745.0709408107	7.085937560564602	5.35626540433802	4.4424024788056675	6.162222142574988	39.99938327660069	4003669.0005183984	-1418549.662675681	2837109.325351362
KY8_US-Vir17-VA2	dadi_objects_duos/probs.KY8.US-Vir17-VA2.delim	4354065	17668383.910749476	13679719.533987187	1555047.3639122602	52.819847533934734	46.380249702767166	2.9895121025641197e-06	3.3904386407583644e-06	116914.86814330656	7.369533781266386	5.705850389782019	4.864610240264972	14.33465103808999	16.257085809969524	4003669.0005183984	-1441736.5811605644	2883483.162321129
KY8_US-Vir17-VA2	dadi_objects_duos/probs.KY8.US-Vir17-VA2.delim	4354065	25972577.060887754	15601376.81299975	1686844.26125082	166.09242336481486	42.27688057315544	6.394915028086849e-06	2.7098172859928935e-06	128415.93488647326	9.863000530382726	5.9245714208714615	4.8043013711691644	33.679897482144774	14.271709316970922	4003669.0005183984	-1292697.4842675324	2585404.9685350647
KY8_US-Vir17-VA2	dadi_objects_duos/probs.KY8.US-Vir17-VA2.delim	4354065	15492984.670218246	17486842.176184118	1226622.2990614816	101.06911431449072	215.86944285460427	6.523540587293887e-06	1.234467839760135e-05	98520.2639816611	7.668712478071865	8.655631413381334	4.553648051323546	26.358822189119916	49.87953681134732	4003669.0005183984	-1642309.4913344057	3284628.9826688115
KY8_US-Vir17-VA2	dadi_objects_duos/probs.KY8.US-Vir17-VA2.delim	4354065	12772752.337913228	10232851.793082569	1977157.6883165555	90.46482243089451	65.0035545102318	7.082641237970983e-06	6.3524377978555636e-06	145038.180896304	4.294524434341175	3.4405452243791514	4.985780288679312	42.130309799842955	37.786775217850376	4003669.0005183984	-1019201.3605505672	2038412.7211011343
KY8_US-Vir17-VA2	dadi_objects_duos/probs.KY8.US-Vir17-VA2.delim	4354065	17956592.25628313	19796920.506741315	1475210.8197841996	181.20872196613695	64.98412434994704	1.0091487258821663e-05	3.28253701517963e-06	113571.35146101436	7.710242866652395	8.500447241896765	4.750720363168288	47.00467290074184	15.289577712959646	4003669.0005183984	-1374459.6499000106	2748929.299800021
KY8_US-Vir17-VA2	dadi_objects_duos/probs.KY8.US-Vir17-VA2.delim	4354065	25594446.27215015	15515248.056361197	5811933.92080159	52.17320595251537	3.4414821724794584	2.0384580857014326e-06	2.2181290044334566e-07	442204.0486930428	2.8225130231573803	1.710995785216408	4.806977904469119	36.96932876798722	4.02278275868947	4003669.0005183984	-959406.6289471344	1918823.2578942687
KY8_US-Vir17-VA2	dadi_objects_duos/probs.KY8.US-Vir17-VA2.delim	4354065	9787934.70482908	45364397.23186778	1919466.6820951775	27.24179337933076	202.0709507044651	2.783201380153308e-06	4.454395143214058e-06	221705.1204260141	2.1529218765599056	9.9782033863851	3.1664966072071237	25.306810874958142	40.50247181375028	4003669.0005183984	-1105452.848957283	2210915.697914566
KY8_US-Vir17-VA2	dadi_objects_duos/probs.KY8.US-Vir17-VA2.delim	4354065	81805809.48790511	80601781.94248599	410352.7174856587	78.43402617665463	220.87812534165408	9.587830823708309e-07	2.7403628061134347e-06	403208.8477985512	9.89388877482722	9.74826935377661	0.3722214810598754	15.855045060990056	45.31637715900472	4003669.0005183984	-2699936.728687912	5399883.457375824
KY8_US-Vir17-VA2	dadi_objects_duos/probs.KY8.US-Vir17-VA2.delim	4354065	19560282.03512722	9572766.402402744	1631187.4577387953	38.96100021971736	61.66573500124974	1.9918424565530024e-06	6.441788340909664e-06	154419.64792818055	6.1771121361158015	3.023067428899626	3.863451707744494	12.614632650724788	40.79679759157447	4003669.0005183984	-1334498.0685863413	2669006.1371726827
KY8_US-Vir17-VA2	dadi_objects_duos/probs.KY8.US-Vir17-VA2.delim	4354065	2132117.2741730595	3226398.326634175	51825.94425375819	2.1961658805949575	0.7849328132482211	1.030039907840782e-06	2.432845339549485e-07	1134692.894522381	0.09163168742387784	0.13866044168969513	0.016704868481160193	47.934637947585585	11.321654592804533	4003669.0005183984	-104655.81876898742	209321.63753797484
KY8_US-Vir17-VA2	dadi_objects_duos/probs.KY8.US-Vir17-VA2.delim	4354065	9014305.176004715	12216442.526654392	2551951.733121945	40.66832762383366	59.057384498665314	4.511532151373038e-06	4.834253864806486e-06	225311.91743752363	1.9510168679066668	2.6440734998367215	4.142499503217062	41.68936547172812	44.67151499556443	4003669.0005183984	-916856.9842354249	1833723.9684708498
KY8_US-Vir17-VA2	dadi_objects_duos/probs.KY8.US-Vir17-VA2.delim	4354065	12633251.6495331	11196998.351484448	2137434.915716209	42.90707306986817	45.39802853697491	3.396360197689399e-06	4.054482023832418e-06	167499.46210173678	3.678024868355471	3.2598763588483606	4.667170376742905	23.331583991737883	27.85260760810756	4003669.0005183984	-1030181.072896324	2060372.145792648
KY8_US-Vir17-VA2	dadi_objects_duos/probs.KY8.US-Vir17-VA2.delim	4354065	24093808.697678436	15357034.376255441	2053551.4637883492	141.25926125643537	29.22630823916244	5.862886313613275e-06	1.903121886889257e-06	186590.41155566974	6.296932907094921	4.013571134917685	4.025227592006039	44.86605251813143	14.563742491018214	4003669.0005183984	-1150594.571747176	2301199.143494352
KY8_US-Vir17-VA2	dadi_objects_duos/probs.KY8.US-Vir17-VA2.delim	4354065	16194391.342187244	8174820.6600659145	2144769.159733904	38.1733829993164	35.232667212274016	2.3571977601821146e-06	4.309900935733792e-06	166421.03084944916	4.745362051956088	2.395427090906896	4.713532662420108	16.08871254979625	29.41660578693307	4003669.0005183984	-1052027.462244295	2104064.92448859
KY8_US-Vir17-VA2	dadi_objects_duos/probs.KY8.US-Vir17-VA2.delim	4354065	9852963.154912783	17831413.555432208	1593884.822440837	49.58065874665659	75.61776141962471	5.032055633125472e-06	4.240704820431262e-06	223533.5796479732	2.1494978578634516	3.8900566903031435	2.6078843894591186	46.13231742965174	38.877459862278755	4003669.0005183984	-1138837.0788826225	2277684.157765245
KY8_US-Vir17-VA2	dadi_objects_duos/probs.KY8.US-Vir17-VA2.delim	4354065	627551.5037069039	33457674.494954895	3533165.561808386	2.162457885949533	14.354007743160349	3.4458651970014287e-06	4.2901988736021683e-07	343609.80895936274	0.08906288361832067	4.748354441160813	3.760733927532004	48.560248626504276	6.045887231472668	4003669.0005183984	-407562.9283430355	815135.856686071
KY8_US-Vir17-VA2	dadi_objects_duos/probs.KY8.US-Vir17-VA2.delim	4354065	111013880.94508639	3788392.3516227948	11289844.487412242	133.4868161073515	5.130663116776295	1.2024335602984772e-06	1.3543114441614067e-06	842644.0323276568	6.424599607810683	0.21924198856274713	4.900247128238495	41.55490591042137	46.803654267238116	4003669.0005183984	-839359.0154672178	1678728.0309344355
KY8_US-Vir17-VA2	dadi_objects_duos/probs.KY8.US-Vir17-VA2.delim	4354065	31972444.37756842	11512517.693915796	4373118.324762321	101.20716184403703	11.264154443931538	3.165449618079344e-06	9.784266781092103e-07	352901.7466234733	4.41809411951221	1.5908507377044634	4.532226366638813	45.81485097705933	14.161170720749428	4003669.0005183984	-971885.1283224237	1943780.2566448473
KY8_US-Vir17-VA2	dadi_objects_duos/probs.KY8.US-Vir17-VA2.delim	4354065	166004416.92294046	9936160.047828937	148574.2246469197	24.393260503040167	0.13922321325519824	1.4694344256131186e-07	1.4011772413591373e-08	813506.4881502772	9.951110605136195	0.5956216675377947	0.06679694866023832	4.902620716616245	0.4674887461053084	4003669.0005183984	-758548.3156254981	1517106.6312509961
KY8_US-Vir17-VA2	dadi_objects_duos/probs.KY8.US-Vir17-VA2.delim	4354065	7671113.791331232	32265449.269004073	2772086.411560062	20.9433197342671	117.94517589436559	2.7301537043987237e-06	3.6554636171661824e-06	218431.98278045442	1.712596798420048	7.2033483820987	4.641567905080226	24.457969036948228	32.747319618047456	4003669.0005183984	-949264.6669245978	1898539.3338491956
KY8_US-Vir17-VA2	dadi_objects_duos/probs.KY8.US-Vir17-VA2.delim	4354065	19930876.40701652	16970744.47547795	1450595.7810137426	75.83239503666769	40.20986431069732	3.8047697195077407e-06	2.3693636050439023e-06	129472.70884304917	7.5069079821996985	6.3919826988635275	4.097720647320336	20.203363413133786	12.581343287379829	4003669.0005183984	-1565358.0460179078	3130726.0920358156
KY8_US-Vir17-VA2	dadi_objects_duos/probs.KY8.US-Vir17-VA2.delim	4354065	17356446.86362824	3928815.920842448	5186884.384571525	0.8909357390889606	3.074692906349122	5.133168937681506e-08	7.826003987709921e-07	799345.0726758296	1.058862216633725	0.23968469856620586	2.37326611204471	1.6828171316214744	25.65614680237778	4003669.0005183984	-335021.8007798496	670053.6015596992
KY8_US-Vir17-VA2	dadi_objects_duos/probs.KY8.US-Vir17-VA2.delim	4354065	5652508.439375517	17823981.58134388	4573937.091708465	18.64325184290831	53.40979161451653	3.298226272965635e-06	2.996512949184139e-06	344621.4124024726	0.7998561570767485	2.5221760505740214	4.854249579454419	46.616511426364966	42.3521519065737	4003669.0005183984	-828406.9811179722	1656823.9622359443
KY8_US-Vir17-VA2	dadi_objects_duos/probs.KY8.US-Vir17-VA2.delim	4354065	3609991.398465997	16655195.910506172	6937244.044940208	2.267440717806789	0.7738841483658914	6.281014184051237e-07	4.646502824249109e-08	1775106.4578506	0.09917328385747398	0.45754969733067813	1.4293439288047474	45.72684556993033	3.382732642511589	4003669.0005183984	-261292.43246720592	522594.86493441183
KY8_US-Vir17-VA2	dadi_objects_duos/probs.KY8.US-Vir17-VA2.delim	4354065	40646319.98319343	6401821.337893863	2790383.618390264	198.8277635743947	26.448842398355193	4.891654734219645e-06	4.1314558783136245e-06	216647.0029567251	9.149165362021222	1.440999383529066	4.710699495464733	43.463585082797096	36.70902666673029	4003669.0005183984	-941473.9126098715	1882957.825219743
KY8_US-Vir17-VA2	dadi_objects_duos/probs.KY8.US-Vir17-VA2.delim	4354065	17135816.34375833	11422495.693103237	2797205.514681092	80.80261016096638	25.001829991329117	4.715422279277549e-06	2.18882376173054e-06	204830.5695777362	4.079650481063901	2.7194379955112433	4.99463522371621	39.61251608980702	18.387497734897885	4003669.0005183984	-980560.1776703415	1961130.355340683
KY8_US-Vir17-VA2	dadi_objects_duos/probs.KY8.US-Vir17-VA2.delim	4354065	19047222.174435522	5248059.677053978	3200132.9952243865	2.1937154846758657	2.502052371338393	1.1517246266073325e-07	4.7675760667853754e-07	237429.40691918376	3.912101109639791	1.0778968134059241	4.929554727586314	1.1215024475059405	4.642471042163008	4003669.0005183984	-438862.8169098936	877735.6338197872
KY8_US-Vir17-VA2	dadi_objects_duos/probs.KY8.US-Vir17-VA2.delim	4354065	36445649.08924765	19162156.33239803	1628256.9213316347	157.7627881728794	19.639988078806383	4.328713910034963e-06	1.0249362200224026e-06	280007.1347992753	6.34730726563072	3.337245930671734	2.1268066412442956	49.710146860899705	11.770177258020158	4003669.0005183984	-1349206.105992998	2698422.211985996
KY8_US-Vir17-VA2	dadi_objects_duos/probs.KY8.US-Vir17-VA2.delim	4354065	2266066.6820900603	3923912.2279149625	50594.33137365228	2.484911619128308	1.1388717606730185e-07	1.0965748001891987e-06	2.9023884697802666e-14	1104125.721174551	0.10008456112930283	0.17330603567171018	0.016759362945930178	49.656242503136156	1.3142897836868859e-06	4003669.0005183984	-116502.26875324978	233014.53750649956
KY8_US-Vir17-VA2	dadi_objects_duos/probs.KY8.US-Vir17-VA2.delim	4354065	8597998.061496515	89876691.62184899	6643682.36773685	6.307801407980111	150.03482349586355	7.336360584015081e-07	1.6693407466212312e-06	647330.0014147	0.6477158702601924	6.770710939171855	3.753680444515938	19.477063007414714	44.31877976885385	4003669.0005183984	-897400.3346781646	1794810.6693563291
KY8_US-Vir17-VA2	dadi_objects_duos/probs.KY8.US-Vir17-VA2.delim	4354065	5501619.044593085	34296505.32827522	2595066.167770263	29.137922827673172	169.59355786389983	5.296245085582493e-06	4.944922412374215e-06	203621.87282111298	1.3175861406605192	8.21369122931836	4.66120475364927	44.22924912228667	41.295333152662	4003669.0005183984	-908841.8680875696	1817693.7361751392
KY8_US-Vir17-VA2	dadi_objects_duos/probs.KY8.US-Vir17-VA2.delim	4354065	6346696.100301507	27655814.755545564	9565771.401656792	4.246887418193887	23.877526015364452	6.691493260551949e-07	8.63381759909153e-07	909227.5281182808	0.3403988295727021	1.483292539124404	3.84788066280712	24.952420803120532	32.195302525366294	4003669.0005183984	-672176.6045274165	1344363.209054833
KY8_US-Vir17-VA2	dadi_objects_duos/probs.KY8.US-Vir17-VA2.delim	4354065	38065961.12265745	4085147.66210732	2885073.289907396	108.70676057057976	16.78757257426498	2.8557471653034346e-06	4.109416344966371e-06	238525.93773213468	7.782410209234775	0.8351896007399722	4.423799250223149	27.936528054402988	40.20062644312455	4003669.0005183984	-905568.2793983162	1811146.5587966323
KY8_US-Vir17-VA2	dadi_objects_duos/probs.KY8.US-Vir17-VA2.delim	4354065	39449008.766661234	18112126.972833674	3388148.927819119	162.2779190211296	7.438515719778047	4.113612080369237e-06	4.10692555928691e-07	275389.1720128391	6.985575095498581	3.2072700192878214	4.49976469496376	46.46086164779747	4.63853412718258	4003669.0005183984	-1099816.2262894486	2199642.452578897
KY8_US-Vir17-VA2	dadi_objects_duos/probs.KY8.US-Vir17-VA2.delim	4354065	13334501.740592496	66231010.9095485	4528214.483976834	4.912250259981613	121.74157965053767	3.6838648759015014e-07	1.838135610172096e-06	419764.4662648238	1.5491163980199056	7.6942916243421635	3.945440423988158	6.342002791088514	31.64464920081481	4003669.0005183984	-977406.2623416383	1954822.5246832767
KY8_US-Vir17-VA2	dadi_objects_duos/probs.KY8.US-Vir17-VA2.delim	4354065	8495041.47449353	17827681.98108738	2059173.6248165295	31.7958937147971	31.77387781174324	3.7428768076370992e-06	1.7822775751469417e-06	193233.04352758793	2.1438630542836257	4.499107962866045	3.8974966006272593	29.662243258743718	14.124523382854088	4003669.0005183984	-1078165.8326953878	2156341.6653907755
KY8_US-Vir17-VA2	dadi_objects_duos/probs.KY8.US-Vir17-VA2.delim	4354065	29830528.57915887	28775130.7170917	631715.0021140282	73.80118662495765	56.42764548751027	2.474015384243608e-06	1.9609865908964813e-06	374337.9350917224	3.8860648101970554	3.7485766499838356	0.617207966294568	37.98247853782723	30.1061713585361	4003669.0005183984	-2021470.1715523535	4042950.343104707
KY8_US-Vir17-VA2	dadi_objects_duos/probs.KY8.US-Vir17-VA2.delim	4354065	8106749.132822133	12592535.742835158	3220291.646627981	2.0423676146324317	1.4097898974483871	2.51934231733336e-07	1.1195440904350998e-07	709382.1517743708	0.5572876352143601	0.865657040880197	1.6603097591725577	7.3296713782168785	3.257155734596504	4003669.0005183984	-290404.3571343101	580818.7142686202
KY8_US-Vir17-VA2	dadi_objects_duos/probs.KY8.US-Vir17-VA2.delim	4354065	35684402.7670905	10652227.337280082	2590126.991205645	166.27796802802976	23.950896890270688	4.659681965628344e-06	2.2484402681163826e-06	191970.79786055544	9.064757565709865	2.7059401547928443	4.934692101822886	36.6866883802884	17.70245867991435	4003669.0005183984	-1030986.9537940152	2061983.9075880304
KY8_US-Vir17-VA2	dadi_objects_duos/probs.KY8.US-Vir17-VA2.delim	4354065	16359837.170756277	39883690.24027845	2831866.034320273	14.107269621899448	203.85568007781748	8.623111266117388e-07	5.111254220702578e-06	213327.60595186095	3.7397696095927913	9.117194206897528	4.855118312085165	7.544459201825287	44.71895090785548	4003669.0005183984	-1104125.5874430358	2208261.1748860716
KY8_US-Vir17-VA2	dadi_objects_duos/probs.KY8.US-Vir17-VA2.delim	4354065	13438747.34291327	2411414.3887267606	45555.980615356886	0.3541230796993775	2.942872574510665	2.6350899430081124e-08	1.2203927239832542e-06	978359.1194776937	0.6698436154871497	0.12019502200361389	0.017030259847531072	1.0573306112407697	48.96829378544783	4003669.0005183984	-320830.9760972556	641671.9521945112
KY8_US-Vir17-VA2	dadi_objects_duos/probs.KY8.US-Vir17-VA2.delim	4354065	22705558.170625802	1386543.1553723302	11833589.621143535	6.257777784310102	1.6653214633447866	2.7560554720939624e-07	1.2010599575586925e-06	930949.0618119006	1.1893760659366797	0.07263072904860987	4.649055792862125	10.522790837197249	45.85721457457022	4003669.0005183984	-446731.00611778937	893472.0122355787
KY8_US-Vir17-VA2	dadi_objects_duos/probs.KY8.US-Vir17-VA2.delim	4354065	12829818.359961238	10060065.634758396	3782373.6562539	1.4586686162210114	2.479585708927062	1.1369362958194042e-07	2.4647808463196096e-07	282162.157301025	2.217352151160814	1.7386612616172614	4.90275098322079	1.315685120613231	2.852293041395091	4003669.0005183984	-366088.1065901354	732186.2131802707
KY8_US-Vir17-VA2	dadi_objects_duos/probs.KY8.US-Vir17-VA2.delim	4354065	57423775.4341172	2861272.1837500236	675229.6491427008	37.074150950853834	1.8622928575886268	6.45623710224162e-07	6.508618327767335e-07	1114244.8995804903	2.5131824519479142	0.12522511778587997	0.22163840773042381	29.503748064227054	29.743120078719762	4003669.0005183984	-681136.2214977642	1362282.4429955285
KY8_US-Vir17-VA2	dadi_objects_duos/probs.KY8.US-Vir17-VA2.delim	4354065	7507471.429456345	11399899.505110487	5880003.017897272	13.217449276947317	16.79980287179862	1.7605727042912584e-06	1.473679909570027e-06	466306.2155812636	0.7851188681797697	1.1921825185638568	4.611906745359123	33.6699315546723	28.183273299521666	4003669.0005183984	-735974.6641162807	1471959.3282325615
KY8_US-Vir17-VA2	dadi_objects_duos/probs.KY8.US-Vir17-VA2.delim	4354065	21672038.501819737	3019812.69943792	4028352.649661776	0.18479075270435036	2.5332609200949148	8.5266899414577e-09	8.388801466284424e-07	298382.56832291785	3.5419240685461824	0.49353674236701267	4.93773987567835	0.10434484146363959	10.265743976609896	4003669.0005183984	-393087.5555396887	786185.1110793774
KY8_US-Vir17-VA2	dadi_objects_duos/probs.KY8.US-Vir17-VA2.delim	4354065	21672148.631116983	4103245.8736439347	3045395.7014044696	4.649770125895176	14.573502405188387	2.145504908183867e-07	3.551700983554812e-06	245582.91177958832	4.303449955994607	0.8147836919600316	4.535443473435516	2.1609500161228334	35.77269046740635	4003669.0005183984	-884242.5801433476	1768495.1602866952
KY8_US-Vir17-VA2	dadi_objects_duos/probs.KY8.US-Vir17-VA2.delim	4354065	120203032.11173864	13873249.87925872	6582097.588764268	160.27701521516659	2.395524472452067	1.3333857923498624e-06	1.7267219240630194e-07	773205.1690006201	7.58112408341283	0.8749765037298206	3.1134632282934196	42.28317949994928	5.47563154493979	4003669.0005183984	-1026961.9999930161	2053933.9999860323
KY8_US-Vir17-VA2	dadi_objects_duos/probs.KY8.US-Vir17-VA2.delim	4354065	10946022.793542242	8521872.42586267	8868753.449185783	4.351503894748393	6.445094974286072	3.975420092598037e-07	7.563003354434321e-07	681570.5779972561	0.7831743303762025	0.6097293835907144	4.759111935601728	11.112478348615234	21.14083771502274	4003669.0005183984	-485182.9772023333	970375.9544046666
KY8_US-Vir17-VA2	dadi_objects_duos/probs.KY8.US-Vir17-VA2.delim	4354065	45445286.129946016	3246037.0453305636	4589104.627426291	42.586010366449095	4.711333947191915	9.370831167104741e-07	1.4514110225479979e-06	407203.0259606613	5.442403990023372	0.38873657691924235	4.121840054225206	15.649705697891864	24.23921095632154	4003669.0005183984	-748594.0723814387	1497198.1447628774
KY8_US-Vir17-VA2	dadi_objects_duos/probs.KY8.US-Vir17-VA2.delim	4354065	36231695.11463631	4016939.7349459846	2219332.8418563996	44.56347602853544	8.053924753560125	1.2299583524187195e-06	2.0049901878023633e-06	459949.7313293313	3.8414148813474616	0.425890426226952	1.7647624032205762	23.201594935720045	37.82158159746133	4003669.0005183984	-866986.9854954598	1733983.9709909195
KY8_US-Vir17-VA2	dadi_objects_duos/probs.KY8.US-Vir17-VA2.delim	4354065	1987392.3053362453	2222761.6649395837	43260.38929873945	2.040291629629925	1.4904281428359574	1.0266174545164748e-06	6.705298936656208e-07	1156274.7289687945	0.0838176539578033	0.09374428368386768	0.013683700555571419	48.68405480919516	31.797739217083443	4003669.0005183984	-98634.35039627702	197278.70079255404
KY8_US-Vir17-VA2	dadi_objects_duos/probs.KY8.US-Vir17-VA2.delim	4354065	2496113.747228736	8496649.979937337	232220.29477569758	2.441386518932197	1.0714138950620546	9.78075026285441e-07	1.2609839143567456e-07	1188053.8823413157	0.10245688906952932	0.34875827490776795	0.07148883284560023	47.656854333639245	6.144163291009506	4003669.0005183984	-169094.1852978296	338198.3705956592
KY8_US-Vir17-VA2	dadi_objects_duos/probs.KY8.US-Vir17-VA2.delim	4354065	8049528.611080021	132591548.68910454	1557996.1233612024	3.1885906657540417	122.0786539071197	3.9612141527952434e-07	9.207121804826712e-07	952136.5117978058	0.4122723034003163	6.790934703210897	0.5984685402572669	15.468371944733434	35.953417089814856	4003669.0005183984	-846291.8174193299	1692593.6348386598
KY8_US-Vir17-VA2	dadi_objects_duos/probs.KY8.US-Vir17-VA2.delim	4354065	1763510.4795276495	1927831.5586095823	36032.39262276624	1.850508174066605	1.0679320507003822	1.0493321108940944e-06	5.539550620649717e-07	1153980.4647311505	0.07452337565154067	0.08146734431294006	0.011420071334818543	49.66248933004012	26.217426373888927	4003669.0005183984	-96502.33067083263	193014.66134166525
KY8_US-Vir17-VA2	dadi_objects_duos/probs.KY8.US-Vir17-VA2.delim	4354065	3082270.097101296	2720778.3574296804	75782.59825500168	2.8882039190562585	1.666322632106256	9.370379065002948e-07	6.124433574517372e-07	1177078.2228638954	0.12769629562770018	0.11271994553447175	0.023547149377294022	45.23551611045704	29.56571038435545	4003669.0005183984	-134353.22610421394	268716.4522084279
KY8_US-Vir17-VA2	dadi_objects_duos/probs.KY8.US-Vir17-VA2.delim	4354065	29056801.847504977	14105564.879686795	1706821.7212599404	229.01185287280964	48.58035671283253	7.88152302771319e-06	3.444056096100933e-06	147782.71557588843	9.588200342396076	4.654572196861241	4.22414376842323	47.76951767688658	20.874252093712137	4003669.0005183984	-1193750.606423265	2387511.21284653
KY8_US-Vir17-VA2	dadi_objects_duos/probs.KY8.US-Vir17-VA2.delim	4354065	29017159.798486117	4388786.028760683	2790845.5917638135	30.805330570754414	8.100001060966582	1.0616245967795094e-06	1.8456131166763402e-06	236180.60946159106	5.99133485962009	0.9061771347759316	4.321810722128155	10.283294555399888	17.877301799210485	4003669.0005183984	-860246.2492603522	1720502.4985207045
KY8_US-Vir17-VA2	dadi_objects_duos/probs.KY8.US-Vir17-VA2.delim	4354065	43278542.70498546	79932577.61795644	448778.73374378803	88.42683061853798	185.19794387374458	2.043202591670252e-06	2.316926957603089e-06	399380.16987215297	5.284441104711744	9.76000975007952	0.41097929609799533	33.46686200729698	37.95036042299767	4003669.0005183984	-2408044.470312658	4816098.940625316
KY8_US-Vir17-VA2	dadi_objects_duos/probs.KY8.US-Vir17-VA2.delim	4354065	14601336.11006839	8762886.819084527	2731751.8085532193	17.645703462839702	23.470061692972862	1.2084992311540626e-06	2.67834814913481e-06	223449.20059176034	3.1865939239310377	1.9124114179205307	4.471328795163275	11.074962096878446	24.54499222609029	4003669.0005183984	-934010.4360458438	1868030.8720916875
KY8_US-Vir17-VA2	dadi_objects_duos/probs.KY8.US-Vir17-VA2.delim	4354065	12572734.480648097	22282292.7915777	1725611.948190737	49.71163893270436	184.12890881534557	3.9539241848478e-06	8.263463304141795e-06	132205.3145287708	4.637605057996232	8.219092983553324	4.773845923047118	21.438496081933827	44.805165042856565	4003669.0005183984	-1163466.9956072867	2326943.9912145734
KY8_US-Vir17-VA2	dadi_objects_duos/probs.KY8.US-Vir17-VA2.delim	4354065	20166855.183195133	15198213.30692408	1431397.3873048632	127.16906761484368	62.7699689328148	6.305845232667341e-06	4.130088693005627e-06	106138.85414161893	9.265667592339497	6.982823609343651	4.932419407868064	27.44952079221626	17.978391677780003	4003669.0005183984	-1455128.0840579218	2910266.1681158436
KY8_US-Vir17-VA2	dadi_objects_duos/probs.KY8.US-Vir17-VA2.delim	4354065	2682529.806544153	2319429.611898559	46004.16642845754	1.0098374758955124	2.4497690694528877	3.764496757620244e-07	1.0561946165064434e-06	1132146.6702366313	0.11554596752426227	0.09990596859630159	0.014861705286673493	17.47940663846131	49.04149579594937	4003669.0005183984	-106616.25032743103	213242.50065486206
KY8_US-Vir17-VA2	dadi_objects_duos/probs.KY8.US-Vir17-VA2.delim	4354065	27860683.55668454	13906915.60458817	6292189.097308815	53.93716595828924	4.334535642549816	1.9359598930352966e-06	3.116820268269814e-07	505520.86850855587	2.6876060489669866	1.341543197435188	4.5523626329605085	40.137702457561176	6.4620142695915295	4003669.0005183984	-945886.7573320089	1891783.5146640178
KY8_US-Vir17-VA2	dadi_objects_duos/probs.KY8.US-Vir17-VA2.delim	4354065	18830835.71249915	9878138.25218015	1439328.1034069532	188.0284292698191	95.98262118846091	9.985134602656717e-06	9.71667117204774e-06	105544.02621951641	8.700593288826731	4.564091827638535	4.987699962697189	43.22197878420188	42.05989923656835	4003669.0005183984	-1129969.4708510952	2259948.9417021903
KY8_US-Vir17-VA2	dadi_objects_duos/probs.KY8.US-Vir17-VA2.delim	4354065	29278736.448066007	15474901.267837401	1685113.5004430343	89.44486313142465	23.002137969881208	3.0549427325895715e-06	1.486415814341136e-06	150231.72702596686	9.5039381515996	5.023184822627539	4.102434640822751	18.82269469869609	9.15838806737324	4003669.0005183984	-1441026.330956274	2882062.661912548
KY8_US-Vir17-VA2	dadi_objects_duos/probs.KY8.US-Vir17-VA2.delim	4354065	36324088.76824751	8575482.844662491	3551032.3513659583	129.0942080045527	16.69619353670852	3.553955856351713e-06	1.9469683327627994e-06	310688.2166007617	5.701417927216351	1.3460051795665142	4.180266976223166	45.28494828919914	24.80851305800411	4003669.0005183984	-954030.7937534401	1908071.5875068803
KY8_US-Vir17-VA2	dadi_objects_duos/probs.KY8.US-Vir17-VA2.delim	4354065	1830268.4071557135	4222268.756063461	70325.87039121962	1.8918423309460548	0.10399088377540025	1.0336420185966215e-06	2.4629148399438658e-08	1163246.6951965545	0.07672835489258453	0.17700558797852128	0.02211146211101426	49.312730178941806	1.1750011393766733	4003669.0005183984	-131211.22844336205	262432.4568867241
KY8_US-Vir17-VA2	dadi_objects_duos/probs.KY8.US-Vir17-VA2.delim	4354065	1686149.1312027113	1510624.090473028	27817.554439090505	1.3560433293054284	1.606708144310852	8.042250262514905e-07	1.0636055352511537e-06	1140647.206728938	0.0720871029927324	0.06458296741259013	0.008919526042287115	37.62235609446368	49.75640509196027	4003669.0005183984	-92973.23715928732	185956.47431857465
KY8_US-Vir17-VA2	dadi_objects_duos/probs.KY8.US-Vir17-VA2.delim	4354065	16046076.734951163	13669158.879924119	1169596.0161428964	168.8694370369803	177.64573134069008	1.0524032748089327e-05	1.2996098216518517e-05	86581.56746633707	9.037667337365354	7.698910629615894	4.94065591191932	37.370137831651775	46.148277304929046	4003669.0005183984	-1072349.2415994057	2144708.4831988113
KY8_US-Vir17-VA2	dadi_objects_duos/probs.KY8.US-Vir17-VA2.delim	4354065	24055406.308996562	11265443.695049668	1663344.7685581706	139.78218112820232	48.27382601803121	5.810842657682515e-06	4.285124254736988e-06	126628.50973467325	9.263905832665253	4.338401447623935	4.804242859627866	30.17780699698381	22.254199663551155	4003669.0005183984	-1228571.6826990051	2457153.3653980102
KY8_US-Vir17-VA2	dadi_objects_duos/probs.KY8.US-Vir17-VA2.delim	4354065	32757029.140019234	18357346.90432133	4581833.899941285	30.64031010426325	0.00035626409170818414	9.35381226828962e-07	1.940716670905856e-11	549604.945788077	2.9064764317830085	1.6288167006662617	3.0490383121476747	21.084162093457355	0.0004374514229409062	4003669.0005183984	-954596.3715939902	1909202.7431879805
KY8_US-Vir17-VA2	dadi_objects_duos/probs.KY8.US-Vir17-VA2.delim	4354065	25672566.83043326	24061914.985368736	871824.1470154086	132.6096245061335	101.26610404711032	5.165421337960367e-06	4.208563786742947e-06	200862.28064073075	6.232809229327735	5.841773702905367	1.5874668924021988	42.552120441021955	34.66964288491569	4003669.0005183984	-1998197.2198868282	3996404.4397736564
KY8_US-Vir17-VA2	dadi_objects_duos/probs.KY8.US-Vir17-VA2.delim	4354065	15735434.437885284	48500518.20790693	1840627.7945636935	4.378907296680254	51.006271779443814	2.7828321575522664e-07	1.0516644700742264e-06	369703.6286034829	2.075572727190782	6.397430795083934	1.8209014225354836	4.219468910257804	15.945861209984253	4003669.0005183984	-1181909.3347601532	2363828.6695203064
KY8_US-Vir17-VA2	dadi_objects_duos/probs.KY8.US-Vir17-VA2.delim	4354065	487583.4138632025	35129224.83295698	2780213.024948869	1.4334107403303848	6.785257629714266	2.939826703646949e-06	1.9315136220565224e-07	209621.1501138768	0.11342969260575367	8.17233946230721	4.850842195367506	25.273994972594604	1.6605422868223971	4003669.0005183984	-595796.1987318646	1191602.3974637291
KY8_US-Vir17-VA2	dadi_objects_duos/probs.KY8.US-Vir17-VA2.delim	4354065	18388212.55915482	12871039.119022215	1945300.8812091264	21.417683133120303	50.520214910076334	1.1647506827659125e-06	3.925107712198007e-06	144962.00877816527	6.1858338055707325	4.329844928599762	4.908024901528685	6.924752201985231	23.335807976113443	4003669.0005183984	-1285009.7091713836	2570029.4183427673
KY8_US-Vir17-VA2	dadi_objects_duos/probs.KY8.US-Vir17-VA2.delim	4354065	21417310.070933796	4828662.417194712	2038620.6618612453	39.69490996201733	26.59702104636915	1.8534031505613172e-06	5.50815500202665e-06	151340.9936865685	6.901146929904801	1.5559054197564355	4.926676122657623	11.503858812223523	34.18848049328435	4003669.0005183984	-1094367.1672592647	2188744.3345185295
KY8_US-Vir17-VA2	dadi_objects_duos/probs.KY8.US-Vir17-VA2.delim	4354065	6434850.498064549	8144842.448900606	4662003.16008744	1.9240340918925303	1.7355832747575035	2.9900214347967127e-07	2.1308985233861379e-07	4061632.0643921355	0.07725930787532914	0.09779013367053822	0.419803598654077	49.80717909089432	35.49608144733301	4003669.0005183984	-216574.21418806407	433158.42837612814
KY8_US-Vir17-VA2	dadi_objects_duos/probs.KY8.US-Vir17-VA2.delim	4354065	19226147.62785912	10830244.839404298	2238757.1272635357	8.58258461256467	24.506609604279316	4.4640168060128236e-07	2.2627936826613116e-06	250742.5412807168	3.7391869592198352	2.1063143304890892	3.2655258863862686	4.5906153964312	23.26966042014142	4003669.0005183984	-1091921.9087114106	2183853.817422821
KY8_US-Vir17-VA2	dadi_objects_duos/probs.KY8.US-Vir17-VA2.delim	4354065	57559856.539217696	64427512.799477644	503027.8118617637	38.01802592155956	175.75196335984	6.604954947317572e-07	2.7279023467326047e-06	371402.64156247745	7.557665136495858	8.459395081778824	0.49536028165559526	10.060786032440376	41.55189860759718	4003669.0005183984	-2673240.393026334	5346490.786052668
KY8_US-Vir17-VA2	dadi_objects_duos/probs.KY8.US-Vir17-VA2.delim	4354065	14028938.117921745	79589591.32212375	8129478.479095348	2.8263113481320166	118.74400294943403	2.0146295638167e-07	1.491953922326856e-06	658383.7592446039	1.03910305349074	5.895085335307644	4.516039676813948	5.439905769956826	40.28576218845769	4003669.0005183984	-954040.1094467422	1908090.2188934844
KY8_US-Vir17-VA2	dadi_objects_duos/probs.KY8.US-Vir17-VA2.delim	4354065	9555159.098539488	19188478.92952388	2097658.7861840776	44.610469232362504	134.68701960638904	4.668731182004205e-06	7.0191608256742104e-06	154852.73028032272	3.009067891284655	6.042749810230577	4.954389549941593	29.65068974453551	44.57805596331638	4003669.0005183984	-1005972.7372760047	2011955.4745520095
KY8_US-Vir17-VA2	dadi_objects_duos/probs.KY8.US-Vir17-VA2.delim	4354065	20242841.79966123	23948121.817989476	996912.2293162969	119.60468752955123	77.56299910983878	5.9084929237333096e-06	3.238792574187367e-06	205440.21729567097	4.805061450846466	5.684587080541339	1.7747845130373823	49.782792063348744	27.288877102557294	4003669.0005183984	-1785022.252466946	3570054.504933892
KY8_US-Vir17-VA2	dadi_objects_duos/probs.KY8.US-Vir17-VA2.delim	4354065	11817137.017168187	17309892.065415263	1698928.4895935976	45.65388824825126	73.85456197271827	3.863362858696174e-06	4.266610195697168e-06	132970.53630759675	4.333809143684928	6.348218557532883	4.672979235894305	21.06871195044501	23.267806961397522	4003669.0005183984	-1227185.0525741645	2454380.105148329
KY8_US-Vir17-VA2	dadi_objects_duos/probs.KY8.US-Vir17-VA2.delim	4354065	4330837.138144199	16253730.028011246	5624416.321051443	2.035211073233971	1.7923217459925156	4.6993479743412303e-07	1.1027141111016831e-07	529326.1245070067	0.39898948860744393	1.4974166021441686	3.886228241560836	10.2018280247797	2.3938852333092457	4003669.0005183984	-275531.16687442904	551072.3337488581
KY8_US-Vir17-VA2	dadi_objects_duos/probs.KY8.US-Vir17-VA2.delim	4354065	14258935.169671454	19061543.086915947	1828602.5613301331	33.01914081248702	17.0189568046002	2.315680688605573e-06	8.928425535644173e-07	158009.43346280995	4.400651828363516	5.8828526421303176	4.232631700804417	15.006477267603305	5.785953801636357	4003669.0005183984	-1356475.7789178954	2712961.557835791
KY8_US-Vir17-VA2	dadi_objects_duos/probs.KY8.US-Vir17-VA2.delim	4354065	6475344.073929177	25368720.539132435	1649583.7516627167	43.791247369468834	92.01608790417934	6.762767641302607e-06	3.627147366862284e-06	139362.40072149778	2.265844812603868	8.876992972067839	4.329152887980318	38.65335094961311	20.731364369379417	4003669.0005183984	-1181747.8490244173	2363505.6980488347
KY8_US-Vir17-VA2	dadi_objects_duos/probs.KY8.US-Vir17-VA2.delim	4354065	16186538.702246796	17058719.263305217	1934861.338858237	28.056262919822142	91.3587480036118	1.7333083641858374e-06	5.355545547908299e-06	147378.19787080918	5.355915038392821	5.64450823729076	4.801653065461874	10.476739350309462	32.37084407107252	4003669.0005183984	-1230618.506889797	2461247.013779594
KY8_US-Vir17-VA2	dadi_objects_duos/probs.KY8.US-Vir17-VA2.delim	4354065	3801860.006423877	89932942.120465	393645.14098648843	1.1615224541316422	71.32649381406384	3.055142620109778e-07	7.931075324826151e-07	1288131.8734187672	0.14392913832904664	3.4046416346008406	0.11176832462469635	16.14019881750703	41.899560346782955	4003669.0005183984	-645493.197047891	1290996.394095782
