Pair_name	fs_name	L	pop1_size	pop2_size	divergence_time	mig_pop1	mig_pop2	Mij	Mji	theta	nu1	nu2	Ts	m12	m21	fs_sanitycheck	-2LL_model	AIC
KY8_US-Vir18-VA4	dadi_objects_duos/probs.KY8.US-Vir18-VA4.delim	3936129	42457769.80815654	3154236.800870215	6802747.723930838	19.344726892108667	2.0232277104585825	4.556227748069886e-07	6.414317751604441e-07	474487.5753090208	3.9447517667322156	0.2930601689430752	4.740324894967214	9.807829762699418	13.807592602948233	3696876.6666197837	-737372.3605850177	1474754.7211700354
KY8_US-Vir18-VA4	dadi_objects_duos/probs.KY8.US-Vir18-VA4.delim	3936129	6333068.657158862	130983287.4731752	9306690.665339068	3.0602086306393024	112.87320317402498	4.832110302767776e-07	8.617374426271055e-07	818618.7609460118	0.34105140947688856	7.0537739647186495	3.7589121270875085	17.94573220109608	32.003634859464086	3696876.6666197837	-984968.1261353969	1969946.2522707938
KY8_US-Vir18-VA4	dadi_objects_duos/probs.KY8.US-Vir18-VA4.delim	3936129	22758271.52329405	4624454.267302416	2126019.035391697	46.24131609437652	23.42247013413473	2.031846577058657e-06	5.064915507921708e-06	148767.97862448517	6.743993738725473	1.3703716730766782	4.725048538349384	13.713333044438897	34.184113104947606	3696876.6666197837	-1122016.8399125827	2244043.6798251653
KY8_US-Vir18-VA4	dadi_objects_duos/probs.KY8.US-Vir18-VA4.delim	3936129	3356550.5586484787	2336011.1189319594	50348.849520154705	2.3289301151630384	2.497959059173025	6.938462789313046e-07	1.0693266992303998e-06	984957.9120645454	0.1502321442558887	0.10455494510532692	0.016901313820239648	31.00441821819701	47.782705192119266	3696876.6666197837	-162509.94297237566	325029.8859447513
KY8_US-Vir18-VA4	dadi_objects_duos/probs.KY8.US-Vir18-VA4.delim	3936129	43351594.72599054	8236278.576254487	2900894.869509689	159.74298053546943	18.931783889967733	3.6848236274846626e-06	2.2985846963152515e-06	202126.1876479147	9.455180831579709	1.7963699792354675	4.7452379260596524	33.789513575866884	21.077822618729215	3696876.6666197837	-1091814.287263677	2183638.574527354
KY8_US-Vir18-VA4	dadi_objects_duos/probs.KY8.US-Vir18-VA4.delim	3936129	70567010.30581127	19468206.63243005	1762109.1092623565	155.28612564983717	4.289400883025952	2.2005484570890086e-06	2.203285060618109e-07	330803.961714697	9.404124327303714	2.5944337843930736	1.7612081312581496	33.02511116297836	3.3066181213249872	3696876.6666197837	-1344232.3090192338	2688474.6180384676
KY8_US-Vir18-VA4	dadi_objects_duos/probs.KY8.US-Vir18-VA4.delim	3936129	3567528.111090414	3959360.6725718803	52342.365728175704	0.0159865184201283	4.372117818863701	4.481119117304453e-09	1.1042484331248626e-06	946143.872480854	0.16622546968364835	0.1844825231787912	0.018291307639818982	0.19234739959589836	47.39872095771872	3696876.6666197837	-165144.1687301497	330298.3374602994
KY8_US-Vir18-VA4	dadi_objects_duos/probs.KY8.US-Vir18-VA4.delim	3936129	15183769.105022943	6015865.663770255	3922386.0878479863	1.2866606259195663	2.8092627916311983	8.473921178727133e-08	4.6697565215752856e-07	423580.7413489602	1.5802679451110824	0.6261080239560304	3.0617006144101766	1.6284081821695404	8.973731957246036	3696876.6666197837	-391178.4883925472	782366.9767850944
KY8_US-Vir18-VA4	dadi_objects_duos/probs.KY8.US-Vir18-VA4.delim	3936129	5388616.834427005	120004689.54246263	353489.7735218238	2.677708483584019	119.35905415727191	4.969194444252504e-07	9.946199153745382e-07	830850.6776295694	0.28591811441589476	6.367406629440605	0.1406703160978495	18.730596968676426	37.49063350388161	3696876.6666197837	-838167.2843146097	1676344.5686292194
KY8_US-Vir18-VA4	dadi_objects_duos/probs.KY8.US-Vir18-VA4.delim	3936129	222360.25717571215	182420.43149748593	2031.496976214649	0.23904871338845132	1.6735538653955184e-07	1.0750514342117878e-06	9.174158024171667e-13	965200.2890002073	0.010156102383042091	0.008331887193236917	0.0006959007820820289	47.07489238934755	4.017226413612417e-05	3696876.6666197837	-230041.2637411797	460092.5274823594
KY8_US-Vir18-VA4	dadi_objects_duos/probs.KY8.US-Vir18-VA4.delim	3936129	11010223.656961896	7402445.873488355	16684963.53049064	2.064151726512577	2.6650573636020147	1.874759124631759e-07	3.600238906368556e-07	1178657.9777395735	0.4118088607999632	0.2768692896049476	4.680433178179504	10.024804820871699	19.25137574777373	3696876.6666197837	-326787.93844995263	653585.8768999053
KY8_US-Vir18-VA4	dadi_objects_duos/probs.KY8.US-Vir18-VA4.delim	3936129	18295111.941465337	27831460.703408167	2038087.9305992494	23.35798704566641	188.16362623684475	1.2767337592904372e-06	6.760824673992146e-06	140016.67731700503	5.76026746935084	8.762813708234564	4.812732653757095	8.110035573851144	42.94593780078292	3696876.6666197837	-1386723.3193004571	2773456.6386009143
KY8_US-Vir18-VA4	dadi_objects_duos/probs.KY8.US-Vir18-VA4.delim	3936129	16032053.43243714	78521780.1277867	2093713.2126769545	5.544998550767023	181.9838419496178	3.4586951535153974e-07	2.317622469249379e-06	391267.04395211086	1.80635551066273	8.847166761177203	1.769263475654448	6.139432152791041	41.13946235266918	3696876.6666197837	-1229712.7505273593	2459435.5010547186
KY8_US-Vir18-VA4	dadi_objects_duos/probs.KY8.US-Vir18-VA4.delim	3936129	7539358.654983297	17766456.85146255	2082799.7172132202	31.010957449669874	55.350416380198965	4.113208943730583e-06	3.115444843221088e-06	192640.4854625774	1.7253379917863163	4.065749407610394	3.574773531304827	35.9476897828731	27.227657600634398	3696876.6666197837	-1139229.7837889984	2278469.5675779968
KY8_US-Vir18-VA4	dadi_objects_duos/probs.KY8.US-Vir18-VA4.delim	3936129	3307529.5848718123	3135582.449522009	65129.08049271079	0.9625588949400756	3.441086323724347	2.91020494372201e-07	1.0974312999643525e-06	996206.6192904959	0.146366490737045	0.1387573981657948	0.021615939257839643	13.152722185153193	49.59859970295425	3696876.6666197837	-136054.55964477544	272119.1192895509
KY8_US-Vir18-VA4	dadi_objects_duos/probs.KY8.US-Vir18-VA4.delim	3936129	6553653.97949496	38869684.8013502	3697936.35914475	17.446004553583787	137.68526801598338	2.662027108567031e-06	3.5422275410682175e-06	300529.07133145194	0.9613562726166294	5.701798632537648	4.068380190622101	36.2945664380991	48.29538076994664	3696876.6666197837	-1015931.2824490191	2031872.5648980383
KY8_US-Vir18-VA4	dadi_objects_duos/probs.KY8.US-Vir18-VA4.delim	3936129	23710124.760540526	7231728.992692095	1992965.4190288773	132.64070874169636	43.562338431328044	5.594264479048339e-06	6.023779164754273e-06	134462.35209588712	7.773569418797083	2.3709848813692167	4.900581845074325	34.126075576288294	36.74619671650651	3696876.6666197837	-1175756.8111698886	2351523.622339777
KY8_US-Vir18-VA4	dadi_objects_duos/probs.KY8.US-Vir18-VA4.delim	3936129	47396311.699667744	30423879.265271213	466714.2994955442	144.42089971831402	101.94972493789749	3.047091525464131e-06	3.3509771731927973e-06	271893.03178763815	7.684822050687564	4.932917559634738	0.5675467191725955	37.58601012898994	41.33445317316288	3696876.6666197837	-2811626.1429458307	5623262.285891661
KY8_US-Vir18-VA4	dadi_objects_duos/probs.KY8.US-Vir18-VA4.delim	3936129	15735137.120148044	8549159.45251543	2052623.648319992	47.112829824267315	46.19353330469822	2.994116254884219e-06	5.403283628205886e-06	149053.79430282844	4.653876367693769	2.5285277678808704	4.553180632354298	20.246704511239134	36.53788887864378	3696876.6666197837	-1184752.6399827867	2369515.2799655735
KY8_US-Vir18-VA4	dadi_objects_duos/probs.KY8.US-Vir18-VA4.delim	3936129	26011087.68647442	1571375.9589544714	5127389.855202062	21.706191015472633	4.870582647985888	8.344976295151124e-07	3.099565460595803e-06	340461.7332543061	3.3680424245016836	0.2034694188260615	4.9793954900999875	12.889499762571523	47.87532864729484	3696876.6666197837	-569679.8971540659	1139369.7943081318
KY8_US-Vir18-VA4	dadi_objects_duos/probs.KY8.US-Vir18-VA4.delim	3936129	24292237.268875223	12386318.970088834	2154042.050058542	134.67800454831922	29.528207827110002	5.544075790864984e-06	2.383937301987487e-06	143910.8089541789	7.441516444651941	3.794339536717696	4.948907656928736	36.196386999886144	15.564346596484858	3696876.6666197837	-1245363.5216089766	2490737.0432179533
KY8_US-Vir18-VA4	dadi_objects_duos/probs.KY8.US-Vir18-VA4.delim	3936129	2861166.5680241394	9964265.54700414	752900.0089899467	2.6172658606031254	1.9683129940977948	9.147548031118487e-07	1.9753718774481962e-07	1166617.309393743	0.10811901284966115	0.3765340217357409	0.21338184899674242	48.414534902245514	10.454901180107417	3696876.6666197837	-250447.71485295345	500905.4297059069
KY8_US-Vir18-VA4	dadi_objects_duos/probs.KY8.US-Vir18-VA4.delim	3936129	9694189.1079454	16578140.063422153	1552924.9736492676	81.40008835968361	86.38028862043164	8.396791877411153e-06	5.210493353896814e-06	104346.65222493537	4.095626206833646	7.003975695982781	4.920628092633515	39.749764382240585	24.666073204673207	3696876.6666197837	-1402597.7740020687	2805205.5480041374
KY8_US-Vir18-VA4	dadi_objects_duos/probs.KY8.US-Vir18-VA4.delim	3936129	1471903.9353463994	2714447.9414392486	30464.37037357663	1.4832849060518023	3.025295724115348	1.0077321423172393e-06	1.1145160229196668e-06	978379.9969247847	0.06632224940557183	0.12230981183442982	0.010295163055603681	44.72963204191893	49.46938726732203	3696876.6666197837	-125796.5458667696	251603.0917335392
KY8_US-Vir18-VA4	dadi_objects_duos/probs.KY8.US-Vir18-VA4.delim	3936129	37234903.73001174	9590613.44110156	1816459.657012665	174.63349603231393	31.082711782138826	4.690048275633312e-06	3.2409513711532434e-06	166341.9999183086	9.868148188105861	2.541744040426991	3.610542202586889	35.3933671654426	24.45778275684848	3696876.6666197837	-1303903.724523678	2607817.449047356
KY8_US-Vir18-VA4	dadi_objects_duos/probs.KY8.US-Vir18-VA4.delim	3936129	17931310.670563266	18986128.320286926	1631324.7341811573	26.828093116238517	82.68166241909016	1.4961590710867864e-06	4.354845865586177e-06	110720.59850019339	7.139551920944959	7.559539367244367	4.871476186783352	7.515343655540689	21.874788502948054	3696876.6666197837	-1608841.4702344278	3217692.9404688557
KY8_US-Vir18-VA4	dadi_objects_duos/probs.KY8.US-Vir18-VA4.delim	3936129	15946113.761685763	13213173.013446247	2120173.434899357	2.432455865166664	5.946039799878432	1.5254223703152072e-07	4.500084721381841e-07	143329.43180653648	4.904636488569751	4.0640504300956755	4.890852855926682	0.9919005703421647	2.926164378200617	3696876.6666197837	-840324.2496465717	1680658.4992931434
KY8_US-Vir18-VA4	dadi_objects_duos/probs.KY8.US-Vir18-VA4.delim	3936129	68706890.500905	3391453.8543560696	4843697.3375955215	134.49587748680668	9.061655506405755	1.95753113707038e-06	2.671908831891295e-06	387547.52717714675	7.815606217661097	0.38578762097619373	4.132383469041575	34.41726047632323	46.97743013877023	3696876.6666197837	-876342.6513787427	1752695.3027574853
KY8_US-Vir18-VA4	dadi_objects_duos/probs.KY8.US-Vir18-VA4.delim	3936129	13135728.883720916	17428502.078297567	2322397.0176724805	12.88880654788449	38.9819077781336	9.812022356717155e-07	2.236675739716892e-06	169444.91715183127	3.41753504183928	4.53438991521562	4.531651533599661	7.5427501928102405	17.193893117716115	3696876.6666197837	-1156459.2636847505	2312928.527369501
KY8_US-Vir18-VA4	dadi_objects_duos/probs.KY8.US-Vir18-VA4.delim	3936129	18383991.261641037	20943101.801586322	3126317.4884678116	3.672898582997326	55.49714614340755	1.997878768937941e-07	2.6499009874078897e-06	216434.60206872228	3.744557094980656	4.265811451165359	4.775897238796435	1.9617265753114654	26.019502633313305	3696876.6666197837	-1124933.1889690498	2249876.3779380997
KY8_US-Vir18-VA4	dadi_objects_duos/probs.KY8.US-Vir18-VA4.delim	3936129	2975698.29778108	9324567.43362645	759393.6066286676	2.6133595894202326	2.0725125333479144	8.782340573199117e-07	2.2226366510836483e-07	1209398.4951006863	0.10846929529106297	0.3398964401645354	0.2076089635055451	48.18616332682219	12.194964633019767	3696876.6666197837	-252388.47021425597	504786.94042851194
KY8_US-Vir18-VA4	dadi_objects_duos/probs.KY8.US-Vir18-VA4.delim	3936129	4144865.3657024927	10738900.005743735	1404353.5043187034	2.7225042604116068	3.028854074442014	6.56837802969309e-07	2.8204509519802043e-07	1152522.4000098535	0.1585434846118863	0.41076910287546947	0.4028799504166354	34.34394377134178	14.74723416751359	3696876.6666197837	-274987.98741655354	549985.9748331071
KY8_US-Vir18-VA4	dadi_objects_duos/probs.KY8.US-Vir18-VA4.delim	3936129	13869762.195583224	18042810.560061842	1421659.9474832607	81.50673013855953	173.9590141762876	5.876577333425014e-06	9.641458773687383e-06	95018.29295065434	6.435008679542309	8.371134336701822	4.946945114300177	25.33228289114187	41.561634822557735	3696876.6666197837	-1501980.5323506503	3003971.0647013006
KY8_US-Vir18-VA4	dadi_objects_duos/probs.KY8.US-Vir18-VA4.delim	3936129	3081603.4879410877	144526031.8419901	9467817.781157637	3.383763127787404	127.40510494108962	1.0980527316472497e-06	8.81537417981428e-07	882781.2648204827	0.1538902110795814	7.2173923847412755	3.546054212498501	43.976327071740194	35.30502379514364	3696876.6666197837	-863098.4155273337	1726206.8310546675
KY8_US-Vir18-VA4	dadi_objects_duos/probs.KY8.US-Vir18-VA4.delim	3936129	1700310.60657595	19282425.226647183	2665020.6411214666	2.4906955472491252	0.1387592993609255	1.4648473858931198e-06	7.196153892984803e-09	742586.2258792287	0.10094125978679828	1.1447274907271856	1.1865943480342531	49.34940484217879	0.24243202069477507	3696876.6666197837	-337377.5250881587	674765.0501763175
KY8_US-Vir18-VA4	dadi_objects_duos/probs.KY8.US-Vir18-VA4.delim	3936129	22297294.391563833	1848348.2764214657	3302741.5046250755	2.9257195413238515	2.6844979059716674	1.3121410561950493e-07	1.4523766652727628e-06	219474.66995486847	4.478732345082262	0.37126734146354284	4.975523331948014	1.306494479196262	14.46126608060556	3696876.6666197837	-487242.20250388794	974494.4050077759
KY8_US-Vir18-VA4	dadi_objects_duos/probs.KY8.US-Vir18-VA4.delim	3936129	7326263.852449946	20466741.31566317	1510228.2112211369	74.96993367538094	62.4149684538245	1.0233037628082497e-05	3.0495801696608343e-06	105269.29735776286	3.068090580567728	8.571055794626329	4.743396645614164	48.87074335432971	14.564126042197955	3696876.6666197837	-1532677.3446801663	3065364.6893603327
KY8_US-Vir18-VA4	dadi_objects_duos/probs.KY8.US-Vir18-VA4.delim	3936129	7764121.19729674	106944318.95710583	8024827.812242678	3.6182770063572756	114.55533908664226	4.6602531238397765e-07	1.0711680639397884e-06	858612.340862923	0.398641515940687	5.490955685383749	3.0902042385019923	18.153036558769415	41.725100565489726	3696876.6666197837	-995098.9718331274	1990207.9436662549
KY8_US-Vir18-VA4	dadi_objects_duos/probs.KY8.US-Vir18-VA4.delim	3936129	2515183.521491658	22996908.716441147	15305204.544884572	1.0278996193099192	4.72654558780847	4.086777805781392e-07	2.0552960600436388e-07	1162328.661364007	0.09539554158601983	0.8722236540847341	4.353702794942874	21.55026539438521	10.837921135647852	3696876.6666197837	-635712.7614875654	1271435.5229751307
KY8_US-Vir18-VA4	dadi_objects_duos/probs.KY8.US-Vir18-VA4.delim	3936129	35111643.756966576	13475460.51861711	1110923.71283723	203.96901648440226	50.911153402396636	5.8091560137776895e-06	3.778064084122394e-06	180276.11194432597	8.586186637129364	3.29528346308645	2.037486038917794	47.5109673489687	30.89940757613119	3696876.6666197837	-1772713.3638515254	3545436.7277030507
KY8_US-Vir18-VA4	dadi_objects_duos/probs.KY8.US-Vir18-VA4.delim	3936129	14403573.366473641	13035564.474451559	2228547.374452843	72.48319215153323	29.56297361053113	5.032306241467005e-06	2.2678706141549675e-06	148089.89547713875	4.287776783593952	3.88053639832847	4.9755951035999395	33.809219000798294	15.236539785203561	3696876.6666197837	-1196309.9343880117	2392629.8687760234
KY8_US-Vir18-VA4	dadi_objects_duos/probs.KY8.US-Vir18-VA4.delim	3936129	21463115.092333116	9467274.863330277	2150731.6364725465	84.12721752914365	28.45194522067964	3.919618245871258e-06	3.0052940926942917e-06	146969.49885969478	6.438028383360778	2.8397827631726504	4.83846493229616	26.134466181159507	20.03811389353788	3696876.6666197837	-1193418.6843656665	2386847.368731333
KY8_US-Vir18-VA4	dadi_objects_duos/probs.KY8.US-Vir18-VA4.delim	3936129	2610217.6654369147	5826865.2343856925	71717.81336026023	3.0072133856198806	1.1639448999430162	1.1520929558633243e-06	1.9975490304363064e-07	945815.4705698763	0.12166275791845411	0.27159133271587166	0.02507085896865342	49.43523288590088	8.571296354001769	3696876.6666197837	-164775.62913981598	329561.25827963196
KY8_US-Vir18-VA4	dadi_objects_duos/probs.KY8.US-Vir18-VA4.delim	3936129	4164006.289988497	38049810.79440706	1925773.777080591	24.57928206839333	129.62021555901964	5.9027965753772266e-06	3.4065929068449535e-06	167920.96505022625	1.0931853457619307	9.98929700693964	3.7918306682628877	44.96818799059552	25.95181932601894	3696876.6666197837	-1178744.5380845836	2357499.076169167
KY8_US-Vir18-VA4	dadi_objects_duos/probs.KY8.US-Vir18-VA4.delim	3936129	10281068.181374982	11350066.83244247	2290388.2762614163	61.02765187598683	79.36994023671673	5.935925217045398e-06	6.992905099893299e-06	152079.43448769953	2.9802664671083896	3.2901468002562684	4.9795169003943185	40.95449353238474	48.24705100121042	3696876.6666197837	-1086756.757530029	2173523.515060058
KY8_US-Vir18-VA4	dadi_objects_duos/probs.KY8.US-Vir18-VA4.delim	3936129	5438292.74974575	16860918.506167065	14548074.155305972	3.2458040157262	0.1609729786413628	5.968424586701309e-07	9.547106142674564e-09	1069279.7054566205	0.22421187175583485	0.6951479575951578	4.49844867288148	28.953007620050183	0.46313299746501085	3696876.6666197837	-423210.54558658454	846431.0911731691
KY8_US-Vir18-VA4	dadi_objects_duos/probs.KY8.US-Vir18-VA4.delim	3936129	10110891.120883664	12911661.229838107	2288119.186230221	58.674895336577066	41.30250428613685	5.803137887162714e-06	3.1988528471215722e-06	152644.01641167875	2.9200950954637426	3.7289768212086583	4.95618427662918	40.18697571029539	22.15219148117399	3696876.6666197837	-1130936.639625973	2261883.279251946
KY8_US-Vir18-VA4	dadi_objects_duos/probs.KY8.US-Vir18-VA4.delim	3936129	43975772.845865615	9125836.195240034	3051830.7335108016	132.5310725108809	13.828443187975616	3.0137292407662788e-06	1.515306969369933e-06	300125.55183983257	6.459484418541177	1.3404698290562074	3.362064634071949	41.034566824084706	20.63223339791525	3696876.6666197837	-1071827.029442156	2143664.058884312
KY8_US-Vir18-VA4	dadi_objects_duos/probs.KY8.US-Vir18-VA4.delim	3936129	16550823.883699223	13639432.267413478	2447830.243720859	52.380854248164646	14.970649022295085	3.164848748088857e-06	1.0976005986746288e-06	207977.13715694184	3.508256734535414	2.891132818742678	3.891475389003241	29.86147150094547	10.356251311073047	3696876.6666197837	-1137802.42955013	2275614.85910026
KY8_US-Vir18-VA4	dadi_objects_duos/probs.KY8.US-Vir18-VA4.delim	3936129	179653981.5234839	2554829.8569677914	11562859.217090137	125.86427689749958	2.6255111865795335	7.005927496299153e-07	1.0276657678079707e-06	1071107.3606055425	7.394199922117096	0.10515170645936561	3.5692816709037842	34.04405567153297	49.93758589346574	3696876.6666197837	-846953.3155315376	1693916.6310630753
KY8_US-Vir18-VA4	dadi_objects_duos/probs.KY8.US-Vir18-VA4.delim	3936129	15107391.532485833	36191873.19702467	2733526.5898709865	12.28635186838554	136.8715705676254	8.13267587721273e-07	3.7818316234285876e-06	185399.17205666652	3.5922705704457196	8.605787484583873	4.874881913051029	6.840437894332152	31.809191387264132	3696876.6666197837	-1207955.9991974682	2415921.9983949363
KY8_US-Vir18-VA4	dadi_objects_duos/probs.KY8.US-Vir18-VA4.delim	3936129	32568346.32551011	10595305.459298199	1808138.685001091	195.03480723631048	37.72206204275779	5.988477440242146e-06	3.5602618714171916e-06	155877.284499608	9.210860864638098	2.9965256273234377	3.8352836951712126	42.34887707078041	25.1771996867265	3696876.6666197837	-1303334.0872007625	2606678.174401525
KY8_US-Vir18-VA4	dadi_objects_duos/probs.KY8.US-Vir18-VA4.delim	3936129	783016.5184137332	198300109.5064672	50250404.279524885	0.18050857160327297	31.289897040024478	2.305297108788389e-07	1.5779061906672328e-07	3784984.829490515	0.009119985057231677	2.309649915445088	4.389590472785111	39.58527792984463	27.094926231705262	3696876.6666197837	-4481615.588687459	8963241.177374918
KY8_US-Vir18-VA4	dadi_objects_duos/probs.KY8.US-Vir18-VA4.delim	3936129	39746574.50937881	35625082.10167255	518557.62320490903	62.8343856347812	128.69143538612306	1.580875494565059e-06	3.6123828436056057e-06	257120.15422784167	6.814765744539852	6.108113520464791	0.666821341357453	18.440659001411916	42.13786628390313	3696876.6666197837	-2857754.5016095475	5715519.003219095
KY8_US-Vir18-VA4	dadi_objects_duos/probs.KY8.US-Vir18-VA4.delim	3936129	17928429.382700127	23547265.425269827	2416352.6740053934	34.27883610713031	0.32659611343103867	1.9119821025821346e-06	1.3869810677912134e-08	164668.38806428493	4.799758171250612	6.3040201248529115	4.851752904932327	14.283567998259674	0.10361518743998582	3696876.6666197837	-1221963.779236664	2443937.558473328
KY8_US-Vir18-VA4	dadi_objects_duos/probs.KY8.US-Vir18-VA4.delim	3936129	23097630.365724374	8007846.306231376	2308628.795902684	95.46891519271503	29.19407144052755	4.13327746963973e-06	3.6456832866297557e-06	156228.07664413936	6.5177198123872	2.2596646365129867	4.885889153530346	29.295188483331966	25.8392957687549	3696876.6666197837	-1132773.4020976806	2265556.804195361
KY8_US-Vir18-VA4	dadi_objects_duos/probs.KY8.US-Vir18-VA4.delim	3936129	42373964.759119704	29000917.986498144	1025885.5916192085	177.60446369585708	9.354069249555986	4.19135817725513e-06	3.2254390202099556e-07	261294.46983746765	7.149179951399211	4.8929285380741545	1.2981273487766227	49.68526877298619	3.823505361571345	3696876.6666197837	-1965340.8847955943	3930691.7695911885
KY8_US-Vir18-VA4	dadi_objects_duos/probs.KY8.US-Vir18-VA4.delim	3936129	55978339.19463364	15537797.19732425	3686978.8514732174	206.01411138115785	7.194296160107917	3.680246937388728e-06	4.630190540359762e-07	288388.837820725	8.55714534077572	2.3751899539339565	4.227083115116773	48.15019569656679	6.057870149031422	3696876.6666197837	-1137495.8252545628	2275001.6505091256
KY8_US-Vir18-VA4	dadi_objects_duos/probs.KY8.US-Vir18-VA4.delim	3936129	50048695.20175442	6178598.896689083	4642525.941988962	24.039094382464842	1.8324762431486428	4.80314107801599e-07	2.965844318087405e-07	543720.4074208816	4.057929260258389	0.5009584595403386	2.8231067029235777	11.847961283058025	7.315881020674077	3696876.6666197837	-873506.9988795816	1747023.9977591631
KY8_US-Vir18-VA4	dadi_objects_duos/probs.KY8.US-Vir18-VA4.delim	3936129	2300932.8496073927	4100036.409655818	62174.49944189087	2.528705592490823	2.0352226368667186	1.0989914777053556e-06	4.963913569337223e-07	984716.0112383584	0.10301021434193007	0.18355408739565252	0.020876124856187554	49.0962106747412	22.175726683544532	3696876.6666197837	-136018.56615954902	272047.13231909805
KY8_US-Vir18-VA4	dadi_objects_duos/probs.KY8.US-Vir18-VA4.delim	3936129	26730517.714471493	7496866.6117668925	1378837.698274797	51.63078670600133	29.82614384368275	1.931529619347747e-06	3.9784813293687774e-06	139901.56268276818	8.423103760711093	2.362351751868105	3.2586609091627388	12.259325819261322	25.251230110077195	3696876.6666197837	-1650708.8103354704	3301427.6206709407
KY8_US-Vir18-VA4	dadi_objects_duos/probs.KY8.US-Vir18-VA4.delim	3936129	67359516.77027136	5217863.562253348	4815999.747826449	97.06352021934386	6.635737422684849	1.4409770864357232e-06	1.2717345602304688e-06	355066.528048907	8.363278811535942	0.6478438365362262	4.484616491257801	23.211834115935172	20.485607945777808	3696876.6666197837	-911208.3888737672	1822426.7777475344
KY8_US-Vir18-VA4	dadi_objects_duos/probs.KY8.US-Vir18-VA4.delim	3936129	23235974.306129012	2077800.9630304547	3025559.124782648	1.1783982954564836	2.323268800486624	5.0714391397207494e-08	1.118138282647707e-06	223792.0219605214	4.577239460521639	0.409304659825873	4.470021702514152	0.5148947550680204	11.352271442377386	3696876.6666197837	-524627.6343455963	1049265.2686911926
KY8_US-Vir18-VA4	dadi_objects_duos/probs.KY8.US-Vir18-VA4.delim	3936129	10660586.962123703	15967895.759406265	3520777.3371932865	12.492439336808575	40.62514398918209	1.1718341008045159e-06	2.5441764275828826e-06	235305.61335322363	1.9972672257471924	2.9915946446213737	4.947147510346006	12.50953220056476	27.159524477838303	3696876.6666197837	-979839.6068132822	1959689.2136265645
KY8_US-Vir18-VA4	dadi_objects_duos/probs.KY8.US-Vir18-VA4.delim	3936129	27989851.419212107	30773750.26390981	656754.5436024712	154.69409103376864	81.00784667178642	5.5267921475134135e-06	2.6323683651514227e-06	182144.8802505083	6.774402092025302	7.448190954818695	1.1921604365728855	45.67018282421458	21.752354944492247	3696876.6666197837	-2839409.502604178	5678829.005208356
KY8_US-Vir18-VA4	dadi_objects_duos/probs.KY8.US-Vir18-VA4.delim	3936129	2206687.1386148203	3133931.3528355365	66658.50807072685	2.2903377934195035	2.4010956986277607	1.037907800041465e-06	7.661609104664285e-07	1038253.0938315025	0.09369682524283467	0.13306798827585262	0.021227602318674193	48.88826889243302	36.08825427871113	3696876.6666197837	-129554.43152036173	259118.86304072346
KY8_US-Vir18-VA4	dadi_objects_duos/probs.KY8.US-Vir18-VA4.delim	3936129	83888554.78115706	11194167.277221953	5942632.099451446	200.64684916258827	6.885402563917378	2.3918262710094667e-06	6.150884110806429e-07	421739.5186589397	8.768912982288906	1.1701319568470379	4.65889726819121	45.76322049673582	11.768591608198342	3696876.6666197837	-1053461.6745956317	2106933.3491912633
KY8_US-Vir18-VA4	dadi_objects_duos/probs.KY8.US-Vir18-VA4.delim	3936129	15293881.49352774	3812148.2924247133	15166201.60175769	1.8443717214322242	2.7459780450130014	1.2059539772246496e-07	7.203229870332313e-07	1034867.1415830029	0.6515090741253251	0.16239495549099986	4.845524731750489	5.661845075322585	33.81851408759045	3696876.6666197837	-356395.62949181075	712801.2589836215
KY8_US-Vir18-VA4	dadi_objects_duos/probs.KY8.US-Vir18-VA4.delim	3936129	53931192.53537816	10127467.968472097	4823630.270866513	169.27698981412567	11.058027096425983	3.1387585153634825e-06	1.0918846774782025e-06	322204.26176238345	7.378975850778548	1.3856608403358919	4.9498418024207975	45.880890041472476	15.9606546920175	3696876.6666197837	-1049491.7806422696	2098993.5612845393
KY8_US-Vir18-VA4	dadi_objects_duos/probs.KY8.US-Vir18-VA4.delim	3936129	61120960.413722776	10149513.52634091	4407477.103382237	131.06554720087706	7.434525653212885	2.144363346284239e-06	7.325006892121628e-07	421036.04750649765	6.399679660759324	1.0627063914156407	3.4611416410011353	40.96003367309985	13.991683334677768	3696876.6666197837	-1034665.7054524223	2069341.4109048445
KY8_US-Vir18-VA4	dadi_objects_duos/probs.KY8.US-Vir18-VA4.delim	3936129	57236590.22551414	6185787.863221508	1455383.2840921665	162.76029019908265	20.548727407982454	2.8436405725393753e-06	3.3219256564160353e-06	285338.8064644733	8.843012911281333	0.9556998718021343	1.6864176147482703	36.81104886580994	43.002469738191635	3696876.6666197837	-1286567.145023749	2573144.290047498
KY8_US-Vir18-VA4	dadi_objects_duos/probs.KY8.US-Vir18-VA4.delim	3936129	6655240.719893523	63526000.41325062	2794860.7240708624	10.461743783891613	142.10801208538268	1.5719557299587792e-06	2.2370054963469883e-06	485008.9352527836	0.6049247794622323	5.7741640622006125	1.90528092118648	34.58857742012791	49.22202090365385	3696876.6666197837	-1022726.7592335653	2045463.5184671306
KY8_US-Vir18-VA4	dadi_objects_duos/probs.KY8.US-Vir18-VA4.delim	3936129	2631257.940677096	3599025.285042383	75155.3543039817	2.83685605777239	2.9407869181721225	1.0781368158236846e-06	8.171064900249767e-07	1018191.4674078239	0.11392559789097866	0.15582702899803635	0.024405013985858794	49.80190774135109	37.744246772608115	3696876.6666197837	-151072.19996979184	302154.3999395837
KY8_US-Vir18-VA4	dadi_objects_duos/probs.KY8.US-Vir18-VA4.delim	3936129	46343359.056943804	9153578.128248503	4823734.496693297	60.81333679760776	4.921092437229142	1.3122341158500004e-06	5.376140748766155e-07	358898.36714296567	5.692504368654309	1.1243635451596767	4.443861355996869	21.366109838220062	8.753560996199448	3696876.6666197837	-958568.5168549065	1917147.033709813
KY8_US-Vir18-VA4	dadi_objects_duos/probs.KY8.US-Vir18-VA4.delim	3936129	8529499.32380184	14978578.653367795	2357685.4476276077	47.62829796620142	92.56576013879166	5.5839500254479344e-06	6.1798760937827104e-06	162762.99567536684	2.310229953997784	4.056974478766722	4.78937426228063	41.23251703474978	45.63290236271375	3696876.6666197837	-1084454.0810624182	2168918.1621248364
KY8_US-Vir18-VA4	dadi_objects_duos/probs.KY8.US-Vir18-VA4.delim	3936129	5878728.751563797	6774934.946420349	2805222.889527755	2.471981849411604	1.9839627327616967	4.204959871220515e-07	2.9283863955180216e-07	2593176.830143645	0.09993983668050958	0.11517556272454575	0.35767108238270795	49.46939942105577	34.45110552672616	3696876.6666197837	-283622.97048013454	567255.9409602691
KY8_US-Vir18-VA4	dadi_objects_duos/probs.KY8.US-Vir18-VA4.delim	3936129	61680016.0206709	1434168.1772662087	3124500.469529733	55.287241528997214	3.8436254467766573	8.963558230994741e-07	2.6800381626813964e-06	393248.9507109476	6.914555252121333	0.16077549492234192	2.627009294757908	15.991553907110804	47.813573189536285	3696876.6666197837	-688785.7104250111	1377581.4208500222
KY8_US-Vir18-VA4	dadi_objects_duos/probs.KY8.US-Vir18-VA4.delim	3936129	15108841.205164667	19337714.337544844	1533698.3585988397	26.2984456947953	54.16205077616327	1.740599781127204e-06	2.8008507019366693e-06	106375.3217358043	6.26148891491531	8.014041733587487	4.767027461251969	8.40006140780687	13.516787802380867	3696876.6666197837	-1672262.6932694009	3344535.3865388017
KY8_US-Vir18-VA4	dadi_objects_duos/probs.KY8.US-Vir18-VA4.delim	3936129	7651399.640038653	20549729.615996175	2256135.8485722784	30.916875059206284	82.05492149407048	4.0406822952264584e-06	3.992992755982438e-06	165395.4488626641	2.039410622683071	5.477342557408986	4.510142655787144	30.31942142042165	29.961581052869526	3696876.6666197837	-1129886.4618239936	2259782.923647987
KY8_US-Vir18-VA4	dadi_objects_duos/probs.KY8.US-Vir18-VA4.delim	3936129	18377358.065501127	14462731.492120484	1533486.0558003865	9.032911444160309	10.051019442306188	4.915239400551992e-07	6.94959969891036e-07	111538.39335587963	7.263501636562936	5.716277252027459	4.545734163472475	2.4872057297242245	3.5166311916523205	3696876.6666197837	-1498962.3358013795	2997934.671602759
KY8_US-Vir18-VA4	dadi_objects_duos/probs.KY8.US-Vir18-VA4.delim	3936129	29015552.111530278	35421591.19581269	710674.2002079295	71.12118257000114	187.8441370005321	2.45114007469597e-06	5.3030970845470606e-06	169144.73748972933	7.562400861512899	9.232023941702758	1.3891867957214217	18.809154360477255	40.694031598424566	3696876.6666197837	-2800343.7612735033	5600697.522547007
KY8_US-Vir18-VA4	dadi_objects_duos/probs.KY8.US-Vir18-VA4.delim	3936129	25443639.703625992	32994217.738046914	596560.4695880701	112.28176854854195	134.4182408984544	4.412960168294656e-06	4.073993872673378e-06	212419.90032375563	5.280455442470088	6.847467526435853	0.9285554830951633	42.52730461295924	39.2607165728086	3696876.6666197837	-2704549.7933668597	5409109.586733719
KY8_US-Vir18-VA4	dadi_objects_duos/probs.KY8.US-Vir18-VA4.delim	3936129	36009145.31766557	5342452.071074251	119589.77576775623	0.3785162862175306	4.439982493238864	1.0511670934656589e-08	8.310757746013957e-07	744896.7315095199	2.1311012838839147	0.3161781921596775	0.05308191357088311	0.35523068666890173	28.085317731189804	3696876.6666197837	-604367.8499037586	1208745.6998075172
KY8_US-Vir18-VA4	dadi_objects_duos/probs.KY8.US-Vir18-VA4.delim	3936129	21152699.030276325	18749587.107343387	2312687.5172249684	66.59644890045806	6.680898062031645	3.1483664947502484e-06	3.5632240986336343e-07	252569.18557237292	3.6920941927170627	3.272643437879091	3.027507168031249	36.07516245486078	4.082875625681574	3696876.6666197837	-1221477.871449391	2442965.742898782
KY8_US-Vir18-VA4	dadi_objects_duos/probs.KY8.US-Vir18-VA4.delim	3936129	9479453.995033652	10184245.859287743	5928106.816648208	1.4113365485186418	2.6211511902702638	1.4888373837333356e-07	2.5737312575578176e-07	404539.5567015619	1.0330222480005649	1.109826848388489	4.84510969234339	2.7324417286274554	4.723531772683776	3696876.6666197837	-366634.72913403925	733279.4582680785
KY8_US-Vir18-VA4	dadi_objects_duos/probs.KY8.US-Vir18-VA4.delim	3936129	26890864.54862771	19752515.392174575	1039023.4698694183	178.718452985091	51.53327102783338	6.6460657172962225e-06	2.608947265939076e-06	161332.6156698301	7.348013339207602	5.3974369742608035	2.129373133617409	48.64401974653021	19.09546003912015	3696876.6666197837	-2037282.2542020741	4074574.5084041483
KY8_US-Vir18-VA4	dadi_objects_duos/probs.KY8.US-Vir18-VA4.delim	3936129	16276997.845058274	18239097.52017702	1835888.8324499002	8.904639643940664	26.61791809636326	5.470689207373784e-07	1.4593878927900438e-06	134624.79759132615	5.330115114364279	5.97263022887078	4.508892741466042	3.341256034018213	8.913298522214323	3696876.6666197837	-1367124.4888979841	2734258.9777959683
KY8_US-Vir18-VA4	dadi_objects_duos/probs.KY8.US-Vir18-VA4.delim	3936129	10250885.313380428	21645270.18125496	1358214.1765787543	26.793456393746528	70.75867844773482	2.613769989092861e-06	3.2690134082508525e-06	334675.08303718694	1.350284681562923	2.8511953709880133	1.3418175473267855	39.685640753524254	49.634394870117305	3696876.6666197837	-1277933.450888147	2555876.901776294
KY8_US-Vir18-VA4	dadi_objects_duos/probs.KY8.US-Vir18-VA4.delim	3936129	10896738.379526561	8255433.421676765	5425803.0598067455	2.4301837726768865	2.1373761265383835	2.2301937405809982e-07	2.5890537993149484e-07	361539.0782741286	1.3287051657959914	1.0066348893790158	4.9620069390930475	3.65797294273486	4.246576686522184	3696876.6666197837	-354654.2867516966	709318.5735033932
KY8_US-Vir18-VA4	dadi_objects_duos/probs.KY8.US-Vir18-VA4.delim	3936129	3476987.286492967	16741945.185766751	8634582.594833765	0.5098711250240533	1.4482483354498803	1.4664164203439763e-07	8.650418570723287e-08	671636.1371863039	0.22822141485909914	1.0989026139474496	4.250655227377559	4.4682145655686245	2.635808336550443	3696876.6666197837	-1035837.8358557017	2071685.6717114034
KY8_US-Vir18-VA4	dadi_objects_duos/probs.KY8.US-Vir18-VA4.delim	3936129	16203184.33169074	4051598.002879613	8986142.730905538	0.9655811657532614	3.254795992969608	5.959206202849553e-08	8.033363602845865e-07	1102396.43740239	0.6479625674178208	0.162022710496243	2.6951571855129797	2.980360947704663	40.17703423181629	3696876.6666197837	-363106.46267218585	726222.9253443717
KY8_US-Vir18-VA4	dadi_objects_duos/probs.KY8.US-Vir18-VA4.delim	3936129	3113576.3544056513	11767853.565967064	2661214.6183505845	0.9656138580446677	2.277108254601152	3.101301359378396e-07	1.9350242946484374e-07	2009988.4791815071	0.06828940019474461	0.25810180002888666	0.4377588349476211	28.280050938827223	17.64503970407257	3696876.6666197837	-458522.72445591	917055.44891182
KY8_US-Vir18-VA4	dadi_objects_duos/probs.KY8.US-Vir18-VA4.delim	3936129	9113079.38065831	28844722.438934628	1291044.844802642	55.18955338370269	168.9141634133781	6.05608171271256e-06	5.8559815845333856e-06	170363.20533244777	2.358178614604922	7.46410787818647	2.505613687848631	46.806932300968974	45.26037569929084	3696876.6666197837	-1511353.1980365932	3022716.3960731863
KY8_US-Vir18-VA4	dadi_objects_duos/probs.KY8.US-Vir18-VA4.delim	3936129	10445450.351622857	11594605.755953196	2614229.332117233	56.144988813811466	36.53955955800769	5.375066361316676e-06	3.1514275109566895e-06	176171.46745909704	2.6138396595591877	2.9014010254861957	4.90632936047883	42.9597803434355	25.187527843990235	3696876.6666197837	-1066646.2878430074	2133302.5756860147
KY8_US-Vir18-VA4	dadi_objects_duos/probs.KY8.US-Vir18-VA4.delim	3936129	12940916.203816107	59686630.875137	4079765.008043646	3.268331119984735	88.44575176450782	2.525579385964146e-07	1.4818352195072663e-06	446449.7507973714	1.2778497316055761	5.893751573922079	3.021420360294158	5.1153606549311315	30.013396613407092	3696876.6666197837	-1061498.0057816224	2123006.0115632447
KY8_US-Vir18-VA4	dadi_objects_duos/probs.KY8.US-Vir18-VA4.delim	3936129	14704019.893906068	48033229.73942505	1381794.3560870376	28.979696218447252	225.87244646193557	1.9708689479165893e-06	4.702420546926962e-06	212658.70807046216	3.0481775236789335	9.957400244140153	2.1483687717867546	19.014441247812115	45.367754820312584	3696876.6666197837	-1566690.568216432	3133391.136432864
KY8_US-Vir18-VA4	dadi_objects_duos/probs.KY8.US-Vir18-VA4.delim	3936129	10844595.241325242	25395783.9615922	2027279.599632768	26.602383283876534	102.67167912029855	2.453054511661575e-06	4.042863149079234e-06	154310.40968638938	3.0981716021959445	7.25527278191834	4.3437719192018065	17.172956633532568	28.302637876325722	3696876.6666197837	-1265470.323297768	2530950.646595536
KY8_US-Vir18-VA4	dadi_objects_duos/probs.KY8.US-Vir18-VA4.delim	3936129	12052892.412202265	12459614.598300343	1872749.2393574824	63.04783914157525	92.92518331637939	5.230930218687263e-06	7.45811056860905e-06	144421.00247384462	3.679156574894858	3.8033088989978605	4.28743808765917	34.272985048687154	48.865441006311315	3696876.6666197837	-1204692.3144798772	2409394.6289597545
KY8_US-Vir18-VA4	dadi_objects_duos/probs.KY8.US-Vir18-VA4.delim	3936129	5153865.517876279	4152811.7712487923	100170.93907206901	0.6592264554987449	4.656012314834975	1.2790913018824524e-07	1.1211710453794213e-06	975551.0234537012	0.2329005098043719	0.18766341017062185	0.03395004419021181	5.661013417724774	49.620885718763944	3696876.6666197837	-178353.2128831487	356716.4257662974
KY8_US-Vir18-VA4	dadi_objects_duos/probs.KY8.US-Vir18-VA4.delim	3936129	46761548.84642202	13822558.320029458	4102745.6983501115	63.23480711186498	2.688295000833237	1.3522821350410301e-06	1.9448606680413037e-07	423574.97784534	4.866827312790577	1.4386179676276347	3.202527661568971	25.986049246364956	3.737329939325578	3696876.6666197837	-1027016.4093183053	2054042.8186366106
