Pair_name	fs_name	L	pop1_size	pop2_size	divergence_time	mig_pop1	mig_pop2	Mij	Mji	theta	nu1	nu2	Ts	m12	m21	fs_sanitycheck	-2LL_model	AIC
KY9_US-Vir18-VA4	dadi_objects_duos/probs.KY9.US-Vir18-VA4.delim	3877401	2625171.630123179	12100192.131289328	1679197.843235101	1.5860114731519395	1.7057685702491674	6.041553454840285e-07	1.4097037069670153e-07	1262095.8938369441	0.09032835248049265	0.4163500806480605	0.4333407157377395	35.11658144090373	8.19391492656416	3594733.596771536	-208544.17490816943	417098.34981633886
KY9_US-Vir18-VA4	dadi_objects_duos/probs.KY9.US-Vir18-VA4.delim	3877401	12464108.052329151	75086631.63483529	5770197.370519185	3.70406116920046	122.16718159126042	2.971781978822213e-07	1.6270164066672932e-06	493624.68118074094	1.0965364677447174	6.605785948102814	3.807270945461893	6.755928832569928	36.987932261518985	3594733.596771536	-1124444.5496926163	2248899.0993852327
KY9_US-Vir18-VA4	dadi_objects_duos/probs.KY9.US-Vir18-VA4.delim	3877401	9875595.72157493	16723982.038625447	1920244.4686813902	54.868131155769134	117.9534548858491	5.5559312777355095e-06	7.052952736580657e-06	125468.77678761029	3.418112712312418	5.788456435273535	4.984720835595426	32.10434281943254	40.75471801672985	3594733.596771536	-1189548.548312649	2379107.096625298
KY9_US-Vir18-VA4	dadi_objects_duos/probs.KY9.US-Vir18-VA4.delim	3877401	12461666.245854357	23205859.037284702	1982765.670399378	43.80563164627916	4.138397875735365	3.5152306908277252e-06	1.7833418142746747e-07	260419.1775060843	2.078078232993367	3.869754621243878	2.4798100190677173	42.159752169849114	2.1388425266122613	3594733.596771536	-1347639.6038917387	2695289.2077834774
KY9_US-Vir18-VA4	dadi_objects_duos/probs.KY9.US-Vir18-VA4.delim	3877401	2578266.499571005	16111770.331510164	10834864.770386951	1.3398333902587343	1.5107634335146667	5.196644297560659e-07	9.376768675506946e-08	1188607.722623785	0.0941993700952203	0.5886585489124758	2.9689639887167347	28.446759015572606	5.13290238052516	3594733.596771536	-251904.46216248668	503818.92432497337
KY9_US-Vir18-VA4	dadi_objects_duos/probs.KY9.US-Vir18-VA4.delim	3877401	14840615.464244599	22290606.444727626	1734384.8463997706	50.13139079580876	179.65262712037273	3.3779859680745724e-06	8.05956659662195e-06	113444.00624799561	5.681056359186669	8.532947423780785	4.979478913121208	17.648615900366053	42.107988763575925	3594733.596771536	-1334165.9765139504	2668341.953027901
KY9_US-Vir18-VA4	dadi_objects_duos/probs.KY9.US-Vir18-VA4.delim	3877401	11726826.492145216	12436736.041203417	1517809.7474769054	121.46527181715376	111.59904670095949	1.0357897927330366e-05	8.973338851224893e-06	98970.0561579115	5.145592899160526	5.457092820910617	4.994977119528155	47.21138037833118	40.90054919840529	3594733.596771536	-1356814.8296222053	2713639.6592444107
KY9_US-Vir18-VA4	dadi_objects_duos/probs.KY9.US-Vir18-VA4.delim	3877401	39349051.560555845	15833769.57166297	3909481.046269772	137.06741272781525	6.317505936667428	3.4833727190826105e-06	3.9898938203405473e-07	295889.10971062793	5.77516010175102	2.32388204198169	4.303384122231471	47.467917880322176	5.437028061269561	3594733.596771536	-1179388.616428183	2358787.232856366
KY9_US-Vir18-VA4	dadi_objects_duos/probs.KY9.US-Vir18-VA4.delim	3877401	6868104.210944459	45335312.14482351	1810499.3613703991	19.257476216187882	143.11756640428783	2.8038998280632837e-06	3.156867343211385e-06	343271.7649427817	0.8688754648045767	5.735314899433846	1.717830365376604	44.32735644231635	49.907483342689865	3594733.596771536	-1175572.305119249	2351154.610238498
KY9_US-Vir18-VA4	dadi_objects_duos/probs.KY9.US-Vir18-VA4.delim	3877401	52163533.20562343	2289552.752071213	5777160.975961946	19.769082799116145	1.6593994655720414	3.78982817770192e-07	7.247701386530134e-07	377263.3191808858	6.00455958996124	0.26355108807486394	4.987579944463562	6.584690351701133	12.592620866741973	3594733.596771536	-753077.3080415073	1506164.6160830145
KY9_US-Vir18-VA4	dadi_objects_duos/probs.KY9.US-Vir18-VA4.delim	3877401	8674485.165605694	70771377.5704791	9253937.137677396	5.180704340823873	106.27011498086489	5.972347916813955e-07	1.5015973777680626e-06	616897.9641462652	0.6106454314922269	4.981992310641868	4.885771932870104	16.967962335078305	42.66169369786655	3594733.596771536	-1058817.8526218277	2117645.7052436555
KY9_US-Vir18-VA4	dadi_objects_duos/probs.KY9.US-Vir18-VA4.delim	3877401	1910398.2643125295	2584598.1613272945	35356.299558718725	0.07701963552772073	2.832087495319801	4.031600999985037e-08	1.0957554399347754e-06	976481.5301924543	0.08496080571705025	0.11494437905605742	0.011792958058544389	1.813062738228344	49.27752915936177	3594733.596771536	-95878.14554944425	191766.2910988885
KY9_US-Vir18-VA4	dadi_objects_duos/probs.KY9.US-Vir18-VA4.delim	3877401	9565006.346924381	12615901.793910362	3117773.9619449535	0.9843609863273692	1.6579787253885037	1.0291273739132328e-07	1.3141975520044096e-07	311025.97909383645	1.3355105935696612	1.761490780256456	3.26488540257034	1.4741342989968942	1.8824722149804476	3594733.596771536	-391256.90510451986	782523.8102090397
KY9_US-Vir18-VA4	dadi_objects_duos/probs.KY9.US-Vir18-VA4.delim	3877401	11420663.713489797	19303806.898292307	1803755.838689624	52.216367597845334	139.52758555164672	4.572095712455721e-06	7.2279828681869946e-06	129795.45382237517	3.8211193528876217	6.4586570425276015	4.526247010282059	27.330403881985735	43.20637700157012	3594733.596771536	-1245447.1146659674	2490904.229331935
KY9_US-Vir18-VA4	dadi_objects_duos/probs.KY9.US-Vir18-VA4.delim	3877401	7368891.298370615	17372213.396917783	1659996.8303887164	61.47411658193482	86.74190753772783	8.342383418727832e-06	4.993140802260567e-06	113941.66842671132	2.808525143589595	6.621117906276613	4.745092322453064	43.77679631763193	26.201589751331632	3594733.596771536	-1280359.9747126596	2560729.949425319
KY9_US-Vir18-VA4	dadi_objects_duos/probs.KY9.US-Vir18-VA4.delim	3877401	26384311.124775104	892684.8116790861	4355106.123255579	12.215714924636597	2.9514075827469806	4.629916190294592e-07	3.306214628201819e-06	286659.13796666113	3.997041980694908	0.13523561979450577	4.948264818911011	6.112377595049842	43.648375882503814	3594733.596771536	-545448.4420542503	1090906.8841085006
KY9_US-Vir18-VA4	dadi_objects_duos/probs.KY9.US-Vir18-VA4.delim	3877401	17283725.34575117	10948143.119133657	1623278.5035289992	114.85152448459266	52.67994328223153	6.64506766840208e-06	4.811769695462309e-06	160002.44617300117	4.691043656351744	2.9714784457893644	3.3043527046674797	48.96629956921504	35.457058998277375	3594733.596771536	-1280893.8449418787	2561797.6898837574
KY9_US-Vir18-VA4	dadi_objects_duos/probs.KY9.US-Vir18-VA4.delim	3877401	11033376.491243534	16092289.877664503	1989809.8154761244	19.62174040653722	20.13318550911729	1.778398518541419e-06	1.2511075590964465e-06	131092.70247445462	3.655010777943488	5.330869747020256	4.943710543021059	10.736898793812859	7.553433666380965	3594733.596771536	-1265624.981320845	2531259.96264169
KY9_US-Vir18-VA4	dadi_objects_duos/probs.KY9.US-Vir18-VA4.delim	3877401	1330538.618380039	29801256.042188253	2597078.7324272064	0.9153323567197177	3.711279671489375	6.879412172449047e-07	1.245343372854986e-07	172902.61478978687	0.3341832388598517	7.484999028735898	4.89219249441014	5.478026724754953	0.9916580235324769	3594733.596771536	-653773.6229260312	1307557.2458520625
KY9_US-Vir18-VA4	dadi_objects_duos/probs.KY9.US-Vir18-VA4.delim	3877401	11657440.495384214	8698371.215335788	3376859.4163848953	53.44567580489644	29.373548985693855	4.584683561203538e-06	3.3769022106008072e-06	226811.64682569975	2.2320123642176304	1.6654489558725667	4.849172249080279	47.89012521768026	35.27403092375699	3594733.596771536	-1035769.0297163613	2071548.0594327226
KY9_US-Vir18-VA4	dadi_objects_duos/probs.KY9.US-Vir18-VA4.delim	3877401	4768085.148352915	20055980.789133217	3474770.9139942625	8.47420209991647	21.692998707773683	1.7772757482831013e-06	1.0816224315256344e-06	227899.75533577095	0.9085710279275472	3.8217193096840147	4.9659495243766045	18.653912219160556	11.352481409508481	3594733.596771536	-858495.8662437566	1717001.7324875132
KY9_US-Vir18-VA4	dadi_objects_duos/probs.KY9.US-Vir18-VA4.delim	3877401	1479041.993937449	10590891.86474814	156725.85412523642	1.6922947377381272	2.5628063167105397	1.1441830216280505e-06	2.419821058924092e-07	945886.1515072581	0.0679047849982819	0.48624193090097634	0.05396619030873142	49.84316606792717	10.541280600633588	3594733.596771536	-163798.4854953219	327606.9709906438
KY9_US-Vir18-VA4	dadi_objects_duos/probs.KY9.US-Vir18-VA4.delim	3877401	16250152.905911906	36828118.28408081	3248524.839829873	1.482810074148996	35.66774983840205	9.12489921008399e-08	9.68492323264305e-07	216242.22308141028	3.263440470470573	7.396014816317332	4.8928925298163914	0.9087403846132862	9.645126659214009	3594733.596771536	-1136255.9602806938	2272521.9205613877
KY9_US-Vir18-VA4	dadi_objects_duos/probs.KY9.US-Vir18-VA4.delim	3877401	14867186.482498303	11879051.723584278	2373768.8402543543	1.4110670329686978	1.1767960950112257	9.491150424660444e-08	9.90648178317848e-08	158865.71480048785	4.064034147559079	3.2472096789865867	4.866628844439457	0.6944169176414062	0.7248045006927233	3594733.596771536	-654939.2138598817	1309888.4277197635
KY9_US-Vir18-VA4	dadi_objects_duos/probs.KY9.US-Vir18-VA4.delim	3877401	14781878.917345831	21160846.516401608	1893629.730738844	25.94583990342732	104.01985150310738	1.7552464100474476e-06	4.915675345146632e-06	219112.3858900408	2.9296885471243845	4.193965464959323	2.8148037311122316	17.71235371001759	49.6045341203668	3594733.596771536	-1287626.9716605903	2575263.9433211805
KY9_US-Vir18-VA4	dadi_objects_duos/probs.KY9.US-Vir18-VA4.delim	3877401	16282803.224063931	14133050.44456909	1394291.7991529682	172.30827312680756	72.06734547602818	1.0582224126626898e-05	5.099206697003017e-06	102205.66128247004	6.918516207122422	6.005092440859561	4.443229059594598	49.81075940804214	24.00207696576693	3594733.596771536	-1454505.313638208	2909020.627276416
KY9_US-Vir18-VA4	dadi_objects_duos/probs.KY9.US-Vir18-VA4.delim	3877401	20383583.600051615	26553366.28166023	1869644.76790278	11.224852993450433	73.54352050172047	5.506810389033854e-07	2.7696496075721743e-06	125730.50524438766	7.040420823450553	9.17144289101535	4.843267095417846	3.1886880841162744	16.03750279550149	3594733.596771536	-1555010.6536319407	3110031.3072638814
KY9_US-Vir18-VA4	dadi_objects_duos/probs.KY9.US-Vir18-VA4.delim	3877401	35860428.79075879	5363397.865715923	2088969.4678697458	5.701308815113722	1.491028281439795	1.5898607482861294e-07	2.7800068515721945e-07	159869.49817232465	9.741113578795346	1.4569114073636225	4.255851474290174	1.1705661306576791	2.0468345211709327	3594733.596771536	-964031.7129927803	1928073.4259855605
KY9_US-Vir18-VA4	dadi_objects_duos/probs.KY9.US-Vir18-VA4.delim	3877401	17979178.423510812	53385878.04733156	4114206.9019236006	0.6135681972926214	76.25865136090083	3.4126598159250555e-08	1.4284423924486253e-06	274992.74437997676	2.83927427621266	8.430705045710093	4.8728705635562495	0.43220072286293304	18.09069370768807	3594733.596771536	-1181635.713725425	2363281.42745085
KY9_US-Vir18-VA4	dadi_objects_duos/probs.KY9.US-Vir18-VA4.delim	3877401	19213582.676147677	24882320.330396313	2986625.1757404055	4.828371095617517	81.36820777592408	2.512998838895155e-07	3.270121383194494e-06	218106.29500203417	3.8255941417531676	4.954289915298368	4.459975813943993	2.5242463872055203	32.84757620851655	3594733.596771536	-1257219.1510828268	2514448.3021656536
KY9_US-Vir18-VA4	dadi_objects_duos/probs.KY9.US-Vir18-VA4.delim	3877401	13179274.412450138	19743164.494159464	1639061.8222657302	19.186382673918132	12.183092900044173	1.455799619423147e-06	6.170790353110944e-07	111187.24015988843	5.147487384176389	7.711174908187651	4.801316843840387	7.45465942583869	3.1598538601707196	3594733.596771536	-1579092.55050878	3158195.10101756
KY9_US-Vir18-VA4	dadi_objects_duos/probs.KY9.US-Vir18-VA4.delim	3877401	18554010.66562712	8379871.853353989	1950375.68961836	35.86885976247569	37.08416274550287	1.933213277112414e-06	4.425385422888081e-06	130384.14838473	6.179761976297062	2.791073821119238	4.8720693631015575	11.608492333540797	26.573401581067383	3594733.596771536	-1265450.2218630614	2530910.443726123
KY9_US-Vir18-VA4	dadi_objects_duos/probs.KY9.US-Vir18-VA4.delim	3877401	8338830.681723433	12428469.087468524	2549132.850717584	41.90707958193042	40.740576040243106	5.02553429628688e-06	3.2780043747561266e-06	172610.11599407697	2.0979621655711744	3.1268722098685076	4.810012529822334	39.95027200170803	26.058356917602556	3594733.596771536	-1086770.8796961794	2173551.759392359
KY9_US-Vir18-VA4	dadi_objects_duos/probs.KY9.US-Vir18-VA4.delim	3877401	116969259.86449961	9680396.921294909	7285644.281395689	204.9740728021978	5.707589201303256	1.7523755646538703e-06	5.896028073753586e-07	594536.7086825457	8.543814448625445	0.7070876158436787	3.9912531188974265	47.98186431475572	16.143937677350234	3594733.596771536	-1075146.9502554797	2150303.9005109593
KY9_US-Vir18-VA4	dadi_objects_duos/probs.KY9.US-Vir18-VA4.delim	3877401	26262168.33188001	19517535.188906763	957651.9852192133	127.31997397377287	163.17898907167728	4.848037388413865e-06	8.36063506443292e-06	115265.35771277762	9.89442404426956	7.35334443894991	2.706006859872193	25.735701927493462	44.38225094076512	3594733.596771536	-2045004.2051974486	4090018.410394897
KY9_US-Vir18-VA4	dadi_objects_duos/probs.KY9.US-Vir18-VA4.delim	3877401	11633390.138875788	23247129.71906656	1532266.3257708957	64.2849408730219	180.0809045190656	5.5258991665893e-06	7.746371560501464e-06	102008.68715177197	4.952538670519846	9.896711752795587	4.8923450700278845	25.96039936272691	36.3920681974388	3594733.596771536	-1383074.2862305688	2766158.5724611375
KY9_US-Vir18-VA4	dadi_objects_duos/probs.KY9.US-Vir18-VA4.delim	3877401	16760403.195641484	6390732.260467627	3245320.887702272	2.013454208274207	1.909493074059676	1.201316092919413e-07	2.987909673311761e-07	274586.1119778173	2.650724760996125	1.0107198523794174	3.849453338266703	1.519172596039405	3.7784813854489627	3594733.596771536	-428325.7785319061	856661.5570638122
KY9_US-Vir18-VA4	dadi_objects_duos/probs.KY9.US-Vir18-VA4.delim	3877401	1702420.5595058294	10095470.164484307	153684.6229119791	1.917584332421999	1.5344311108585202	1.1263869680818624e-06	1.5199204057445712e-07	941488.2977721045	0.07852549265800687	0.46566153342888206	0.05316618178156688	48.83979119426695	6.590327955842913	3594733.596771536	-154779.4517054338	309568.9034108676
KY9_US-Vir18-VA4	dadi_objects_duos/probs.KY9.US-Vir18-VA4.delim	3877401	25863434.570363197	4309707.21190163	2069297.202589394	12.619949784973779	32.360039288059895	4.879456265037176e-07	7.508639844185898e-06	137835.54399373668	8.148613388115033	1.3578296335784907	4.889693400940203	3.0974471812297066	47.66435860259827	3594733.596771536	-1348865.0915070209	2697740.1830140417
KY9_US-Vir18-VA4	dadi_objects_duos/probs.KY9.US-Vir18-VA4.delim	3877401	17463424.488236252	10358246.97082469	2274442.9780115	103.20037255293016	33.35001770794423	5.909515205476922e-06	3.2196584810034715e-06	180374.20841608726	4.204493768203351	2.49385135588273	4.106961175690777	49.09051041216283	26.745794314705314	3594733.596771536	-1153726.9420678467	2307463.8841356933
KY9_US-Vir18-VA4	dadi_objects_duos/probs.KY9.US-Vir18-VA4.delim	3877401	12640650.704194091	10816294.565825652	5821100.8647770705	19.91440636169168	6.389736523580774	1.5754257298703933e-06	5.907509715729547e-07	394645.7384636405	1.3909795782042014	1.1902270860085264	4.8041625052776595	28.633643043705653	10.737004053586125	3594733.596771536	-883089.9962166544	1766189.9924333089
KY9_US-Vir18-VA4	dadi_objects_duos/probs.KY9.US-Vir18-VA4.delim	3877401	1118716.5131530808	2517652.4801257947	37817.67593141074	0.8452315533378576	2.651140547997795	7.555368526344434e-07	1.0530208473670404e-06	1029901.4318049847	0.04717187373474925	0.10615949930491578	0.011959668896057091	35.83625098679157	49.94636495756405	3594733.596771536	-91851.2512935672	183712.5025871344
KY9_US-Vir18-VA4	dadi_objects_duos/probs.KY9.US-Vir18-VA4.delim	3877401	31936114.47694652	8099080.682367618	4353160.231105164	50.10350265012904	7.343659515785808	1.5688665785030571e-06	9.067275415311733e-07	286502.9967149391	4.8407387868302365	1.2276237932797187	4.948749448899827	20.700766910390264	11.96402278285352	3594733.596771536	-991191.0163633567	1982392.0327267135
KY9_US-Vir18-VA4	dadi_objects_duos/probs.KY9.US-Vir18-VA4.delim	3877401	15935191.019421674	14074231.323330356	1412895.8830745122	79.17879957873733	73.62940938862417	4.968801408294063e-06	5.231504847200522e-06	101338.76885010973	6.828737061876125	6.031256540188741	4.541031538537486	23.189880899289967	24.41594347645508	3594733.596771536	-1528614.2921852178	3057238.5843704357
KY9_US-Vir18-VA4	dadi_objects_duos/probs.KY9.US-Vir18-VA4.delim	3877401	6628925.859339551	17072587.41901048	2940451.7549789455	2.705362419331083	1.7270289508854457	4.0811474992128236e-07	1.0115800894727788e-07	216928.90847464622	1.3270413984499014	3.417752855353116	4.414856678928199	4.077284133699489	1.0106224902602048	3594733.596771536	-449131.2836285304	898272.5672570608
KY9_US-Vir18-VA4	dadi_objects_duos/probs.KY9.US-Vir18-VA4.delim	3877401	51884308.599377595	5872545.070557183	2497688.0779215465	116.26950444790786	13.36571638581853	2.240937724460737e-06	2.2759665911853786e-06	239403.6591308757	9.411611471237554	1.0652568000506912	3.398031489426787	24.70767196526002	25.09388606612511	3594733.596771536	-1088513.1515579028	2177036.3031158056
KY9_US-Vir18-VA4	dadi_objects_duos/probs.KY9.US-Vir18-VA4.delim	3877401	41092110.49669445	7511428.366760392	5734219.274930576	76.40991912565941	7.9675160696885134	1.8594790630626289e-06	1.06071917092978e-06	409378.5934589166	4.359052085847309	0.7968125047374588	4.562145678179768	35.058043639231684	19.998471465539374	3594733.596771536	-1005028.1332455274	2010066.2664910548
KY9_US-Vir18-VA4	dadi_objects_duos/probs.KY9.US-Vir18-VA4.delim	3877401	54058679.84983073	14098196.84645107	6406135.657082255	97.70093711823925	3.2921852191340983	1.807312671889918e-06	2.3351817647253505e-07	452726.52595750586	5.185471302546525	1.352341480924138	4.608718392868209	37.68256785849319	4.868866725709465	3594733.596771536	-1102395.0173169386	2204800.034633877
KY9_US-Vir18-VA4	dadi_objects_duos/probs.KY9.US-Vir18-VA4.delim	3877401	11266255.370384483	18382575.776193526	1600041.3114353244	53.761380147176645	32.91342019488193	4.7718943322107505e-06	1.7904683541414622e-06	116011.72632209743	4.217318901390322	6.881184717414685	4.4920986875098645	25.495525192298427	9.56620743273631	3594733.596771536	-1533055.9668150307	3066121.9336300613
KY9_US-Vir18-VA4	dadi_objects_duos/probs.KY9.US-Vir18-VA4.delim	3877401	17741263.72804901	7356973.205289211	2683904.225221695	32.11366337701385	16.590033778510733	1.810111380410969e-06	2.2550080468668173e-06	182088.5234900279	4.2311723710071405	1.7545887507012858	4.800698393216914	15.179558080433333	18.91045268799303	3594733.596771536	-1038656.7726704415	2077323.545340883
KY9_US-Vir18-VA4	dadi_objects_duos/probs.KY9.US-Vir18-VA4.delim	3877401	3564849.4313757885	1204110.7329136871	22788.039883028265	3.152726867158664	1.3463677915631918	8.843927149938354e-07	1.1181428374990674e-06	956632.3521363105	0.1618284475274356	0.05466131860815851	0.007758573685367861	38.96381526646192	49.26217756343108	3594733.596771536	-348700.1565421986	697410.3130843972
KY9_US-Vir18-VA4	dadi_objects_duos/probs.KY9.US-Vir18-VA4.delim	3877401	22289278.728992935	25331701.00911676	3025158.570092546	0.9140261118549204	92.87894041609756	4.100743334803358e-08	3.666510211164693e-06	200638.9978020199	4.824356644990707	5.482867417027982	4.910805985750868	0.3789214517562605	33.87969591518706	3594733.596771536	-1310001.9950043717	2620013.9900087435
KY9_US-Vir18-VA4	dadi_objects_duos/probs.KY9.US-Vir18-VA4.delim	3877401	3956024.971417567	10759665.12256108	4235443.103270501	1.5670716278820214	1.6784763470940782	3.961227846649539e-07	1.559970805759201e-07	2692705.757856302	0.06380120275562685	0.1735276144683129	0.5123065816686464	49.12357636530029	19.345351484683462	3594733.596771536	-212307.34725715558	424624.69451431115
KY9_US-Vir18-VA4	dadi_objects_duos/probs.KY9.US-Vir18-VA4.delim	3877401	47477646.55282652	30097174.513558596	510520.17550910515	84.87775197493065	83.14976988473333	1.7877413506688984e-06	2.76271016228699e-06	301686.0082444282	6.8342797973287555	4.332407494247328	0.5511600406430133	24.838828520923574	38.38501802757083	3594733.596771536	-2448431.898706369	4896873.797412738
KY9_US-Vir18-VA4	dadi_objects_duos/probs.KY9.US-Vir18-VA4.delim	3877401	2048183.6066118109	85193136.7709828	6119420.583236524	4.441230039755699	96.84363628147058	2.168374956922228e-06	1.1367539681254699e-06	461601.0719190427	0.19269072810462284	8.0148710793918	4.31780949104616	46.09697709320295	24.165987280938136	3594733.596771536	-805052.4960755067	1610114.9921510133
KY9_US-Vir18-VA4	dadi_objects_duos/probs.KY9.US-Vir18-VA4.delim	3877401	14683190.93252191	9530008.12484823	4335237.5468138335	0.5902170234460049	3.0260745955828834	4.0196781895597964e-08	3.175311663893335e-07	289924.0080854105	2.1993533385051975	1.4274727667636924	4.8702213668404495	0.5367186919107314	4.239765081394127	3594733.596771536	-393815.4449247761	787640.8898495522
KY9_US-Vir18-VA4	dadi_objects_duos/probs.KY9.US-Vir18-VA4.delim	3877401	11815892.87315476	15858372.335008606	2247697.7661745865	18.721982378792898	39.031669070049205	1.584474620731244e-06	2.4612657746648893e-06	162032.68270776977	3.1668147787121823	4.250252470630021	4.518094119829388	11.823856895354256	18.366753193964257	3594733.596771536	-1187822.554886175	2375655.10977235
KY9_US-Vir18-VA4	dadi_objects_duos/probs.KY9.US-Vir18-VA4.delim	3877401	29944398.427384697	3588908.022847836	3368523.730618706	18.357928192211414	4.324557934398856	6.13067189735986e-07	1.2049787586830587e-06	224121.72985635677	5.802168907891835	0.6954038697403868	4.895258471826698	6.327953730282423	12.437543483942163	3594733.596771536	-736486.6082495062	1472983.2164990124
KY9_US-Vir18-VA4	dadi_objects_duos/probs.KY9.US-Vir18-VA4.delim	3877401	823117.9881181589	1903103.432375094	19149.44346082735	0.8961291594705694	1.3546230984516654	1.088700735989662e-06	7.117968868150697e-07	974623.4538400036	0.03667616983147035	0.08479773944950343	0.006399400349365956	48.86710709369858	31.94950967433125	3594733.596771536	-88767.66929485573	177545.33858971146
KY9_US-Vir18-VA4	dadi_objects_duos/probs.KY9.US-Vir18-VA4.delim	3877401	31054934.435662556	41457437.22259442	747279.7817962485	65.06515026953073	199.26426259497327	2.095163021655324e-06	4.806478063877371e-06	203452.37153869445	6.628673083342056	8.84908640818683	1.1963009786513445	19.631425309852833	45.03612088376078	3594733.596771536	-2365790.099236899	4731590.198473798
KY9_US-Vir18-VA4	dadi_objects_duos/probs.KY9.US-Vir18-VA4.delim	3877401	13377377.88507383	44882450.84237442	2641163.581679448	11.63086847101625	133.255642575183	8.6944306806147e-07	2.9689921132687715e-06	229842.91203464323	2.5275433939369205	8.480162787127245	3.74269267494853	9.203298743686391	31.427614285297206	3594733.596771536	-1231577.2716928925	2463164.543385785
KY9_US-Vir18-VA4	dadi_objects_duos/probs.KY9.US-Vir18-VA4.delim	3877401	21193676.190689355	25668422.506296236	777631.0064150669	87.98501010201478	115.61472424100916	4.15147468095543e-06	4.504161648915117e-06	223181.0416256658	4.123896292252334	4.994598928909952	1.1348442224811697	42.67081607620172	46.295899184938776	3594733.596771536	-2004838.26074432	4009686.52148864
KY9_US-Vir18-VA4	dadi_objects_duos/probs.KY9.US-Vir18-VA4.delim	3877401	14054108.789387668	80358504.34819016	6458501.611620048	4.546711825007576	201.86617268561315	3.2351477373227837e-07	2.5120698092007186e-06	430413.5506593196	1.4179996247208921	8.10783029478958	4.887264219776206	6.412853354460534	49.79536209960896	3594733.596771536	-1157160.7641914058	2314331.5283828117
KY9_US-Vir18-VA4	dadi_objects_duos/probs.KY9.US-Vir18-VA4.delim	3877401	19443046.257338945	22584244.97112129	1518362.8349814839	58.55617331877895	224.73491126695262	3.011676902053166e-06	9.950959686911097e-06	100088.17318982036	8.436072190194613	9.798995405131258	4.9409764589460545	13.882331018181606	45.86896961892029	3594733.596771536	-1492197.3277526998	2984404.6555053997
KY9_US-Vir18-VA4	dadi_objects_duos/probs.KY9.US-Vir18-VA4.delim	3877401	1353415.763328574	184394267.00168025	25614.134971302832	1.5858650148036878e-05	1.3852749247861877	1.1717500695450974e-11	7.512570468221578e-09	825219.4393008597	0.07122304238522281	9.703685334618337	0.010109512791284058	0.0004453235811596611	0.2855152196339584	3594733.596771536	-326301.16409584106	652612.3281916821
KY9_US-Vir18-VA4	dadi_objects_duos/probs.KY9.US-Vir18-VA4.delim	3877401	6704076.855557904	18542389.982527148	2018636.9699020819	45.28534882481479	98.44983973334395	6.754897027660374e-06	5.30944715466103e-06	136991.16785121188	2.125226178953081	5.878031153320464	4.79938552186215	42.61696874741403	33.49755629577779	3594733.596771536	-1152290.839909345	2304591.67981869
KY9_US-Vir18-VA4	dadi_objects_duos/probs.KY9.US-Vir18-VA4.delim	3877401	72652.68721271663	248546.8594424987	854.9411795375601	0.08680974030300076	3.896060308444934e-05	1.1948593181258983e-06	1.5675355211423572e-10	899488.2012571447	0.003507639498288767	0.011999732078781784	0.00030957134021809883	49.4975269524429	0.006493578828037406	3594733.596771536	-147414.0402371399	294838.0804742798
KY9_US-Vir18-VA4	dadi_objects_duos/probs.KY9.US-Vir18-VA4.delim	3877401	12457711.75235451	13948618.195026493	2569297.3262402536	1.5290336098761461	3.274276665018699	1.2273791850956564e-07	2.3473842492772313e-07	172712.417036001	3.132372889887194	3.507247105571405	4.845189699577276	0.9762781530976736	1.867149115223377	3594733.596771536	-541605.3826440894	1083220.7652881788
KY9_US-Vir18-VA4	dadi_objects_duos/probs.KY9.US-Vir18-VA4.delim	3877401	51628991.1072035	38570556.1962475	520337.31151182664	158.07741687784016	73.52473230763329	3.0617955820520484e-06	1.90623987721459e-06	255915.27044276003	8.76105038866673	6.545132475135239	0.6622298459974237	36.08640742035423	22.46699592008306	3594733.596771536	-2744522.150702797	5489054.301405594
KY9_US-Vir18-VA4	dadi_objects_duos/probs.KY9.US-Vir18-VA4.delim	3877401	16659047.80905703	35795674.39432391	3868231.370980963	3.546032825558853	81.71248901577715	2.1285927420359403e-07	2.2827475776998977e-06	256671.46403147426	2.8185862399211046	6.056360270584309	4.908568287439871	2.516178341705174	26.98402517850664	3594733.596771536	-1175484.2538867749	2350978.5077735498
KY9_US-Vir18-VA4	dadi_objects_duos/probs.KY9.US-Vir18-VA4.delim	3877401	10201950.045809563	8220045.495880544	22032590.48500227	1.641989764310385	1.6327738374111491	1.6094861834623762e-07	1.9863318739895172e-07	1444685.6693342205	0.30666807601918017	0.2470925191451256	4.967206097055083	10.70857968409916	13.21589049365082	3594733.596771536	-298929.432979311	597868.865958622
KY9_US-Vir18-VA4	dadi_objects_duos/probs.KY9.US-Vir18-VA4.delim	3877401	6985182.161009963	14280294.634207418	2518135.4580015023	34.317666756503954	40.0830939812281	4.912923666910082e-06	2.8068814410321712e-06	170502.20490624983	1.7791250610814904	3.6371893356139084	4.810265759637056	38.57813877979214	22.040696968260857	3594733.596771536	-1088810.0089454078	2177630.0178908156
KY9_US-Vir18-VA4	dadi_objects_duos/probs.KY9.US-Vir18-VA4.delim	3877401	28503837.250071563	9318286.513891283	2845561.371850087	107.58133718033795	19.036484663019742	3.7742755909142672e-06	2.042916864022265e-06	201247.05284081172	6.150813249526204	2.0107833078642754	4.605305127771634	34.98117494906057	18.93439694726636	3594733.596771536	-1124598.5922694036	2249207.1845388073
KY9_US-Vir18-VA4	dadi_objects_duos/probs.KY9.US-Vir18-VA4.delim	3877401	11678357.02302122	8719366.260550324	2589863.3306552493	61.5059552032297	45.0459251289486	5.266661661566326e-06	5.166192562956465e-06	192469.34918914386	2.6349896332589884	1.9673520564448794	4.382634479213492	46.68402063286933	45.79345621581247	3594733.596771536	-1065788.4970055653	2131586.9940111306
KY9_US-Vir18-VA4	dadi_objects_duos/probs.KY9.US-Vir18-VA4.delim	3877401	13462215.309884233	14009952.385977006	1644458.859689071	64.86495661795941	92.89087212867082	4.8182973697006785e-06	6.63034888124589e-06	108833.74463061521	5.371699389353375	5.59025769119642	4.921295273879918	24.150627917310768	33.23312707926007	3594733.596771536	-1326557.912646959	2653125.825293918
KY9_US-Vir18-VA4	dadi_objects_duos/probs.KY9.US-Vir18-VA4.delim	3877401	37013909.23495752	19568331.976423398	2060982.9741440485	35.442220754019196	2.0421546249211104	9.575378955256647e-07	1.0436017885334165e-07	226022.397546318	7.111680199320851	3.759768204084619	2.9699074034165367	9.967326921535037	1.0863194293214724	3594733.596771536	-1303337.6172081565	2606685.234416313
KY9_US-Vir18-VA4	dadi_objects_duos/probs.KY9.US-Vir18-VA4.delim	3877401	20072388.88436351	12115697.09194127	1747543.9778554225	177.28889545760754	49.78397430307101	8.83247611826196e-06	4.109047455155075e-06	122215.21668458924	7.132347933849864	4.30508633619462	4.657177751127295	49.71403445314295	23.12797951786323	3594733.596771536	-1286657.2566977472	2573324.5133954943
KY9_US-Vir18-VA4	dadi_objects_duos/probs.KY9.US-Vir18-VA4.delim	3877401	7709403.699294058	57677394.05063638	2838376.335757052	2.731395637792879	38.4573006289109	3.542940212150247e-07	6.667655718832981e-07	348456.4553744673	0.9607956187992959	7.188128896750654	2.65302562744936	5.685695447292522	10.700225658528542	3594733.596771536	-1033735.0302307756	2067480.0604615512
KY9_US-Vir18-VA4	dadi_objects_duos/probs.KY9.US-Vir18-VA4.delim	3877401	16248607.972546825	10544355.983834198	1534179.0806711407	69.7240372170937	60.95615124576873	4.291077570146156e-06	5.780926909070791e-06	187455.02076597617	3.7642444981837344	2.4427651935538277	2.6656244420988204	37.045434881148594	49.907499424525035	3594733.596771536	-1296255.8283284479	2592521.6566568958
KY9_US-Vir18-VA4	dadi_objects_duos/probs.KY9.US-Vir18-VA4.delim	3877401	4310525.207855185	14589871.741937503	6833793.905617624	4.052502095262604	4.776488041576565	9.401411428652873e-07	3.273838266752479e-07	446363.9562323466	0.41937236777905235	1.419453259862383	4.986464612122726	19.326509835276877	6.73003920120575	3594733.596771536	-452194.96551861416	904399.9310372283
KY9_US-Vir18-VA4	dadi_objects_duos/probs.KY9.US-Vir18-VA4.delim	3877401	1846472.6269828398	2581191.734034029	40435.10059109838	0.35227608916055064	2.787281314911315	1.9078327185178713e-07	1.0798428021289212e-06	997809.4083865024	0.08036260752985566	0.11233922195772253	0.013198692642152184	8.767164231938988	49.622585350649366	3594733.596771536	-92549.72942981495	185109.4588596299
KY9_US-Vir18-VA4	dadi_objects_duos/probs.KY9.US-Vir18-VA4.delim	3877401	3171607.809214472	26309855.06880861	1898959.7091241297	17.06265621911112	41.121044194416285	5.37981277809286e-06	1.5629521366374585e-06	132625.17307301707	1.0385137607624308	8.614919679930475	4.663476245528808	32.85975952130759	9.54647187023992	3594733.596771536	-1228323.499760284	2456656.999520568
KY9_US-Vir18-VA4	dadi_objects_duos/probs.KY9.US-Vir18-VA4.delim	3877401	21081643.75317795	10898934.57342042	2567559.6746074725	11.073154445339233	68.27003662011145	5.252509991622457e-07	6.263918382132852e-06	167548.15497119297	5.46416192851437	2.8249003756396123	4.991152950153361	4.053011089424237	48.33447381637576	3594733.596771536	-1265919.6500108181	2531849.3000216363
KY9_US-Vir18-VA4	dadi_objects_duos/probs.KY9.US-Vir18-VA4.delim	3877401	8794670.238176702	13084097.729706526	2104584.358795785	57.572935340148945	75.53359727767094	6.546343840185289e-06	5.772931297064314e-06	139980.29915986612	2.728420998279162	4.059154695113281	4.896879343883031	42.20238399899478	37.216417185875684	3594733.596771536	-1131490.6484263646	2262991.2968527293
KY9_US-Vir18-VA4	dadi_objects_duos/probs.KY9.US-Vir18-VA4.delim	3877401	3703654.476329423	19279543.747777108	3671172.56727216	1.2864272327197812	0.2807672918315656	3.473399694657044e-07	1.4562963496682204e-08	266663.6956306186	0.6031499698734514	3.1397249135859595	4.483951311040414	4.265696085468396	0.17884833834751096	3594733.596771536	-430161.57832110644	860333.1566422129
KY9_US-Vir18-VA4	dadi_objects_duos/probs.KY9.US-Vir18-VA4.delim	3877401	24066622.55422064	711564.4872457979	3697915.180551191	5.5955204918819685	3.1133821086735227	2.3250127762113693e-07	4.375404006914777e-06	244004.1302736227	4.2832824101854445	0.12664143649845222	4.936052271013667	2.61272545493432	49.16845851968164	3594733.596771536	-524392.2124966384	1048794.4249932768
KY9_US-Vir18-VA4	dadi_objects_duos/probs.KY9.US-Vir18-VA4.delim	3877401	37203044.79792837	15590464.924613578	2067849.3866034148	143.4792488459665	13.331740755623349	3.856653390207354e-06	8.551214360885255e-07	279385.80519611435	5.7827296473215055	2.423335085200049	2.410652156530415	49.6233639116864	11.002804223851527	3594733.596771536	-1297285.8933545717	2594581.7867091433
KY9_US-Vir18-VA4	dadi_objects_duos/probs.KY9.US-Vir18-VA4.delim	3877401	12733768.815462483	20832527.86837012	3267576.89616626	28.10796811147966	1.1411623757657507	2.2073565586763634e-06	5.4777911877817265e-08	217161.37253464866	2.546438100205005	4.165989147155216	4.900757588913641	22.076301881610068	0.547847022858907	3594733.596771536	-1106129.0460455313	2212268.0920910626
KY9_US-Vir18-VA4	dadi_objects_duos/probs.KY9.US-Vir18-VA4.delim	3877401	1613711.003672694	2760937.5628374647	31943.277882238617	0.09953782443925308	3.0699858537270392	6.168255915260658e-08	1.1119359941526385e-06	971078.3716762236	0.07216559881132066	0.12346988528266015	0.01071384059410914	2.7585948451560145	49.72849608953482	3594733.596771536	-96422.71746198152	192855.43492396304
KY9_US-Vir18-VA4	dadi_objects_duos/probs.KY9.US-Vir18-VA4.delim	3877401	3714955.364855027	2798370.9050314706	77451.74843231417	0.3206459903573497	2.9756592028322717	8.631220536073995e-08	1.0633541098794433e-06	1014896.1441071491	0.1589610556500282	0.11974087155189456	0.024855906467191793	4.034271023756791	49.70164596710237	3594733.596771536	-129896.08596739107	259802.17193478215
KY9_US-Vir18-VA4	dadi_objects_duos/probs.KY9.US-Vir18-VA4.delim	3877401	27119338.09090527	14152951.740495553	1753956.8282533882	221.68562691120823	38.93631823414441	8.174448291035268e-06	2.7511093761972434e-06	125190.80765164045	9.407308466024794	4.909455469794609	4.563167813819982	47.130510860113205	15.86176653345767	3594733.596771536	-1368695.860653176	2737401.721306352
KY9_US-Vir18-VA4	dadi_objects_duos/probs.KY9.US-Vir18-VA4.delim	3877401	6756164.710530788	14074455.69447666	4000703.8229762893	1.7966946783234512	2.1698722953590472	2.65934114294602e-07	1.5417095640938964e-07	262085.7552663486	1.1194779720680683	2.3320987267015223	4.971792174865017	3.2098794673097966	1.860875159799152	3594733.596771536	-311626.4931253576	623262.9862507152
KY9_US-Vir18-VA4	dadi_objects_duos/probs.KY9.US-Vir18-VA4.delim	3877401	4387870.601404841	14527990.033983417	13956914.167175213	1.0582826507337386	1.807139792666247	2.411836507655704e-07	1.243902142305331e-07	915023.210967566	0.20824780937020504	0.689496654290713	4.967950720721164	10.163685792751027	5.241910258506638	3594733.596771536	-281314.60925802455	562639.2185160491
KY9_US-Vir18-VA4	dadi_objects_duos/probs.KY9.US-Vir18-VA4.delim	3877401	2416543.65472647	2875761.969132214	54565.827094311935	0.05296928189493142	3.047808549657339	2.1919439274903994e-08	1.0598264329147665e-06	1010654.8678186972	0.10383661298773127	0.12356879299472762	0.017584816984277718	1.0202428675363278	49.32974541213463	3594733.596771536	-100579.03612877501	201168.07225755003
KY9_US-Vir18-VA4	dadi_objects_duos/probs.KY9.US-Vir18-VA4.delim	3877401	12701599.078548769	15827298.858801456	1487938.5167897877	65.82704524457941	66.7604211365385	5.1825793616610145e-06	4.218055255803392e-06	105554.78156952531	5.225636897243197	6.511598767113493	4.591208935963627	25.193884128959166	20.505078253196036	3594733.596771536	-1479380.5584488674	2958771.116897735
KY9_US-Vir18-VA4	dadi_objects_duos/probs.KY9.US-Vir18-VA4.delim	3877401	9103288.85955732	28248272.54657845	6186406.193104883	5.375396837885603	40.603781677103385	5.904895385410193e-07	1.4373899009276406e-06	571150.7652066585	0.6921596869840962	2.1478298431839478	3.5278300179237134	15.53224476654363	37.80912329340973	3594733.596771536	-970876.4273721316	1941762.8547442632
KY9_US-Vir18-VA4	dadi_objects_duos/probs.KY9.US-Vir18-VA4.delim	3877401	1005955.1769042135	42577710.477998465	4781038.621240772	1.829522943122617	21.185121732934167	1.8186923086900353e-06	4.975636664137056e-07	346298.9466698785	0.12614969360891748	5.339368248889823	4.496670484626084	29.005586787937922	7.935441327666074	3594733.596771536	-521081.88296728715	1042173.7659345743
KY9_US-Vir18-VA4	dadi_objects_duos/probs.KY9.US-Vir18-VA4.delim	3877401	13710845.09998755	13776139.29187698	1348178.1843210335	132.99254272113936	105.38562570736028	9.699806375995023e-06	7.64986644476659e-06	89614.85663147802	6.64420388313232	6.675845107297134	4.899900524485019	40.03264952743798	31.572220149975294	3594733.596771536	-1510104.7508210768	3020219.5016421536
KY9_US-Vir18-VA4	dadi_objects_duos/probs.KY9.US-Vir18-VA4.delim	3877401	18139550.864866957	2130946.776217758	8166152.736458842	2.315866008028359	2.056532311943182	1.276694238617437e-07	9.65079153968052e-07	533646.8433912945	1.4761528369949202	0.17341130178098788	4.984063145913034	3.1377049177954848	23.718549954033644	3594733.596771536	-446287.7022511405	892585.404502281
KY9_US-Vir18-VA4	dadi_objects_duos/probs.KY9.US-Vir18-VA4.delim	3877401	15169349.989176381	4595698.553413095	11904513.935834054	1.0001831695300982	1.8397793509864027	6.593447776231334e-08	4.0032637685081645e-07	1313331.2107138839	0.5015929768368215	0.15196235301419844	2.9522789153309112	3.988027008821052	24.213620209138313	3594733.596771536	-350567.4409234719	701144.8818469438
