Pair_name	fs_name	L	theta	nuB	nuF	T	fs_sanitycheck	-2LL_model	AIC
KY10_US-Vir18-VA3	dadi_objects_duos/probs.KY10.US-Vir18-VA3.delim	4362874	1816746.7980085907	4.01548219492203	0.3812002936402106	3.54877834654699	3975146.0152304773	-887931.064178841	1775868.128357682
KY10_US-Vir18-VA3	dadi_objects_duos/probs.KY10.US-Vir18-VA3.delim	4362874	205372.85017096976	8.323449533299272	5.820362686522625	4.67033510201	3975146.0152304773	-1155753.5988638091	2311513.1977276183
KY10_US-Vir18-VA3	dadi_objects_duos/probs.KY10.US-Vir18-VA3.delim	4362874	176107.15289135533	5.544601141518788	8.551608594802198	4.995770880591097	3975146.0152304773	-1368894.1517430064	2737794.303486013
KY10_US-Vir18-VA3	dadi_objects_duos/probs.KY10.US-Vir18-VA3.delim	4362874	401094.6629671733	7.751961811813904	1.879355643069715	4.663140873670838	3975146.0152304773	-882954.0000211638	1765914.0000423277
KY10_US-Vir18-VA3	dadi_objects_duos/probs.KY10.US-Vir18-VA3.delim	4362874	1138366.2611362487	0.0007717009328055143	7.198700237448872e-05	1.0384793546371765e-05	3975146.0152304773	-775107.6199399554	1550221.2398799108
KY10_US-Vir18-VA3	dadi_objects_duos/probs.KY10.US-Vir18-VA3.delim	4362874	1150944.1717919954	9.742734865255434	0.150951222356956	0.10072750612403479	3975146.0152304773	-784811.7156227475	1569629.431245495
KY10_US-Vir18-VA3	dadi_objects_duos/probs.KY10.US-Vir18-VA3.delim	4362874	934114.5395848741	8.723479553406376	0.4691705805512682	0.49928973020836465	3975146.0152304773	-798366.0307034679	1596738.0614069358
KY10_US-Vir18-VA3	dadi_objects_duos/probs.KY10.US-Vir18-VA3.delim	4362874	680232.4984293934	9.878543411577567	0.8887766422318977	1.1160483677413522	3975146.0152304773	-831363.7803676699	1662733.5607353398
KY10_US-Vir18-VA3	dadi_objects_duos/probs.KY10.US-Vir18-VA3.delim	4362874	1124934.2981809054	9.96149101392375	0.08340157811108499	0.03503380711963354	3975146.0152304773	-780066.2161339887	1560138.4322679774
KY10_US-Vir18-VA3	dadi_objects_duos/probs.KY10.US-Vir18-VA3.delim	4362874	588656.8241008979	5.879553035842831	1.1918329662863578	4.401475095469516	3975146.0152304773	-881826.1049948327	1763658.2099896653
KY10_US-Vir18-VA3	dadi_objects_duos/probs.KY10.US-Vir18-VA3.delim	4362874	274082.00876716455	9.434928243435303	3.429559556784221	4.235737658622836	3975146.0152304773	-964170.8514249725	1928347.702849945
KY10_US-Vir18-VA3	dadi_objects_duos/probs.KY10.US-Vir18-VA3.delim	4362874	428807.61265850835	9.959686529479889	1.8084524680134162	2.4717413590530235	3975146.0152304773	-887755.9698787325	1775517.939757465
KY10_US-Vir18-VA3	dadi_objects_duos/probs.KY10.US-Vir18-VA3.delim	4362874	575288.583133814	7.248114995548521	1.1795858665597199	2.5965945823446885	3975146.0152304773	-865149.7917399583	1730305.5834799167
KY10_US-Vir18-VA3	dadi_objects_duos/probs.KY10.US-Vir18-VA3.delim	4362874	734907.7075421399	9.179643630655152	0.7792957463372581	2.5787761718811804	3975146.0152304773	-873963.4002108112	1747932.8004216223
KY10_US-Vir18-VA3	dadi_objects_duos/probs.KY10.US-Vir18-VA3.delim	4362874	331705.67014132335	9.340022736647672	2.6331463874481824	3.4423947474366456	3975146.0152304773	-929809.585361476	1859625.170722952
KY10_US-Vir18-VA3	dadi_objects_duos/probs.KY10.US-Vir18-VA3.delim	4362874	1077987.3397136328	9.953995571693861	0.3014253449152219	0.3457056820947711	3975146.0152304773	-796851.890509746	1593709.781019492
KY10_US-Vir18-VA3	dadi_objects_duos/probs.KY10.US-Vir18-VA3.delim	4362874	676115.460659343	4.27210278252308	4.169204095220188	0.14418115637881024	3975146.0152304773	-1545381.477829697	3090768.955659394
KY10_US-Vir18-VA3	dadi_objects_duos/probs.KY10.US-Vir18-VA3.delim	4362874	236601.08729801318	8.188413902101747	4.700347573228553	4.1848344647019236	3975146.0152304773	-1089967.0376943387	2179940.0753886774
KY10_US-Vir18-VA3	dadi_objects_duos/probs.KY10.US-Vir18-VA3.delim	4362874	195812.3007348915	6.183817641465498	6.833872151585491	4.8024898145318256	3975146.0152304773	-1241590.5254892972	2483187.0509785945
KY10_US-Vir18-VA3	dadi_objects_duos/probs.KY10.US-Vir18-VA3.delim	4362874	1138785.2136613154	0.0009301692027697805	0.0001852499595229697	2.0638149282120693e-05	3975146.0152304773	-775117.3911154247	1550240.7822308494
KY10_US-Vir18-VA3	dadi_objects_duos/probs.KY10.US-Vir18-VA3.delim	4362874	189955.6270484445	9.57026816521858	6.374392345214349	4.890592850125937	3975146.0152304773	-1185220.598818309	2370447.197636618
KY10_US-Vir18-VA3	dadi_objects_duos/probs.KY10.US-Vir18-VA3.delim	4362874	1037646.2911535878	3.931777242929115	0.7073949427261884	4.958055024730251	3975146.0152304773	-889509.7182308538	1779025.4364617076
KY10_US-Vir18-VA3	dadi_objects_duos/probs.KY10.US-Vir18-VA3.delim	4362874	511699.5041520323	9.429189929789702	1.425343679856795	1.8450998026240462	3975146.0152304773	-871756.0808584148	1743518.1617168295
KY10_US-Vir18-VA3	dadi_objects_duos/probs.KY10.US-Vir18-VA3.delim	4362874	1140706.5114954892	0.0003228450947965521	0.00013267058065358366	1.1195815930575178e-05	3975146.0152304773	-775133.9719038382	1550273.9438076764
KY10_US-Vir18-VA3	dadi_objects_duos/probs.KY10.US-Vir18-VA3.delim	4362874	1139560.2643613112	0.00023428090356005668	0.0002368710138630608	1.3081623538352067e-05	3975146.0152304773	-775122.9512536693	1550251.9025073387
KY10_US-Vir18-VA3	dadi_objects_duos/probs.KY10.US-Vir18-VA3.delim	4362874	2670920.1084948517	3.2950155126054543	0.24842836822928396	2.446983606665971	3975146.0152304773	-888491.5298909319	1776989.0597818638
KY10_US-Vir18-VA3	dadi_objects_duos/probs.KY10.US-Vir18-VA3.delim	4362874	1098950.1997949637	9.975806200095523	0.16416676134354208	0.08511603634811975	3975146.0152304773	-782268.7828629344	1564543.5657258688
KY10_US-Vir18-VA3	dadi_objects_duos/probs.KY10.US-Vir18-VA3.delim	4362874	247872.13932672463	9.257880864086964	3.883489689755372	4.935421846210782	3975146.0152304773	-971596.4072762927	1943198.8145525854
KY10_US-Vir18-VA3	dadi_objects_duos/probs.KY10.US-Vir18-VA3.delim	4362874	814961.1104560064	7.183229689259233	0.7441289013647371	3.3238995522829295	3975146.0152304773	-883108.2172045266	1766222.4344090533
KY10_US-Vir18-VA3	dadi_objects_duos/probs.KY10.US-Vir18-VA3.delim	4362874	319349.3283389818	8.98147895566936	2.6994311961692876	4.025897685484506	3975146.0152304773	-918072.2700032436	1836150.5400064872
KY10_US-Vir18-VA3	dadi_objects_duos/probs.KY10.US-Vir18-VA3.delim	4362874	279734.2467130327	8.759170868432907	3.506637025130888	3.8259441849278413	3975146.0152304773	-995006.4963650602	1990018.9927301204
KY10_US-Vir18-VA3	dadi_objects_duos/probs.KY10.US-Vir18-VA3.delim	4362874	1137387.254872573	0.004069631375853342	0.00022031360109305806	3.726391801538799e-05	3975146.0152304773	-775118.3977393878	1550242.7954787756
KY10_US-Vir18-VA3	dadi_objects_duos/probs.KY10.US-Vir18-VA3.delim	4362874	1077751.980188648	9.879487561354725	0.24009955110818348	0.17046642136341755	3975146.0152304773	-782633.017672659	1565272.035345318
KY10_US-Vir18-VA3	dadi_objects_duos/probs.KY10.US-Vir18-VA3.delim	4362874	555133.5289122707	9.950601938108523	1.2139068809764604	1.8335321947498655	3975146.0152304773	-850673.5725263988	1701353.1450527976
KY10_US-Vir18-VA3	dadi_objects_duos/probs.KY10.US-Vir18-VA3.delim	4362874	1136648.9148179535	0.004904248483733057	5.049028491733515e-05	1.2744342795753202e-05	3975146.0152304773	-775106.1383041713	1550218.2766083425
KY10_US-Vir18-VA3	dadi_objects_duos/probs.KY10.US-Vir18-VA3.delim	4362874	1083102.671145071	9.740929853246183	0.23771801562159797	0.17147286624258398	3975146.0152304773	-782833.1234344696	1565672.2468689391
KY10_US-Vir18-VA3	dadi_objects_duos/probs.KY10.US-Vir18-VA3.delim	4362874	715854.3697729955	4.081937218070214	0.985110234713689	2.678877595850501	3975146.0152304773	-878771.2244313082	1757548.4488626164
KY10_US-Vir18-VA3	dadi_objects_duos/probs.KY10.US-Vir18-VA3.delim	4362874	2166781.222342324	3.2878194093607216	0.3630712764574223	4.786131749985137	3975146.0152304773	-897158.8082518604	1794323.6165037209
KY10_US-Vir18-VA3	dadi_objects_duos/probs.KY10.US-Vir18-VA3.delim	4362874	1137687.4928604506	0.0020431635674686512	0.0001423527947737943	2.2393874612267362e-05	3975146.0152304773	-775112.0149692629	1550230.0299385258
KY10_US-Vir18-VA3	dadi_objects_duos/probs.KY10.US-Vir18-VA3.delim	4362874	520641.5515173892	9.051922711671326	1.2991337074426763	2.796299469998833	3975146.0152304773	-861774.3779290017	1723554.7558580034
KY10_US-Vir18-VA3	dadi_objects_duos/probs.KY10.US-Vir18-VA3.delim	4362874	1131818.2168764975	9.932346041719807	0.0913567388897977	0.04131659556124536	3975146.0152304773	-780183.7517173276	1560373.5034346553
KY10_US-Vir18-VA3	dadi_objects_duos/probs.KY10.US-Vir18-VA3.delim	4362874	334694.460593468	8.913889362176072	2.3749963120791016	4.901245183103972	3975146.0152304773	-891019.4801804046	1782044.9603608092
KY10_US-Vir18-VA3	dadi_objects_duos/probs.KY10.US-Vir18-VA3.delim	4362874	1141066.9775462039	0.0001740762440663617	0.0002086140523226675	1.0659622306769708e-05	3975146.0152304773	-775142.1726634135	1550290.345326827
KY10_US-Vir18-VA3	dadi_objects_duos/probs.KY10.US-Vir18-VA3.delim	4362874	438181.502368655	8.3981581151231	1.7087781718747097	3.205005213477858	3975146.0152304773	-876190.6089586751	1752387.2179173501
KY10_US-Vir18-VA3	dadi_objects_duos/probs.KY10.US-Vir18-VA3.delim	4362874	1138105.9323676866	0.004040212641015322	8.734624137664994e-05	1.884935956018291e-05	3975146.0152304773	-775106.6849905039	1550219.3699810079
KY10_US-Vir18-VA3	dadi_objects_duos/probs.KY10.US-Vir18-VA3.delim	4362874	193758.2424252345	9.018930280494084	6.258314802319593	4.847456172404983	3975146.0152304773	-1178958.6253045527	2357923.2506091055
KY10_US-Vir18-VA3	dadi_objects_duos/probs.KY10.US-Vir18-VA3.delim	4362874	627791.9532480441	7.824735957193777	1.0129129093301814	3.2903232087960914	3975146.0152304773	-873795.6112866863	1747597.2225733725
KY10_US-Vir18-VA3	dadi_objects_duos/probs.KY10.US-Vir18-VA3.delim	4362874	552157.0643327206	8.283557641409882	1.2072116667164046	2.8632918790998847	3975146.0152304773	-864730.4163137855	1729466.832627571
KY10_US-Vir18-VA3	dadi_objects_duos/probs.KY10.US-Vir18-VA3.delim	4362874	1046285.593124997	9.772128710999343	0.2973360720376026	0.24758444212818184	3975146.0152304773	-784766.6769765639	1569539.3539531277
KY10_US-Vir18-VA3	dadi_objects_duos/probs.KY10.US-Vir18-VA3.delim	4362874	321503.05274954165	9.78483959478527	2.72020271896668	3.564694549962797	3975146.0152304773	-930879.8955797909	1861765.7911595819
KY10_US-Vir18-VA3	dadi_objects_duos/probs.KY10.US-Vir18-VA3.delim	4362874	1142175.8198058752	0.0002212191845521383	0.00018625701870677818	1.142866358692958e-05	3975146.0152304773	-775165.6367178757	1550337.2734357514
KY10_US-Vir18-VA3	dadi_objects_duos/probs.KY10.US-Vir18-VA3.delim	4362874	1141520.6536151299	0.0002940415890726058	0.00019134274055993943	1.3219756983950373e-05	3975146.0152304773	-775151.7164753504	1550309.4329507009
KY10_US-Vir18-VA3	dadi_objects_duos/probs.KY10.US-Vir18-VA3.delim	4362874	781675.7763110962	4.075353196932024	0.9190033845562054	4.20397631579466	3975146.0152304773	-886159.0192262824	1772324.0384525647
KY10_US-Vir18-VA3	dadi_objects_duos/probs.KY10.US-Vir18-VA3.delim	4362874	1076908.0554150848	9.78913983474258	0.2497961681908788	0.1875971140497873	3975146.0152304773	-783136.5455806833	1566279.0911613666
KY10_US-Vir18-VA3	dadi_objects_duos/probs.KY10.US-Vir18-VA3.delim	4362874	294852.14727360563	8.536722371148004	3.0201838512264554	4.520343853125947	3975146.0152304773	-929315.8892344874	1858637.7784689749
KY10_US-Vir18-VA3	dadi_objects_duos/probs.KY10.US-Vir18-VA3.delim	4362874	1121370.0180344232	9.720001541678068	0.13746955218837645	0.07130320777306608	3975146.0152304773	-781340.2294175859	1562686.4588351718
KY10_US-Vir18-VA3	dadi_objects_duos/probs.KY10.US-Vir18-VA3.delim	4362874	1292022.8686587082	3.747937385685054	0.4845292482850089	2.5221218810930206	3975146.0152304773	-886253.74862599	1772513.49725198
KY10_US-Vir18-VA3	dadi_objects_duos/probs.KY10.US-Vir18-VA3.delim	4362874	1136826.215902977	0.001013172385263715	9.457966398799634e-05	1.3519557257049506e-05	3975146.0152304773	-775111.3619706884	1550228.723941377
KY10_US-Vir18-VA3	dadi_objects_duos/probs.KY10.US-Vir18-VA3.delim	4362874	1136445.8889314895	0.006087922501064065	3.675931069927446e-05	1.0303095290057511e-05	3975146.0152304773	-775105.3120940278	1550216.6241880555
KY10_US-Vir18-VA3	dadi_objects_duos/probs.KY10.US-Vir18-VA3.delim	4362874	329021.7134244045	9.975871813294793	2.942443151471285	2.5652519139744148	3975146.0152304773	-1034222.5196082385	2068451.039216477
KY10_US-Vir18-VA3	dadi_objects_duos/probs.KY10.US-Vir18-VA3.delim	4362874	294283.2300764217	8.559191169842814	2.999908623417645	4.654118974962356	3975146.0152304773	-924987.402124967	1849980.804249934
KY10_US-Vir18-VA3	dadi_objects_duos/probs.KY10.US-Vir18-VA3.delim	4362874	643349.3770439526	7.1355314667519725	4.496364140433905	0.154231407957285	3975146.0152304773	-1669677.02656858	3339360.05313716
KY10_US-Vir18-VA3	dadi_objects_duos/probs.KY10.US-Vir18-VA3.delim	4362874	370466.4052645346	0.15257312816485	5.464445744686614	4.829039130322589	3975146.0152304773	-1616776.9824366572	3233559.9648733144
KY10_US-Vir18-VA3	dadi_objects_duos/probs.KY10.US-Vir18-VA3.delim	4362874	1140774.6587778602	0.0004191486008518653	0.00012054196380604022	1.1791456738965079e-05	3975146.0152304773	-775134.6534550636	1550275.3069101272
KY10_US-Vir18-VA3	dadi_objects_duos/probs.KY10.US-Vir18-VA3.delim	4362874	1103423.561488523	4.323330900671269	0.4673751089591452	1.079350756043322	3975146.0152304773	-870988.1201451288	1741982.2402902576
KY10_US-Vir18-VA3	dadi_objects_duos/probs.KY10.US-Vir18-VA3.delim	4362874	497893.40062271705	7.419677940669345	1.459117235744409	2.858422909195758	3975146.0152304773	-871669.6063603958	1743345.2127207916
KY10_US-Vir18-VA3	dadi_objects_duos/probs.KY10.US-Vir18-VA3.delim	4362874	436529.80076387204	5.813470107532302	1.7975012717262036	4.245031299424098	3975146.0152304773	-890546.7281877573	1781099.4563755146
KY10_US-Vir18-VA3	dadi_objects_duos/probs.KY10.US-Vir18-VA3.delim	4362874	226794.73387464246	8.492098505518507	4.859169230781	4.522630146028523	3975146.0152304773	-1077994.197114412	2155994.394228824
KY10_US-Vir18-VA3	dadi_objects_duos/probs.KY10.US-Vir18-VA3.delim	4362874	1060974.73862683	9.778106601629544	0.24165458346736912	0.1495528282536583	3975146.0152304773	-784038.2836412643	1568082.5672825286
KY10_US-Vir18-VA3	dadi_objects_duos/probs.KY10.US-Vir18-VA3.delim	4362874	1044865.0090464224	9.292195993393582	0.3660799376819017	0.5329928193086346	3975146.0152304773	-814596.3923712259	1629198.7847424517
KY10_US-Vir18-VA3	dadi_objects_duos/probs.KY10.US-Vir18-VA3.delim	4362874	345286.1736548921	2.5459687102334794	3.098322680145383	4.978434961191781	3975146.0152304773	-1002077.5488553621	2004161.0977107242
KY10_US-Vir18-VA3	dadi_objects_duos/probs.KY10.US-Vir18-VA3.delim	4362874	182396.9258606624	9.238673328249723	7.159972837364526	4.691106510155944	3975146.0152304773	-1281043.724818026	2562093.449636052
KY10_US-Vir18-VA3	dadi_objects_duos/probs.KY10.US-Vir18-VA3.delim	4362874	1135759.7162612912	6.9440110050871136	0.3505697809164245	0.6506175907978216	3975146.0152304773	-853274.912524032	1706555.825048064
KY10_US-Vir18-VA3	dadi_objects_duos/probs.KY10.US-Vir18-VA3.delim	4362874	701295.9031530628	0.17205250485923423	2.131308654873273	3.539116856085075	3975146.0152304773	-1258633.3455727294	2517272.6911454587
KY10_US-Vir18-VA3	dadi_objects_duos/probs.KY10.US-Vir18-VA3.delim	4362874	1137682.8478974162	0.015021454785516773	3.002693316623782e-05	1.0269446184894412e-05	3975146.0152304773	-775096.3200429773	1550198.6400859547
KY10_US-Vir18-VA3	dadi_objects_duos/probs.KY10.US-Vir18-VA3.delim	4362874	697557.4761985315	3.2782428055784156	1.09076427519049	3.509253866401251	3975146.0152304773	-889687.2645941646	1779380.5291883291
KY10_US-Vir18-VA3	dadi_objects_duos/probs.KY10.US-Vir18-VA3.delim	4362874	452567.4487033021	0.3814805130706646	3.5384440407922715	4.0013226833290405	3975146.0152304773	-1328899.0943812858	2657804.1887625717
KY10_US-Vir18-VA3	dadi_objects_duos/probs.KY10.US-Vir18-VA3.delim	4362874	1137241.5453297459	0.0018746778347150017	0.00020728185852928255	2.812491557003439e-05	3975146.0152304773	-775117.7703477845	1550241.540695569
KY10_US-Vir18-VA3	dadi_objects_duos/probs.KY10.US-Vir18-VA3.delim	4362874	3014492.0970000247	5.538167497730618	0.22994203821718956	3.2362893974368867	3975146.0152304773	-888834.1815737198	1777674.3631474397
KY10_US-Vir18-VA3	dadi_objects_duos/probs.KY10.US-Vir18-VA3.delim	4362874	205704.66074915358	7.292462875287464	6.21264757485187	4.410371291332361	3975146.0152304773	-1220247.1261226288	2440500.2522452576
KY10_US-Vir18-VA3	dadi_objects_duos/probs.KY10.US-Vir18-VA3.delim	4362874	1139787.5026160385	0.0001756966766541152	0.00024463965448400725	1.1475189840806206e-05	3975146.0152304773	-775124.6155188654	1550255.2310377308
KY10_US-Vir18-VA3	dadi_objects_duos/probs.KY10.US-Vir18-VA3.delim	4362874	1140097.7572452172	3.48019197646018e-05	0.005904816960466546	1.0011141070165331e-05	3975146.0152304773	-775130.5180770876	1550267.0361541752
KY10_US-Vir18-VA3	dadi_objects_duos/probs.KY10.US-Vir18-VA3.delim	4362874	605605.7864307425	6.437164746922264	1.1199815959444102	4.000345999215355	3975146.0152304773	-879142.6809437022	1758291.3618874045
KY10_US-Vir18-VA3	dadi_objects_duos/probs.KY10.US-Vir18-VA3.delim	4362874	326168.1606310931	7.9216185322848585	2.8052279725934226	3.5226326476568564	3975146.0152304773	-948187.963748866	1896381.927497732
KY10_US-Vir18-VA3	dadi_objects_duos/probs.KY10.US-Vir18-VA3.delim	4362874	1136525.5216635743	0.0023976229833790282	5.737847200354536e-05	1.1969690191536974e-05	3975146.0152304773	-775109.1002607032	1550224.2005214065
KY10_US-Vir18-VA3	dadi_objects_duos/probs.KY10.US-Vir18-VA3.delim	4362874	1122073.6866289508	9.678706075612311	0.08613282704191096	0.035577325086632576	3975146.0152304773	-780350.2674303275	1560706.534860655
KY10_US-Vir18-VA3	dadi_objects_duos/probs.KY10.US-Vir18-VA3.delim	4362874	845158.2631791573	9.940168858300828	0.5770392501919822	0.6103874322342298	3975146.0152304773	-804911.349116036	1609828.698232072
KY10_US-Vir18-VA3	dadi_objects_duos/probs.KY10.US-Vir18-VA3.delim	4362874	308087.8002432956	3.3002229531764127	3.747225626728721	4.020786549168282	3975146.0152304773	-1061421.6580104623	2122849.3160209246
KY10_US-Vir18-VA3	dadi_objects_duos/probs.KY10.US-Vir18-VA3.delim	4362874	483272.080256729	9.886270835817713	1.3703818659813813	4.561696662858177	3975146.0152304773	-874646.6915340634	1749299.3830681269
KY10_US-Vir18-VA3	dadi_objects_duos/probs.KY10.US-Vir18-VA3.delim	4362874	226206.32829185924	8.875970644204774	4.920654365887935	4.351945719224646	3975146.0152304773	-1096127.5945250667	2192261.1890501333
KY10_US-Vir18-VA3	dadi_objects_duos/probs.KY10.US-Vir18-VA3.delim	4362874	1139494.05114974	0.25936143780112847	3.625000799541932e-05	1.786047365017162e-05	3975146.0152304773	-775094.6638084357	1550195.3276168713
KY10_US-Vir18-VA3	dadi_objects_duos/probs.KY10.US-Vir18-VA3.delim	4362874	1136656.052694561	0.027519855875441323	0.00021197178148604575	5.680207941917518e-05	3975146.0152304773	-775118.7069864221	1550243.4139728441
KY10_US-Vir18-VA3	dadi_objects_duos/probs.KY10.US-Vir18-VA3.delim	4362874	202738.86721342872	9.948522807236055	5.626420817231706	4.775420974705887	3975146.0152304773	-1125895.2352205785	2251796.470441157
KY10_US-Vir18-VA3	dadi_objects_duos/probs.KY10.US-Vir18-VA3.delim	4362874	235695.5817998678	1.7723027418297412	6.883169894035213	4.758064500020307	3975146.0152304773	-1353916.4017099703	2707838.8034199406
KY10_US-Vir18-VA3	dadi_objects_duos/probs.KY10.US-Vir18-VA3.delim	4362874	253138.54365192848	8.689401911104207	3.7875438606253455	4.978225418471233	3975146.0152304773	-966252.4946558583	1932510.9893117165
KY10_US-Vir18-VA3	dadi_objects_duos/probs.KY10.US-Vir18-VA3.delim	4362874	331504.79882037005	8.769659389003591	2.425684263930649	4.85263401368361	3975146.0152304773	-893698.2980599486	1787402.5961198972
KY10_US-Vir18-VA3	dadi_objects_duos/probs.KY10.US-Vir18-VA3.delim	4362874	1136824.031072451	0.001359303475674765	6.530355991871767e-05	1.1380029346254464e-05	3975146.0152304773	-775108.6587866878	1550223.3175733755
KY10_US-Vir18-VA3	dadi_objects_duos/probs.KY10.US-Vir18-VA3.delim	4362874	297755.63799415226	2.51515729393946	4.221782393041838	4.235952652720736	3975146.0152304773	-1117723.514484027	2235453.028968054
KY10_US-Vir18-VA3	dadi_objects_duos/probs.KY10.US-Vir18-VA3.delim	4362874	1139770.008682674	0.0008592875667528076	8.593790176593479e-05	1.222312662353318e-05	3975146.0152304773	-775118.5201170243	1550243.0402340486
KY10_US-Vir18-VA3	dadi_objects_duos/probs.KY10.US-Vir18-VA3.delim	4362874	1141454.5239147819	0.00047716516673190583	0.00012351834039152834	1.2644675292877484e-05	3975146.0152304773	-775147.4988710855	1550300.997742171
