Pair_name	fs_name	L	theta	nuB	nuF	T	fs_sanitycheck	-2LL_model	AIC
KY15_US-Vir17-VA1	dadi_objects_duos/probs.KY15.US-Vir17-VA1.delim	327523	23279.07708159213	8.248574222965331	2.737357353072552	4.521419035389032	307505.18502464663	-142213.45174903132	284432.90349806263
KY15_US-Vir17-VA1	dadi_objects_duos/probs.KY15.US-Vir17-VA1.delim	327523	995049.195256464	0.2965424202425698	0.06858236802081416	3.633620821147083	307505.18502464663	-142763.0868927103	285532.1737854206
KY15_US-Vir17-VA1	dadi_objects_duos/probs.KY15.US-Vir17-VA1.delim	327523	95258.14296262721	3.346938661787748e-05	0.0006856041693034771	1.0132759872746493e-05	307505.18502464663	-117502.59211698076	235011.1842339615
KY15_US-Vir17-VA1	dadi_objects_duos/probs.KY15.US-Vir17-VA1.delim	327523	93386.98245271381	9.98816680766033	0.10099485410001757	0.08031023254967203	307505.18502464663	-118544.52225691397	237095.04451382795
KY15_US-Vir17-VA1	dadi_objects_duos/probs.KY15.US-Vir17-VA1.delim	327523	64079.76196700431	9.730974901291221	0.6194889221733255	2.229714271814673	307505.18502464663	-126738.22794902413	253482.45589804827
KY15_US-Vir17-VA1	dadi_objects_duos/probs.KY15.US-Vir17-VA1.delim	327523	15641.783971412691	9.649241516101512	5.276169773790707	4.557039881434671	307505.18502464663	-169268.81068905044	338543.6213781009
KY15_US-Vir17-VA1	dadi_objects_duos/probs.KY15.US-Vir17-VA1.delim	327523	73451.32822824441	6.637023326802875	0.5297581728482325	1.4819891632920736	307505.18502464663	-126346.24000139555	252698.4800027911
KY15_US-Vir17-VA1	dadi_objects_duos/probs.KY15.US-Vir17-VA1.delim	327523	95275.13287145417	3.446695656187336e-05	0.0013838452897036002	1.2458156171072168e-05	307505.18502464663	-117503.207473256	235012.414946512
KY15_US-Vir17-VA1	dadi_objects_duos/probs.KY15.US-Vir17-VA1.delim	327523	95367.99694292211	0.00013850218014215777	0.0002706136501824746	1.8219502161815104e-05	307505.18502464663	-117504.5695592254	235015.1391184508
KY15_US-Vir17-VA1	dadi_objects_duos/probs.KY15.US-Vir17-VA1.delim	327523	37392.754276842796	9.948799888528017	1.374785013131669	2.472359794387882	307505.18502464663	-133421.48304878772	266848.96609757544
KY15_US-Vir17-VA1	dadi_objects_duos/probs.KY15.US-Vir17-VA1.delim	327523	94952.8738634601	0.0011622685124599648	0.00016869291672930362	3.580180515440183e-05	307505.18502464663	-117501.02140794232	235008.04281588463
KY15_US-Vir17-VA1	dadi_objects_duos/probs.KY15.US-Vir17-VA1.delim	327523	95090.16178568258	0.00038609635653179015	4.3754433244609745e-05	1.0163896336603165e-05	307505.18502464663	-117500.17128886814	235006.34257773627
KY15_US-Vir17-VA1	dadi_objects_duos/probs.KY15.US-Vir17-VA1.delim	327523	95237.73077630397	0.034005041493122126	1.8251441716079568e-05	1.3097838315716162e-05	307505.18502464663	-117499.74984046287	235005.49968092574
KY15_US-Vir17-VA1	dadi_objects_duos/probs.KY15.US-Vir17-VA1.delim	327523	89632.47844503961	9.277516248184144	0.37860410101638187	1.5606383021237171	307505.18502464663	-125757.30291200803	251520.60582401606
KY15_US-Vir17-VA1	dadi_objects_duos/probs.KY15.US-Vir17-VA1.delim	327523	16527.356028488946	7.635308940831457	5.203535799081675	4.2766353785548095	307505.18502464663	-171462.28999180516	342930.5799836103
KY15_US-Vir17-VA1	dadi_objects_duos/probs.KY15.US-Vir17-VA1.delim	327523	90537.10914893178	9.939657215791472	0.19639208425785376	0.22173974770503935	307505.18502464663	-119762.8881580662	239531.7763161324
KY15_US-Vir17-VA1	dadi_objects_duos/probs.KY15.US-Vir17-VA1.delim	327523	54631.02320886142	9.06718213675387	0.7828417346675713	1.5666608064239298	307505.18502464663	-127929.67147226424	255865.34294452847
KY15_US-Vir17-VA1	dadi_objects_duos/probs.KY15.US-Vir17-VA1.delim	327523	46449.82118768449	9.552417838484812	0.9898041441355587	2.2368585755408126	307505.18502464663	-129339.9870256169	258685.9740512338
KY15_US-Vir17-VA1	dadi_objects_duos/probs.KY15.US-Vir17-VA1.delim	327523	20434.5380898225	9.225071360760268	3.224051604664866	4.93384913105659	307505.18502464663	-144755.96139529513	289517.92279059027
KY15_US-Vir17-VA1	dadi_objects_duos/probs.KY15.US-Vir17-VA1.delim	327523	15939.55182194394	9.699970928844724	5.0592550218177195	4.611550847777192	307505.18502464663	-166239.0686608848	332484.1373217696
KY15_US-Vir17-VA1	dadi_objects_duos/probs.KY15.US-Vir17-VA1.delim	327523	16810.421679666113	8.069298464768988	4.971886346111761	4.27178002019834	307505.18502464663	-168780.299710927	337566.599421854
KY15_US-Vir17-VA1	dadi_objects_duos/probs.KY15.US-Vir17-VA1.delim	327523	19237.87641202977	9.299772725613188	3.6030523335699174	4.772612321989767	307505.18502464663	-149222.87904227612	298451.75808455225
KY15_US-Vir17-VA1	dadi_objects_duos/probs.KY15.US-Vir17-VA1.delim	327523	94612.78136889951	9.00755916348748	0.2718844947355749	0.6223556241709151	307505.18502464663	-123021.53573467623	246049.07146935246
KY15_US-Vir17-VA1	dadi_objects_duos/probs.KY15.US-Vir17-VA1.delim	327523	31976.399825016262	4.651880046009203	1.9093900416910217	4.9176024392461795	307505.18502464663	-137883.5843088714	275773.1686177428
KY15_US-Vir17-VA1	dadi_objects_duos/probs.KY15.US-Vir17-VA1.delim	327523	13582.144266153571	8.859286386649783	6.749148589391425	4.96320470858318	307505.18502464663	-180590.40934994724	361186.8186998945
KY15_US-Vir17-VA1	dadi_objects_duos/probs.KY15.US-Vir17-VA1.delim	327523	15474.292913555433	8.777999345999083	5.3167500893543105	4.916517819196435	307505.18502464663	-166283.87338335597	332573.74676671193
KY15_US-Vir17-VA1	dadi_objects_duos/probs.KY15.US-Vir17-VA1.delim	327523	50013.390406520266	8.071035603480897	0.9564500727773921	1.161804899244492	307505.18502464663	-133814.2529647373	267634.5059294746
KY15_US-Vir17-VA1	dadi_objects_duos/probs.KY15.US-Vir17-VA1.delim	327523	94418.11957198574	9.778239649844823	0.04784216533821039	0.03272283751168432	307505.18502464663	-117982.27200388961	235970.54400777922
KY15_US-Vir17-VA1	dadi_objects_duos/probs.KY15.US-Vir17-VA1.delim	327523	100647.17172593078	6.817564726667963	0.3178919237975638	1.1251454316430531	307505.18502464663	-125410.38175836933	250826.76351673866
KY15_US-Vir17-VA1	dadi_objects_duos/probs.KY15.US-Vir17-VA1.delim	327523	95307.15949775193	0.0004383405764223082	0.00010844966956433459	1.924045492983022e-05	307505.18502464663	-117502.94482325528	235011.88964651056
KY15_US-Vir17-VA1	dadi_objects_duos/probs.KY15.US-Vir17-VA1.delim	327523	17197.376013820565	9.754286796564655	4.42312391581718	4.54939911403521	307505.18502464663	-159561.3368050314	319128.6736100628
KY15_US-Vir17-VA1	dadi_objects_duos/probs.KY15.US-Vir17-VA1.delim	327523	95496.6632064824	9.433543515363274	0.343717504914825	1.4842018975479148	307505.18502464663	-125731.33639853283	251468.67279706566
KY15_US-Vir17-VA1	dadi_objects_duos/probs.KY15.US-Vir17-VA1.delim	327523	95195.25189154177	0.00025914205329073697	8.385952257079198e-05	1.329912320461471e-05	307505.18502464663	-117501.34544174554	235008.69088349107
KY15_US-Vir17-VA1	dadi_objects_duos/probs.KY15.US-Vir17-VA1.delim	327523	95315.91276106247	9.584856709947142e-05	0.00012528535420757125	1.0447698996499674e-05	307505.18502464663	-117502.98636797618	235011.97273595235
KY15_US-Vir17-VA1	dadi_objects_duos/probs.KY15.US-Vir17-VA1.delim	327523	17838.77059047192	7.992465235211699	4.339202652497645	4.566231186318231	307505.18502464663	-158945.87226969068	317897.74453938135
KY15_US-Vir17-VA1	dadi_objects_duos/probs.KY15.US-Vir17-VA1.delim	327523	94922.97148845118	0.0012378301295797062	4.871747813190676e-05	1.5394413706388217e-05	307505.18502464663	-117499.83132705875	235005.6626541175
KY15_US-Vir17-VA1	dadi_objects_duos/probs.KY15.US-Vir17-VA1.delim	327523	16544.349021217902	8.184184626572069	5.10319293833021	4.274690045942863	307505.18502464663	-170284.16401673396	340574.32803346793
KY15_US-Vir17-VA1	dadi_objects_duos/probs.KY15.US-Vir17-VA1.delim	327523	92791.19646712602	0.1246915639608283	1.3251253122431177	0.09463474621893686	307505.18502464663	-139881.84044104698	279769.68088209396
KY15_US-Vir17-VA1	dadi_objects_duos/probs.KY15.US-Vir17-VA1.delim	327523	95184.65277640066	0.0006877052737052047	0.00013280094391943288	2.5724721659235245e-05	307505.18502464663	-117501.68453458587	235009.36906917175
KY15_US-Vir17-VA1	dadi_objects_duos/probs.KY15.US-Vir17-VA1.delim	327523	95282.18065209751	8.877083662320654e-05	0.0001884536811458493	1.2062056092565706e-05	307505.18502464663	-117502.73818320298	235011.47636640596
KY15_US-Vir17-VA1	dadi_objects_duos/probs.KY15.US-Vir17-VA1.delim	327523	43470.89951206386	9.787278567805771	1.0966078529351515	2.1701390330296237	307505.18502464663	-130654.59164946136	261315.18329892273
KY15_US-Vir17-VA1	dadi_objects_duos/probs.KY15.US-Vir17-VA1.delim	327523	95278.43261368135	9.53981073623136e-05	0.00011893830309985597	1.0147152957857481e-05	307505.18502464663	-117502.41781480193	235010.83562960385
KY15_US-Vir17-VA1	dadi_objects_duos/probs.KY15.US-Vir17-VA1.delim	327523	258664.4079555405	0.15161355487432743	0.275140618651586	4.929003979998698	307505.18502464663	-145279.91125586015	290565.8225117203
KY15_US-Vir17-VA1	dadi_objects_duos/probs.KY15.US-Vir17-VA1.delim	327523	25544.269136292278	9.839047542334345	2.6329702772912533	2.6757543546684	307505.18502464663	-153284.86823244076	306575.7364648815
KY15_US-Vir17-VA1	dadi_objects_duos/probs.KY15.US-Vir17-VA1.delim	327523	94976.4654438452	0.0005495370106818991	6.385361518846782e-05	1.4630450693432269e-05	307505.18502464663	-117500.04525386299	235006.09050772598
KY15_US-Vir17-VA1	dadi_objects_duos/probs.KY15.US-Vir17-VA1.delim	327523	138450.06006144354	6.762087809890873	0.25195754682880805	1.6010146420402471	307505.18502464663	-126448.22557420237	252902.45114840474
KY15_US-Vir17-VA1	dadi_objects_duos/probs.KY15.US-Vir17-VA1.delim	327523	25699.807329916555	9.592781469977837	2.422155663526588	3.4226180306229304	307505.18502464663	-143171.8650396847	286349.7300793694
KY15_US-Vir17-VA1	dadi_objects_duos/probs.KY15.US-Vir17-VA1.delim	327523	21676.91367917576	5.3659972512896665	3.345964560254418	4.839692007483125	307505.18502464663	-149381.9762170976	298769.9524341952
KY15_US-Vir17-VA1	dadi_objects_duos/probs.KY15.US-Vir17-VA1.delim	327523	94850.07072615648	0.000634839459075399	3.8323681560421035e-05	1.0705128165815632e-05	307505.18502464663	-117500.06559456447	235006.13118912894
KY15_US-Vir17-VA1	dadi_objects_duos/probs.KY15.US-Vir17-VA1.delim	327523	52586.01175637101	8.907510136588696	0.8414663871285907	2.9134336769199924	307505.18502464663	-128300.16934771111	256606.33869542222
KY15_US-Vir17-VA1	dadi_objects_duos/probs.KY15.US-Vir17-VA1.delim	327523	16208.469380582857	9.48593388618065	4.78749757358438	4.931722540530766	307505.18502464663	-160468.82183289173	320943.64366578346
KY15_US-Vir17-VA1	dadi_objects_duos/probs.KY15.US-Vir17-VA1.delim	327523	21967.81340563796	9.408944847100926	2.9799523121173666	4.240530336279177	307505.18502464663	-145378.43224483004	290762.8644896601
KY15_US-Vir17-VA1	dadi_objects_duos/probs.KY15.US-Vir17-VA1.delim	327523	95461.75419183783	2.1021495461538243e-05	0.006246167226365707	1.1565690791236005e-05	307505.18502464663	-117506.20426131654	235018.40852263308
KY15_US-Vir17-VA1	dadi_objects_duos/probs.KY15.US-Vir17-VA1.delim	327523	94862.08642879537	0.001319116304749355	0.00015327620553923148	3.493556222582723e-05	307505.18502464663	-117501.14372735129	235008.28745470257
KY15_US-Vir17-VA1	dadi_objects_duos/probs.KY15.US-Vir17-VA1.delim	327523	29260.52401761757	9.466012559422005	1.941600454074527	3.531516117150072	307505.18502464663	-136818.6914404938	273643.3828809876
KY15_US-Vir17-VA1	dadi_objects_duos/probs.KY15.US-Vir17-VA1.delim	327523	24253.596933587956	9.674069038356919	2.5767016031967906	3.8583269709125676	307505.18502464663	-142645.73488530755	285297.4697706151
KY15_US-Vir17-VA1	dadi_objects_duos/probs.KY15.US-Vir17-VA1.delim	327523	14882.040686150967	8.816570711745674	5.940824060546551	4.5421291789816545	307505.18502464663	-176868.48861288358	353742.97722576716
KY15_US-Vir17-VA1	dadi_objects_duos/probs.KY15.US-Vir17-VA1.delim	327523	219181.85160482622	1.1290547141587877	0.2969094723907318	4.7847828030586435	307505.18502464663	-140178.4756923226	280362.9513846452
KY15_US-Vir17-VA1	dadi_objects_duos/probs.KY15.US-Vir17-VA1.delim	327523	83369.29064902962	9.25434905492659	0.28896219311451055	0.3488267988738925	307505.18502464663	-121294.4818402388	242594.9636804776
KY15_US-Vir17-VA1	dadi_objects_duos/probs.KY15.US-Vir17-VA1.delim	327523	20921.053273493104	8.936594226116558	3.2611718867873765	4.310703338855993	307505.18502464663	-148315.53197716497	296637.06395432993
KY15_US-Vir17-VA1	dadi_objects_duos/probs.KY15.US-Vir17-VA1.delim	327523	94975.3781904834	0.002574138677008959	0.00015161451196528985	4.293595602245021e-05	307505.18502464663	-117500.83233018227	235007.66466036453
KY15_US-Vir17-VA1	dadi_objects_duos/probs.KY15.US-Vir17-VA1.delim	327523	95287.62049860536	1.8214072348830125e-05	0.007852614319378524	1.0576370774096301e-05	307505.18502464663	-117502.8673690141	235011.7347380282
KY15_US-Vir17-VA1	dadi_objects_duos/probs.KY15.US-Vir17-VA1.delim	327523	95330.71916588394	0.00013876446293921798	9.544437395488499e-05	1.0948739306089627e-05	307505.18502464663	-117503.117751741	235012.235503482
KY15_US-Vir17-VA1	dadi_objects_duos/probs.KY15.US-Vir17-VA1.delim	327523	15722.623006382799	3.698423488310952	6.498759500290005	4.870575866137388	307505.18502464663	-181795.7420618034	363597.4841236068
KY15_US-Vir17-VA1	dadi_objects_duos/probs.KY15.US-Vir17-VA1.delim	327523	95327.17866656875	0.00012256009669000265	0.00012839892051956622	1.2001489526288885e-05	307505.18502464663	-117503.22637168394	235012.45274336787
KY15_US-Vir17-VA1	dadi_objects_duos/probs.KY15.US-Vir17-VA1.delim	327523	64576.82829459385	0.34019491776533056	1.2792446424122605	4.8301653552027535	307505.18502464663	-156042.29570718895	312090.5914143779
KY15_US-Vir17-VA1	dadi_objects_duos/probs.KY15.US-Vir17-VA1.delim	327523	13807.666530899749	9.274718277984006	6.51829909696969	4.8839114526648535	307505.18502464663	-179192.0979993337	358390.1959986674
KY15_US-Vir17-VA1	dadi_objects_duos/probs.KY15.US-Vir17-VA1.delim	327523	95326.8833880591	2.3521354185094262e-05	0.005779646115453179	1.2438217686238008e-05	307505.18502464663	-117503.89973640512	235013.79947281023
KY15_US-Vir17-VA1	dadi_objects_duos/probs.KY15.US-Vir17-VA1.delim	327523	95419.25611774053	0.0013343439010993056	0.00025383861764332325	5.001930599882704e-05	307505.18502464663	-117506.15598256598	235018.31196513196
KY15_US-Vir17-VA1	dadi_objects_duos/probs.KY15.US-Vir17-VA1.delim	327523	26701.103240567933	9.958982551429305	2.0928425011239797	4.738027890115284	307505.18502464663	-135132.15885073214	270270.3177014643
KY15_US-Vir17-VA1	dadi_objects_duos/probs.KY15.US-Vir17-VA1.delim	327523	95149.2806058855	0.00047255430998695297	4.4027309209311656e-05	1.0930536590149733e-05	307505.18502464663	-117500.54653574749	235007.09307149498
KY15_US-Vir17-VA1	dadi_objects_duos/probs.KY15.US-Vir17-VA1.delim	327523	58549.83714222818	3.986000870316666	7.337797402856726	0.047562884351747915	307505.18502464663	-178829.3344199103	357664.6688398206
KY15_US-Vir17-VA1	dadi_objects_duos/probs.KY15.US-Vir17-VA1.delim	327523	83618.17982967048	9.757804992298086	0.3058760218847957	0.4518463491640687	307505.18502464663	-121550.37499964703	243106.74999929406
KY15_US-Vir17-VA1	dadi_objects_duos/probs.KY15.US-Vir17-VA1.delim	327523	45611.386445358876	9.546338538186808	1.02493964850393	4.3538597372296195	307505.18502464663	-129323.06313838481	258652.12627676962
KY15_US-Vir17-VA1	dadi_objects_duos/probs.KY15.US-Vir17-VA1.delim	327523	24403.749218146742	6.997903352027848	2.6426886688417306	4.47183844914648	307505.18502464663	-142333.94761288754	284673.8952257751
KY15_US-Vir17-VA1	dadi_objects_duos/probs.KY15.US-Vir17-VA1.delim	327523	24045.901732543407	8.828924317043887	2.5613362178391172	4.49027936399892	307505.18502464663	-140301.83037896696	280609.6607579339
KY15_US-Vir17-VA1	dadi_objects_duos/probs.KY15.US-Vir17-VA1.delim	327523	82454.28124169524	9.816068329932156	0.2921196843515087	0.3487808847610531	307505.18502464663	-121350.08933378532	242706.17866757064
KY15_US-Vir17-VA1	dadi_objects_duos/probs.KY15.US-Vir17-VA1.delim	327523	59857.73222607018	9.876949837797824	0.6627605212696462	1.5780762385606601	307505.18502464663	-126401.0324600557	252808.0649201114
KY15_US-Vir17-VA1	dadi_objects_duos/probs.KY15.US-Vir17-VA1.delim	327523	95205.57183858955	0.003393176408764492	0.00038038542728612056	8.927680126182608e-05	307505.18502464663	-117504.18587490129	235014.37174980258
KY15_US-Vir17-VA1	dadi_objects_duos/probs.KY15.US-Vir17-VA1.delim	327523	95256.9749746789	2.9384405975156716e-05	0.0016156372832605089	1.1436246622843047e-05	307505.18502464663	-117502.82257792917	235011.64515585834
KY15_US-Vir17-VA1	dadi_objects_duos/probs.KY15.US-Vir17-VA1.delim	327523	120138.36508346525	6.977171984932294	0.31194379593807037	1.9542417354142791	307505.18502464663	-126737.18168379072	253480.36336758145
KY15_US-Vir17-VA1	dadi_objects_duos/probs.KY15.US-Vir17-VA1.delim	327523	21416.818232441543	8.858492505992249	3.0072932793380627	4.959933134100947	307505.18502464663	-142848.47327814193	285702.94655628386
KY15_US-Vir17-VA1	dadi_objects_duos/probs.KY15.US-Vir17-VA1.delim	327523	224757.13268495796	1.8332768244161046	0.14476331217178498	0.743037888239574	307505.18502464663	-126459.55304636259	252925.10609272518
KY15_US-Vir17-VA1	dadi_objects_duos/probs.KY15.US-Vir17-VA1.delim	327523	94857.09371660395	0.012695340400881017	0.000144506001625082	6.122526623321513e-05	307505.18502464663	-117500.79323119481	235007.58646238962
KY15_US-Vir17-VA1	dadi_objects_duos/probs.KY15.US-Vir17-VA1.delim	327523	50169.264526525985	6.484319768781107	5.709718579141883	0.10383719295621993	307505.18502464663	-208423.0767012072	416852.1534024144
KY15_US-Vir17-VA1	dadi_objects_duos/probs.KY15.US-Vir17-VA1.delim	327523	21129.661600018575	9.623059036811545	3.1068442991639555	4.502084631874625	307505.18502464663	-145337.14745578708	290680.29491157416
KY15_US-Vir17-VA1	dadi_objects_duos/probs.KY15.US-Vir17-VA1.delim	327523	13527.391246565126	3.5917565676198815	8.763462529053633	4.90470295563417	307505.18502464663	-201021.69453516332	402049.38907032664
KY15_US-Vir17-VA1	dadi_objects_duos/probs.KY15.US-Vir17-VA1.delim	327523	40828.2934147952	9.59361397837361	1.2513646128246214	1.8394751827496343	307505.18502464663	-134743.2566701382	269492.5133402764
KY15_US-Vir17-VA1	dadi_objects_duos/probs.KY15.US-Vir17-VA1.delim	327523	41443.06970659055	9.35772263080331	1.2119820173688665	1.9927955733158067	307505.18502464663	-133156.11464228423	266318.22928456846
KY15_US-Vir17-VA1	dadi_objects_duos/probs.KY15.US-Vir17-VA1.delim	327523	95281.08770112364	1.8877877608491032e-05	0.0047600400851147175	1.0005932182055832e-05	307505.18502464663	-117502.76728916884	235011.53457833768
KY15_US-Vir17-VA1	dadi_objects_duos/probs.KY15.US-Vir17-VA1.delim	327523	82062.26799292442	9.86397374095259	0.26315573700721745	0.24320403227608642	307505.18502464663	-121464.44061847925	242934.8812369585
KY15_US-Vir17-VA1	dadi_objects_duos/probs.KY15.US-Vir17-VA1.delim	327523	14115.189661416534	6.581345300713576	6.803814524908812	4.919507020523247	307505.18502464663	-181602.87432060737	363211.74864121474
KY15_US-Vir17-VA1	dadi_objects_duos/probs.KY15.US-Vir17-VA1.delim	327523	94677.09196039056	0.013395484404174603	0.00011204544666230472	5.0135361935000024e-05	307505.18502464663	-117502.03561587859	235010.07123175717
KY15_US-Vir17-VA1	dadi_objects_duos/probs.KY15.US-Vir17-VA1.delim	327523	18723.01091971905	8.183078100743638	4.150683092174265	4.061025338516165	307505.18502464663	-160977.1076002404	321960.2152004808
KY15_US-Vir17-VA1	dadi_objects_duos/probs.KY15.US-Vir17-VA1.delim	327523	26074.44366979728	9.621474819731604	2.21855391737105	4.400347896048504	307505.18502464663	-137005.49543797493	274016.99087594985
KY15_US-Vir17-VA1	dadi_objects_duos/probs.KY15.US-Vir17-VA1.delim	327523	95356.56728679902	0.00021852353179704182	9.458308812010807e-05	1.3380436149358194e-05	307505.18502464663	-117503.57963758407	235013.15927516815
KY15_US-Vir17-VA1	dadi_objects_duos/probs.KY15.US-Vir17-VA1.delim	327523	95310.04056239747	9.332515002806527e-05	0.0001669098251039008	1.176541485497708e-05	307505.18502464663	-117503.07043091222	235012.14086182445
KY15_US-Vir17-VA1	dadi_objects_duos/probs.KY15.US-Vir17-VA1.delim	327523	17929.27778964665	9.36079341176716	4.176481658878902	4.464518044178118	307505.18502464663	-157516.7670398133	315039.5340796266
KY15_US-Vir17-VA1	dadi_objects_duos/probs.KY15.US-Vir17-VA1.delim	327523	94753.46210174265	0.0003253122627298945	0.00015351229564105297	2.0318871044184495e-05	307505.18502464663	-117501.82811936349	235009.65623872698
KY15_US-Vir17-VA1	dadi_objects_duos/probs.KY15.US-Vir17-VA1.delim	327523	95432.33993776038	1.9739264444286705e-05	0.0070100646423606585	1.1178331996823395e-05	307505.18502464663	-117505.48843376963	235016.97686753926
