Pair_name	fs_name	L	theta	nuB	nuF	T	fs_sanitycheck	-2LL_model	AIC
KY3_US-Vir17-VA2	dadi_objects_duos/probs.KY3.US-Vir17-VA2.delim	4394604	240243.0019123783	6.895928011301359	5.0219946585020585	3.8550530493452535	4020327.774902298	-1214141.9985016305	2428289.997003261
KY3_US-Vir17-VA2	dadi_objects_duos/probs.KY3.US-Vir17-VA2.delim	4394604	345639.2190551176	9.875298287317607	2.556995582716876	2.980490536904451	4020327.774902298	-989689.3028095494	1979384.6056190988
KY3_US-Vir17-VA2	dadi_objects_duos/probs.KY3.US-Vir17-VA2.delim	4394604	717050.7863435142	5.5811768816607605	0.9576574663104309	4.342518257607777	4020327.774902298	-921388.0238325616	1842782.0476651231
KY3_US-Vir17-VA2	dadi_objects_duos/probs.KY3.US-Vir17-VA2.delim	4394604	1086828.8946003509	6.645192853226776	0.38606392457273203	0.6174308822655453	4020327.774902298	-866713.3931842411	1733432.7863684823
KY3_US-Vir17-VA2	dadi_objects_duos/probs.KY3.US-Vir17-VA2.delim	4394604	866469.0488049675	9.761043828913042	0.6654287706091069	3.593174025100644	4020327.774902298	-924660.0366825196	1849326.0733650392
KY3_US-Vir17-VA2	dadi_objects_duos/probs.KY3.US-Vir17-VA2.delim	4394604	296413.8216194728	3.3244035021674865	3.8517563645171236	4.543373302408715	4020327.774902298	-1100010.5461627308	2200027.0923254616
KY3_US-Vir17-VA2	dadi_objects_duos/probs.KY3.US-Vir17-VA2.delim	4394604	612454.1221869461	0.1611058530216632	2.4619830460061527	4.338497074331575	4020327.774902298	-1327175.0419167366	2654356.0838334733
KY3_US-Vir17-VA2	dadi_objects_duos/probs.KY3.US-Vir17-VA2.delim	4394604	1153855.7506373073	0.02493239808504604	0.00020313970602958353	5.644173046382541e-05	4020327.774902298	-804564.4950775199	1609134.9901550398
KY3_US-Vir17-VA2	dadi_objects_duos/probs.KY3.US-Vir17-VA2.delim	4394604	229269.33696467616	8.632972920090042	4.890530179124308	4.311859499415426	4020327.774902298	-1151058.6906174792	2302123.3812349583
KY3_US-Vir17-VA2	dadi_objects_duos/probs.KY3.US-Vir17-VA2.delim	4394604	225160.5532588211	9.014149213968917	4.729194789040503	4.851100122314641	4020327.774902298	-1094592.5488083048	2189191.0976166097
KY3_US-Vir17-VA2	dadi_objects_duos/probs.KY3.US-Vir17-VA2.delim	4394604	1154116.2603928533	0.004378838031643741	0.00014738124583308181	2.9663622776559632e-05	4020327.774902298	-804560.7771960289	1609127.5543920577
KY3_US-Vir17-VA2	dadi_objects_duos/probs.KY3.US-Vir17-VA2.delim	4394604	469232.92225844343	0.2117695252404098	4.200725596094284	3.3445824930002974	4020327.774902298	-1651393.817509878	3302793.635019756
KY3_US-Vir17-VA2	dadi_objects_duos/probs.KY3.US-Vir17-VA2.delim	4394604	1152600.0031447206	0.004138901995154057	4.2124384074224625e-05	1.1097509609475313e-05	4020327.774902298	-804561.2012591807	1609128.4025183613
KY3_US-Vir17-VA2	dadi_objects_duos/probs.KY3.US-Vir17-VA2.delim	4394604	1049719.8752308076	9.002501211243299	0.2769370999550594	0.17553797931497217	4020327.774902298	-819395.2742655626	1638796.5485311253
KY3_US-Vir17-VA2	dadi_objects_duos/probs.KY3.US-Vir17-VA2.delim	4394604	638735.4125500752	8.71647302242527	1.0307426030749096	1.2951697201175498	4020327.774902298	-885437.4664223947	1770880.9328447895
KY3_US-Vir17-VA2	dadi_objects_duos/probs.KY3.US-Vir17-VA2.delim	4394604	244564.45409781803	9.839769889270388	4.155372518225794	4.3832510577551025	4020327.774902298	-1068725.5464939454	2137457.092987891
KY3_US-Vir17-VA2	dadi_objects_duos/probs.KY3.US-Vir17-VA2.delim	4394604	475485.75212774985	7.281155278802941	1.51944659306096	4.218278340252945	4020327.774902298	-917867.0686863365	1835740.137372673
KY3_US-Vir17-VA2	dadi_objects_duos/probs.KY3.US-Vir17-VA2.delim	4394604	1153505.6553078154	0.10000126396017645	0.0002360600163170814	8.187956596888591e-05	4020327.774902298	-804566.2728905585	1609138.545781117
KY3_US-Vir17-VA2	dadi_objects_duos/probs.KY3.US-Vir17-VA2.delim	4394604	832716.4093465728	5.896525714724355	0.7402703121347359	2.6552530554241063	4020327.774902298	-914950.5795938297	1829907.1591876594
KY3_US-Vir17-VA2	dadi_objects_duos/probs.KY3.US-Vir17-VA2.delim	4394604	644099.6172463372	9.988211346606635	0.9707871226443063	1.4136306674976487	4020327.774902298	-873748.3535272797	1747502.7070545594
KY3_US-Vir17-VA2	dadi_objects_duos/probs.KY3.US-Vir17-VA2.delim	4394604	1156869.5252264803	0.002493081900551302	8.226086495717922e-05	1.689294896892106e-05	4020327.774902298	-804565.7134496013	1609137.4268992026
KY3_US-Vir17-VA2	dadi_objects_duos/probs.KY3.US-Vir17-VA2.delim	4394604	1154020.0229422678	2.6053969864925055e-05	1.8449664450779077	1.6673823918027636e-05	4020327.774902298	-804560.2509217112	1609126.5018434224
KY3_US-Vir17-VA2	dadi_objects_duos/probs.KY3.US-Vir17-VA2.delim	4394604	199798.50301803692	7.850267599030961	6.217260502216294	4.765694102876973	4020327.774902298	-1242409.3395333234	2484824.679066647
KY3_US-Vir17-VA2	dadi_objects_duos/probs.KY3.US-Vir17-VA2.delim	4394604	812073.6552746232	9.607342119897735	0.6903420260259111	2.840547299957411	4020327.774902298	-919039.9930962775	1838085.986192555
KY3_US-Vir17-VA2	dadi_objects_duos/probs.KY3.US-Vir17-VA2.delim	4394604	1154126.6477334145	0.002894501390318697	0.00015274109125797686	2.72047450004307e-05	4020327.774902298	-804561.6139620803	1609129.2279241607
KY3_US-Vir17-VA2	dadi_objects_duos/probs.KY3.US-Vir17-VA2.delim	4394604	493479.56953938096	9.703756584989936	1.3554263085219964	3.952588739724469	4020327.774902298	-908885.1397070045	1817776.279414009
KY3_US-Vir17-VA2	dadi_objects_duos/probs.KY3.US-Vir17-VA2.delim	4394604	1155632.4953417638	0.0010463481120253767	0.00016874551652468103	2.1227745530852627e-05	4020327.774902298	-804563.767841846	1609133.535683692
KY3_US-Vir17-VA2	dadi_objects_duos/probs.KY3.US-Vir17-VA2.delim	4394604	723586.634275849	3.4376080601722356	1.0229351560121867	2.3233210739731542	4020327.774902298	-921418.030642694	1842842.061285388
KY3_US-Vir17-VA2	dadi_objects_duos/probs.KY3.US-Vir17-VA2.delim	4394604	993634.2516946625	8.864812149195284	0.3862580201587384	0.3450093479562161	4020327.774902298	-823950.1149313308	1647906.2298626616
KY3_US-Vir17-VA2	dadi_objects_duos/probs.KY3.US-Vir17-VA2.delim	4394604	203925.10478157012	8.537786079634774	5.928743613759349	4.636392964341031	4020327.774902298	-1225649.4064321907	2451304.8128643814
KY3_US-Vir17-VA2	dadi_objects_duos/probs.KY3.US-Vir17-VA2.delim	4394604	868149.3141691886	8.145354896312721	2.4203284816436317	0.026724230031349973	4020327.774902298	-1160778.8366443582	2321563.6732887165
KY3_US-Vir17-VA2	dadi_objects_duos/probs.KY3.US-Vir17-VA2.delim	4394604	247833.8585198268	7.101982964810232	4.392573340299339	4.413405366854994	4020327.774902298	-1101776.3143489368	2203558.6286978736
KY3_US-Vir17-VA2	dadi_objects_duos/probs.KY3.US-Vir17-VA2.delim	4394604	831738.1199995552	9.201408523390112	0.6191348292255489	0.6269277725336646	4020327.774902298	-847450.7837695368	1694907.5675390735
KY3_US-Vir17-VA2	dadi_objects_duos/probs.KY3.US-Vir17-VA2.delim	4394604	1155137.842609828	0.00491510933624458	0.00012700452022296484	2.7487365455540738e-05	4020327.774902298	-804557.7590198449	1609121.5180396899
KY3_US-Vir17-VA2	dadi_objects_duos/probs.KY3.US-Vir17-VA2.delim	4394604	1123124.5652110742	9.961011259835992	0.16396635778582255	0.0947985783411779	4020327.774902298	-812310.45213337	1624626.90426674
KY3_US-Vir17-VA2	dadi_objects_duos/probs.KY3.US-Vir17-VA2.delim	4394604	337604.74401296925	2.418066066514023	3.4529373887250387	4.211858592886799	4020327.774902298	-1108339.8792279577	2216685.7584559154
KY3_US-Vir17-VA2	dadi_objects_duos/probs.KY3.US-Vir17-VA2.delim	4394604	1146041.3290601291	9.630911484038645	0.06501512084907898	0.02736394187270559	4020327.774902298	-809214.975711668	1618435.951423336
KY3_US-Vir17-VA2	dadi_objects_duos/probs.KY3.US-Vir17-VA2.delim	4394604	1145707.8421050888	9.7619526657475	0.013818222931090637	0.005503688320259544	4020327.774902298	-805919.1577341033	1611844.3154682065
KY3_US-Vir17-VA2	dadi_objects_duos/probs.KY3.US-Vir17-VA2.delim	4394604	1157405.0598418128	0.00021015411954846295	0.0001914096122230711	1.1704673098067504e-05	4020327.774902298	-804579.1123219954	1609164.2246439909
KY3_US-Vir17-VA2	dadi_objects_duos/probs.KY3.US-Vir17-VA2.delim	4394604	346194.79280210426	9.597643211068013	2.2313845185484733	4.946134635030024	4020327.774902298	-925188.4137642131	1850382.8275284262
KY3_US-Vir17-VA2	dadi_objects_duos/probs.KY3.US-Vir17-VA2.delim	4394604	1151911.0061182675	0.007065869030173702	0.00017991865693225677	3.83929983054141e-05	4020327.774902298	-804584.8551172348	1609175.7102344695
KY3_US-Vir17-VA2	dadi_objects_duos/probs.KY3.US-Vir17-VA2.delim	4394604	732622.5050925583	9.962652754807152	0.7800022042815966	1.0726060965757052	4020327.774902298	-858845.0884343204	1717696.1768686408
KY3_US-Vir17-VA2	dadi_objects_duos/probs.KY3.US-Vir17-VA2.delim	4394604	732714.7622532247	7.802789983276	0.8322479693827656	1.011817535721236	4020327.774902298	-870359.8089450812	1740725.6178901624
KY3_US-Vir17-VA2	dadi_objects_duos/probs.KY3.US-Vir17-VA2.delim	4394604	1158309.6070235174	0.00026032193285930086	0.00013924600337952692	1.0989795967217352e-05	4020327.774902298	-804592.2201419331	1609190.4402838661
KY3_US-Vir17-VA2	dadi_objects_duos/probs.KY3.US-Vir17-VA2.delim	4394604	407781.6141613741	7.707938054156254	1.8465291719085342	4.810910467156029	4020327.774902298	-923151.211683806	1846308.423367612
KY3_US-Vir17-VA2	dadi_objects_duos/probs.KY3.US-Vir17-VA2.delim	4394604	1151286.3985744796	0.006654193501125764	0.00010467631967183687	2.492290063818528e-05	4020327.774902298	-804588.4304917944	1609182.8609835887
KY3_US-Vir17-VA2	dadi_objects_duos/probs.KY3.US-Vir17-VA2.delim	4394604	334481.7376502483	8.796616462909016	2.4094401457217693	4.872129799548745	4020327.774902298	-935242.1188484088	1870490.2376968176
KY3_US-Vir17-VA2	dadi_objects_duos/probs.KY3.US-Vir17-VA2.delim	4394604	221786.70957994502	1.258284744778452	8.635171031165585	4.809479988685183	4020327.774902298	-1611757.994477607	3223521.988955214
KY3_US-Vir17-VA2	dadi_objects_duos/probs.KY3.US-Vir17-VA2.delim	4394604	237640.7433380278	8.6172089768498	4.376004831772434	4.7391892008824215	4020327.774902298	-1072243.8560324048	2144493.7120648096
KY3_US-Vir17-VA2	dadi_objects_duos/probs.KY3.US-Vir17-VA2.delim	4394604	1090041.1872103433	9.203160973894892	0.26104628656847845	0.21174349599389947	4020327.774902298	-816301.6349797721	1632609.2699595443
KY3_US-Vir17-VA2	dadi_objects_duos/probs.KY3.US-Vir17-VA2.delim	4394604	183137.45708143557	3.1598112538524634	9.403415095044563	4.977775651320864	4020327.774902298	-1533549.8300209779	3067105.6600419558
KY3_US-Vir17-VA2	dadi_objects_duos/probs.KY3.US-Vir17-VA2.delim	4394604	235576.07584443077	7.350188785436724	5.100629256530534	3.8976684094017933	4020327.774902298	-1217211.404617473	2434428.809234946
KY3_US-Vir17-VA2	dadi_objects_duos/probs.KY3.US-Vir17-VA2.delim	4394604	1129980.7998354975	3.491418316963475	0.5238679046382934	1.615695256754972	4020327.774902298	-915633.964467734	1831273.928935468
KY3_US-Vir17-VA2	dadi_objects_duos/probs.KY3.US-Vir17-VA2.delim	4394604	569248.8703045062	6.340008258895733	1.236364836865146	3.0099287995895865	4020327.774902298	-911952.8991216373	1823911.7982432747
KY3_US-Vir17-VA2	dadi_objects_duos/probs.KY3.US-Vir17-VA2.delim	4394604	246926.37587999858	9.17571374054044	4.042277716325565	4.670934389008024	4020327.774902298	-1044619.1696578674	2089244.3393157348
KY3_US-Vir17-VA2	dadi_objects_duos/probs.KY3.US-Vir17-VA2.delim	4394604	420689.0458254118	9.380383910665174	2.0466708866419276	2.0007544371824557	4020327.774902298	-999265.6162308565	1998537.232461713
KY3_US-Vir17-VA2	dadi_objects_duos/probs.KY3.US-Vir17-VA2.delim	4394604	15848760.954779522	9.600542247932767	0.04285467547323056	1.1949116461257208	4020327.774902298	-928275.839396442	1856557.678792884
KY3_US-Vir17-VA2	dadi_objects_duos/probs.KY3.US-Vir17-VA2.delim	4394604	1157889.3511700835	0.00027936413100594653	0.00016500687222193374	1.2423761009952186e-05	4020327.774902298	-804586.115875689	1609178.231751378
KY3_US-Vir17-VA2	dadi_objects_duos/probs.KY3.US-Vir17-VA2.delim	4394604	179817.9271622482	3.848783117991173	9.370703510919261	4.849971214219607	4020327.774902298	-1531344.7926965684	3062695.585393137
KY3_US-Vir17-VA2	dadi_objects_duos/probs.KY3.US-Vir17-VA2.delim	4394604	1154000.2073717006	0.013092403345764916	3.1351775729540857e-05	1.086403148340007e-05	4020327.774902298	-804544.6914614678	1609095.3829229355
KY3_US-Vir17-VA2	dadi_objects_duos/probs.KY3.US-Vir17-VA2.delim	4394604	742131.3360960102	5.929218433564822	0.9043356205655869	4.202963925229026	4020327.774902298	-920613.1211022288	1841232.2422044575
KY3_US-Vir17-VA2	dadi_objects_duos/probs.KY3.US-Vir17-VA2.delim	4394604	511993.54843314574	6.525796150408284	1.4084574101291807	4.039717131138631	4020327.774902298	-918674.5688717393	1837355.1377434786
KY3_US-Vir17-VA2	dadi_objects_duos/probs.KY3.US-Vir17-VA2.delim	4394604	328423.25475600496	0.4666523160689203	5.3259408606123575	4.956765107706668	4020327.774902298	-1495865.3231812844	2991736.6463625687
KY3_US-Vir17-VA2	dadi_objects_duos/probs.KY3.US-Vir17-VA2.delim	4394604	675902.5513506221	4.314950474721228	1.0641508828675947	3.0392706595331047	4020327.774902298	-919935.1012993351	1839876.2025986703
KY3_US-Vir17-VA2	dadi_objects_duos/probs.KY3.US-Vir17-VA2.delim	4394604	261403.61636200332	8.57468837418663	4.040725595269007	3.819666869726705	4020327.774902298	-1102614.4310553134	2205234.862110627
KY3_US-Vir17-VA2	dadi_objects_duos/probs.KY3.US-Vir17-VA2.delim	4394604	249942.27576893123	8.944285034438058	4.117547620768082	4.312522750539831	4020327.774902298	-1072900.6786446392	2145807.3572892784
KY3_US-Vir17-VA2	dadi_objects_duos/probs.KY3.US-Vir17-VA2.delim	4394604	323477.04639004136	9.927597490503494	2.7792107837069207	3.3040603189103277	4020327.774902298	-995007.8726621836	1990021.7453243672
KY3_US-Vir17-VA2	dadi_objects_duos/probs.KY3.US-Vir17-VA2.delim	4394604	482822.9285035748	5.4134296636118195	1.590181575870445	4.47171943583721	4020327.774902298	-928613.6582959354	1857233.3165918707
KY3_US-Vir17-VA2	dadi_objects_duos/probs.KY3.US-Vir17-VA2.delim	4394604	713270.144021776	9.588042037796962	0.8243085424820281	1.1729426748914438	4020327.774902298	-863829.7510316479	1727665.5020632958
KY3_US-Vir17-VA2	dadi_objects_duos/probs.KY3.US-Vir17-VA2.delim	4394604	1153729.4941257648	0.002485056573214872	5.8599322017920276e-05	1.28649167844481e-05	4020327.774902298	-804554.2713936093	1609114.5427872187
KY3_US-Vir17-VA2	dadi_objects_duos/probs.KY3.US-Vir17-VA2.delim	4394604	651906.1896326216	9.301812416961319	0.9326021513367289	3.1356966850072907	4020327.774902298	-909657.6356040575	1819321.271208115
KY3_US-Vir17-VA2	dadi_objects_duos/probs.KY3.US-Vir17-VA2.delim	4394604	387908.6916451523	9.29063696007995	2.1937561976908513	2.6139449843284814	4020327.774902298	-970137.6266791672	1940281.2533583343
KY3_US-Vir17-VA2	dadi_objects_duos/probs.KY3.US-Vir17-VA2.delim	4394604	441164.6131005429	9.687119948692063	1.6661366797080366	3.048698619121334	4020327.774902298	-910418.7133185704	1820843.4266371408
KY3_US-Vir17-VA2	dadi_objects_duos/probs.KY3.US-Vir17-VA2.delim	4394604	393616.7725903001	9.922884866730186	2.1503957710370827	2.428557397149595	4020327.774902298	-975349.8930447366	1950705.7860894732
KY3_US-Vir17-VA2	dadi_objects_duos/probs.KY3.US-Vir17-VA2.delim	4394604	1155871.1816820062	0.17976513391813595	2.357508397705005e-05	1.2199247588356802e-05	4020327.774902298	-804533.6026087982	1609073.2052175964
KY3_US-Vir17-VA2	dadi_objects_duos/probs.KY3.US-Vir17-VA2.delim	4394604	869119.1286439865	3.1956943482194444	5.106387492929709	0.02619521338783603	4020327.774902298	-1162022.7058393096	2324051.411678619
KY3_US-Vir17-VA2	dadi_objects_duos/probs.KY3.US-Vir17-VA2.delim	4394604	900292.8028780615	8.735831210422518	0.5209597593933702	0.5280394108070483	4020327.774902298	-836784.0573448171	1673574.1146896342
KY3_US-Vir17-VA2	dadi_objects_duos/probs.KY3.US-Vir17-VA2.delim	4394604	827696.1011863024	9.176667015011846	0.7470439311056546	4.59830820717293	4020327.774902298	-923331.7464222946	1846669.4928445893
KY3_US-Vir17-VA2	dadi_objects_duos/probs.KY3.US-Vir17-VA2.delim	4394604	4353113.573079159	3.043049190211223	0.19258015208702953	4.267209936432966	4020327.774902298	-949337.8450806148	1898681.6901612296
KY3_US-Vir17-VA2	dadi_objects_duos/probs.KY3.US-Vir17-VA2.delim	4394604	1156653.2006729625	0.00017338963801693548	0.00033899752189110483	1.3835961206781352e-05	4020327.774902298	-804574.3291529089	1609154.6583058177
KY3_US-Vir17-VA2	dadi_objects_duos/probs.KY3.US-Vir17-VA2.delim	4394604	207707.55642125607	9.059576633294459	5.54488316010278	4.773413694428041	4020327.774902298	-1174932.6627063248	2349871.3254126497
KY3_US-Vir17-VA2	dadi_objects_duos/probs.KY3.US-Vir17-VA2.delim	4394604	1141983.3756288702	9.944067078489047	0.13188241195703584	0.07244911747024912	4020327.774902298	-811604.3281907096	1623214.6563814192
KY3_US-Vir17-VA2	dadi_objects_duos/probs.KY3.US-Vir17-VA2.delim	4394604	1154121.1668468546	0.002408047026930515	6.28238165859043e-05	1.3484412243333088e-05	4020327.774902298	-804552.9602274339	1609111.9204548679
KY3_US-Vir17-VA2	dadi_objects_duos/probs.KY3.US-Vir17-VA2.delim	4394604	285852.7106611376	8.616685480318713	3.122416895461542	4.901149700849242	4020327.774902298	-972098.6841064034	1944203.3682128068
KY3_US-Vir17-VA2	dadi_objects_duos/probs.KY3.US-Vir17-VA2.delim	4394604	238500.38738605566	9.037549621860295	4.272407060509339	4.798606146993627	4020327.774902298	-1058155.323803452	2116316.647606904
KY3_US-Vir17-VA2	dadi_objects_duos/probs.KY3.US-Vir17-VA2.delim	4394604	1153358.6461267513	0.0009913322748845916	5.883496483243657e-05	1.008401207566085e-05	4020327.774902298	-804558.1102702811	1609122.2205405622
KY3_US-Vir17-VA2	dadi_objects_duos/probs.KY3.US-Vir17-VA2.delim	4394604	199270.13710825954	8.709027135023504	6.207492216253287	4.590011182262009	4020327.774902298	-1257909.8117869017	2515825.6235738033
KY3_US-Vir17-VA2	dadi_objects_duos/probs.KY3.US-Vir17-VA2.delim	4394604	945045.9597475333	9.838228981816902	0.4466148134182747	0.4711659293673142	4020327.774902298	-827812.9637159499	1655631.9274318998
KY3_US-Vir17-VA2	dadi_objects_duos/probs.KY3.US-Vir17-VA2.delim	4394604	370028.02355264244	9.934386773972221	2.5949827683225153	2.0210690229360955	4020327.774902298	-1104449.4409297116	2208904.881859423
KY3_US-Vir17-VA2	dadi_objects_duos/probs.KY3.US-Vir17-VA2.delim	4394604	1157843.338171206	0.00017806937595109287	0.00017658051137453424	1.0376716953080778e-05	4020327.774902298	-804584.8267449753	1609175.6534899506
KY3_US-Vir17-VA2	dadi_objects_duos/probs.KY3.US-Vir17-VA2.delim	4394604	1115129.369753164	9.781646475670794	0.1898737432376809	0.11984540708525197	4020327.774902298	-812876.9588240907	1625759.9176481813
KY3_US-Vir17-VA2	dadi_objects_duos/probs.KY3.US-Vir17-VA2.delim	4394604	791807.0492628806	8.962564929908757	0.6951306596316599	0.6624339696326845	4020327.774902298	-860332.3933276406	1720670.7866552812
KY3_US-Vir17-VA2	dadi_objects_duos/probs.KY3.US-Vir17-VA2.delim	4394604	1907189.0553539721	5.995724242637784	0.38392453199640625	4.988825790449738	4020327.774902298	-929517.3323574368	1859040.6647148735
KY3_US-Vir17-VA2	dadi_objects_duos/probs.KY3.US-Vir17-VA2.delim	4394604	929170.9852995783	9.193605140153569	0.4714402602091255	0.461189899145568	4020327.774902298	-831049.6698092899	1662105.3396185797
KY3_US-Vir17-VA2	dadi_objects_duos/probs.KY3.US-Vir17-VA2.delim	4394604	935108.5517804398	9.866970443324792	0.4552762019470931	0.45464172067457315	4020327.774902298	-828296.2588140666	1656598.5176281333
KY3_US-Vir17-VA2	dadi_objects_duos/probs.KY3.US-Vir17-VA2.delim	4394604	263942.6461240421	9.477498669458821	3.743902111921793	4.11636174674674	4020327.774902298	-1047089.8710565749	2094185.7421131497
KY3_US-Vir17-VA2	dadi_objects_duos/probs.KY3.US-Vir17-VA2.delim	4394604	533882.1520801792	9.192093189423732	1.3497489080769562	1.7845754669174654	4020327.774902298	-907093.9426452311	1814193.8852904623
KY3_US-Vir17-VA2	dadi_objects_duos/probs.KY3.US-Vir17-VA2.delim	4394604	595191.6214697639	7.879605707416225	1.175411569053711	1.5638934577802006	4020327.774902298	-898368.7344290435	1796743.468858087
KY3_US-Vir17-VA2	dadi_objects_duos/probs.KY3.US-Vir17-VA2.delim	4394604	924297.3268776825	0.7981447460748895	1.0648305924179162	4.85048571551876	4020327.774902298	-1002871.9982573271	2005749.9965146543
KY3_US-Vir17-VA2	dadi_objects_duos/probs.KY3.US-Vir17-VA2.delim	4394604	225517.63059130622	7.756810247398366	5.243620600996163	4.233407398812709	4020327.774902298	-1197200.57691163	2394407.15382326
