Pair_name	fs_name	L	theta	nuB	nuF	T	fs_sanitycheck	-2LL_model	AIC
KY4_US-Vir17-VA2	dadi_objects_duos/probs.KY4.US-Vir17-VA2.delim	4434217	1126256.9946474514	9.399333606577988	0.1753595950762356	0.09926375201897258	4077051.497352288	-744862.7950063929	1489731.5900127857
KY4_US-Vir17-VA2	dadi_objects_duos/probs.KY4.US-Vir17-VA2.delim	4434217	866824.5333437254	9.956409299767532	0.5686155905627103	0.6874416431166299	4077051.497352288	-773214.8374860837	1546435.6749721675
KY4_US-Vir17-VA2	dadi_objects_duos/probs.KY4.US-Vir17-VA2.delim	4434217	1166647.6061943525	0.001709829856894531	5.705400804226127e-05	1.1514744697505856e-05	4077051.497352288	-734941.2874619521	1469888.5749239041
KY4_US-Vir17-VA2	dadi_objects_duos/probs.KY4.US-Vir17-VA2.delim	4434217	737720.0912640293	9.906496476321822	0.7824094777883752	1.1394831520197686	4077051.497352288	-795639.0389180603	1591284.0778361205
KY4_US-Vir17-VA2	dadi_objects_duos/probs.KY4.US-Vir17-VA2.delim	4434217	234617.19954408365	9.163038479570078	4.373671523003735	4.98737742721234	4077051.497352288	-992797.32073525	1985600.6414705
KY4_US-Vir17-VA2	dadi_objects_duos/probs.KY4.US-Vir17-VA2.delim	4434217	868484.8223814279	3.399592169449383	0.8394285158012437	3.441891430152444	4077051.497352288	-867575.7284811173	1735157.4569622346
KY4_US-Vir17-VA2	dadi_objects_duos/probs.KY4.US-Vir17-VA2.delim	4434217	1167754.812381487	0.01660279572431496	3.1434166135266816e-05	1.1396532247233241e-05	4077051.497352288	-734935.2647818677	1469876.5295637355
KY4_US-Vir17-VA2	dadi_objects_duos/probs.KY4.US-Vir17-VA2.delim	4434217	814078.3339614549	9.711270932322913	0.6535019785294572	0.7049767760564274	4077051.497352288	-781795.1740297875	1563596.348059575
KY4_US-Vir17-VA2	dadi_objects_duos/probs.KY4.US-Vir17-VA2.delim	4434217	276236.4260901267	9.38902175465172	3.2912086208950133	4.880229528567726	4077051.497352288	-916598.8273014688	1833203.6546029376
KY4_US-Vir17-VA2	dadi_objects_duos/probs.KY4.US-Vir17-VA2.delim	4434217	1169295.5971526739	0.0002197259782809066	0.000148784372906463	1.0458085779713628e-05	4077051.497352288	-734973.220706058	1469952.441412116
KY4_US-Vir17-VA2	dadi_objects_duos/probs.KY4.US-Vir17-VA2.delim	4434217	550363.7692635837	9.558026312893347	1.3017123707068015	1.6646216882718305	4077051.497352288	-839195.588683331	1678397.177366662
KY4_US-Vir17-VA2	dadi_objects_duos/probs.KY4.US-Vir17-VA2.delim	4434217	944959.8343684935	9.159043802380134	0.45039688919166837	0.36463488214546613	4077051.497352288	-764562.6487981487	1529131.2975962975
KY4_US-Vir17-VA2	dadi_objects_duos/probs.KY4.US-Vir17-VA2.delim	4434217	238646.83534168891	9.219157909066134	4.560663426733228	4.223092810005221	4077051.497352288	-1058181.6814584087	2116369.3629168174
KY4_US-Vir17-VA2	dadi_objects_duos/probs.KY4.US-Vir17-VA2.delim	4434217	1282822.0927827829	9.615465835268365	0.1457667270900899	0.15721653251655246	4077051.497352288	-787701.1167530289	1575408.2335060579
KY4_US-Vir17-VA2	dadi_objects_duos/probs.KY4.US-Vir17-VA2.delim	4434217	2551631.6918612462	6.72347749473424	0.272280961498582	3.707913797756918	4077051.497352288	-870475.1857743517	1740956.3715487034
KY4_US-Vir17-VA2	dadi_objects_duos/probs.KY4.US-Vir17-VA2.delim	4434217	441609.06739117665	9.719780710246615	1.9670779508575527	1.719744525813514	4077051.497352288	-952661.2032672229	1905328.4065344457
KY4_US-Vir17-VA2	dadi_objects_duos/probs.KY4.US-Vir17-VA2.delim	4434217	1166407.8286261235	0.0018892799932166836	0.00012147901462675047	2.0418916543737224e-05	4077051.497352288	-734948.4636794254	1469902.9273588508
KY4_US-Vir17-VA2	dadi_objects_duos/probs.KY4.US-Vir17-VA2.delim	4434217	188762.39693828532	8.362504604323627	6.946882693673025	4.747804954054471	4077051.497352288	-1249371.3236188325	2498748.647237665
KY4_US-Vir17-VA2	dadi_objects_duos/probs.KY4.US-Vir17-VA2.delim	4434217	231452.85757888114	8.783509977896204	4.614382308526525	4.784117636631423	4077051.497352288	-1025824.5279875776	2051655.0559751552
KY4_US-Vir17-VA2	dadi_objects_duos/probs.KY4.US-Vir17-VA2.delim	4434217	1167014.353492304	0.0021757914084519813	7.365041526755095e-05	1.4839643829099717e-05	4077051.497352288	-734943.9805772873	1469893.9611545745
KY4_US-Vir17-VA2	dadi_objects_duos/probs.KY4.US-Vir17-VA2.delim	4434217	1142274.733977855	9.955158991408734	0.20721064469538417	0.16288704745020996	4077051.497352288	-747787.5249540207	1495581.0499080415
KY4_US-Vir17-VA2	dadi_objects_duos/probs.KY4.US-Vir17-VA2.delim	4434217	844220.1801601758	8.728018285144064	0.6195168856593564	0.602712323480259	4077051.497352288	-781851.6370713514	1563709.2741427028
KY4_US-Vir17-VA2	dadi_objects_duos/probs.KY4.US-Vir17-VA2.delim	4434217	212373.7155952411	9.988007922246355	5.365205448495794	4.576413337694387	4077051.497352288	-1108019.6109924598	2216045.2219849196
KY4_US-Vir17-VA2	dadi_objects_duos/probs.KY4.US-Vir17-VA2.delim	4434217	786470.0048248318	9.432405696186196	0.7060392267837916	0.8470368187654574	4077051.497352288	-787205.3793893127	1574416.7587786254
KY4_US-Vir17-VA2	dadi_objects_duos/probs.KY4.US-Vir17-VA2.delim	4434217	1169556.4573268276	0.00020951756359784024	0.00016073147994419087	1.0665560295966961e-05	4077051.497352288	-734978.2428048556	1469962.4856097111
KY4_US-Vir17-VA2	dadi_objects_duos/probs.KY4.US-Vir17-VA2.delim	4434217	786610.8037835468	9.420623991842353	0.7066529410023944	0.8082191941695648	4077051.497352288	-787498.6503624739	1575003.3007249478
KY4_US-Vir17-VA2	dadi_objects_duos/probs.KY4.US-Vir17-VA2.delim	4434217	1166615.4962959897	0.0032880507677043066	5.679192082004065e-05	1.3455577366122969e-05	4077051.497352288	-734939.863706091	1469885.727412182
KY4_US-Vir17-VA2	dadi_objects_duos/probs.KY4.US-Vir17-VA2.delim	4434217	998224.5599170051	8.843040285338178	0.3880232388113431	0.32853846601321407	4077051.497352288	-756736.2945418279	1513478.5890836557
KY4_US-Vir17-VA2	dadi_objects_duos/probs.KY4.US-Vir17-VA2.delim	4434217	1127199.4686508712	9.730745765705864	0.1871733456850475	0.11632870429508063	4077051.497352288	-744670.1017407665	1489346.203481533
KY4_US-Vir17-VA2	dadi_objects_duos/probs.KY4.US-Vir17-VA2.delim	4434217	293320.1718455323	1.0281290630356332	5.462933840798844	4.7438591723354655	4077051.497352288	-1327535.704820384	2655077.409640768
KY4_US-Vir17-VA2	dadi_objects_duos/probs.KY4.US-Vir17-VA2.delim	4434217	352554.3652447459	8.896399095477896	2.711444214154504	2.5680944973482007	4077051.497352288	-981375.791126032	1962757.582252064
KY4_US-Vir17-VA2	dadi_objects_duos/probs.KY4.US-Vir17-VA2.delim	4434217	413353.4515895121	8.755400669263032	2.024648488723657	2.5621155260621626	4077051.497352288	-890097.6053680152	1780201.2107360305
KY4_US-Vir17-VA2	dadi_objects_duos/probs.KY4.US-Vir17-VA2.delim	4434217	548244.4030809841	9.287204711781465	1.2041891189591047	4.630343656133817	4077051.497352288	-858073.8293289825	1716153.658657965
KY4_US-Vir17-VA2	dadi_objects_duos/probs.KY4.US-Vir17-VA2.delim	4434217	863341.0552031802	9.844371473390034	0.5663229059896412	0.4866664335808336	4077051.497352288	-778500.0091678526	1557006.0183357052
KY4_US-Vir17-VA2	dadi_objects_duos/probs.KY4.US-Vir17-VA2.delim	4434217	342974.2532310496	7.494319839806338	2.454235634464985	4.727231992006775	4077051.497352288	-884912.6460367847	1769831.2920735695
KY4_US-Vir17-VA2	dadi_objects_duos/probs.KY4.US-Vir17-VA2.delim	4434217	1167659.6799279298	0.2719085600634351	6.0510620051866203e-05	2.9373967764365872e-05	4077051.497352288	-734927.5353146893	1469861.0706293785
KY4_US-Vir17-VA2	dadi_objects_duos/probs.KY4.US-Vir17-VA2.delim	4434217	1170563.0584064291	0.00022180200944159914	0.00018630477192100827	1.1898756079245357e-05	4077051.497352288	-735000.5365689502	1470007.0731379003
KY4_US-Vir17-VA2	dadi_objects_duos/probs.KY4.US-Vir17-VA2.delim	4434217	1166297.35438638	0.001882693233023743	0.0001816162975933513	2.692868594956715e-05	4077051.497352288	-734954.5098034228	1469915.0196068457
KY4_US-Vir17-VA2	dadi_objects_duos/probs.KY4.US-Vir17-VA2.delim	4434217	222119.83949439818	8.35388322252703	5.1215950694280545	4.639004334778956	4077051.497352288	-1083849.5741075962	2167705.1482151924
KY4_US-Vir17-VA2	dadi_objects_duos/probs.KY4.US-Vir17-VA2.delim	4434217	829700.1426929405	9.501868418862852	0.6299713386443282	0.607198965261502	4077051.497352288	-782410.3426881649	1564826.6853763298
KY4_US-Vir17-VA2	dadi_objects_duos/probs.KY4.US-Vir17-VA2.delim	4434217	1033354.0328840927	9.05277877596259	0.35179592374536917	0.3238844242490196	4077051.497352288	-754207.7717034244	1508421.5434068488
KY4_US-Vir17-VA2	dadi_objects_duos/probs.KY4.US-Vir17-VA2.delim	4434217	359103.28840694355	1.3864740107321434	3.6620905694658505	4.306985522399726	4077051.497352288	-1131057.3434908597	2262120.6869817195
KY4_US-Vir17-VA2	dadi_objects_duos/probs.KY4.US-Vir17-VA2.delim	4434217	3158394.077155031	1.4660559549477468	0.2102221895510379	1.4713273417314796	4077051.497352288	-869822.9979767242	1739651.9959534483
KY4_US-Vir17-VA2	dadi_objects_duos/probs.KY4.US-Vir17-VA2.delim	4434217	1167529.8795552114	0.0010707778836804773	5.59340122905721e-05	1.0043718447829935e-05	4077051.497352288	-734945.4559823705	1469896.911964741
KY4_US-Vir17-VA2	dadi_objects_duos/probs.KY4.US-Vir17-VA2.delim	4434217	1169078.9645470537	0.00016096257289080384	0.00018765501510728712	1.0094598631667178e-05	4077051.497352288	-734970.9105979088	1469947.8211958176
KY4_US-Vir17-VA2	dadi_objects_duos/probs.KY4.US-Vir17-VA2.delim	4434217	224173.16128889902	9.831154288026516	4.891686467755405	4.5150576021669835	4077051.497352288	-1066276.469804987	2132558.939609974
KY4_US-Vir17-VA2	dadi_objects_duos/probs.KY4.US-Vir17-VA2.delim	4434217	786272.7517521922	8.46789947792366	0.756127387059013	3.0903512585703665	4077051.497352288	-860900.8928091264	1721807.7856182528
KY4_US-Vir17-VA2	dadi_objects_duos/probs.KY4.US-Vir17-VA2.delim	4434217	415388.6072172788	1.2075742808171506	3.130700152015839	3.7221345610546117	4077051.497352288	-1119944.9020062701	2239895.8040125403
KY4_US-Vir17-VA2	dadi_objects_duos/probs.KY4.US-Vir17-VA2.delim	4434217	1122142.082401619	9.829189795738554	0.20086820765792607	0.13188247831820565	4077051.497352288	-744927.5809928809	1489861.1619857617
KY4_US-Vir17-VA2	dadi_objects_duos/probs.KY4.US-Vir17-VA2.delim	4434217	1089145.2405085757	9.885919898516134	0.29930128604902045	0.3148885330026731	4077051.497352288	-756533.3953474426	1513072.7906948852
KY4_US-Vir17-VA2	dadi_objects_duos/probs.KY4.US-Vir17-VA2.delim	4434217	780072.0195250445	9.721303510995867	0.7236471213866043	2.4815310609917356	4077051.497352288	-854336.8515285952	1708679.7030571904
KY4_US-Vir17-VA2	dadi_objects_duos/probs.KY4.US-Vir17-VA2.delim	4434217	1474007.3680326184	4.312703512164405	0.4826209584215801	4.126177794984464	4077051.497352288	-869826.8234415373	1739659.6468830747
KY4_US-Vir17-VA2	dadi_objects_duos/probs.KY4.US-Vir17-VA2.delim	4434217	1130217.9550154386	9.780024711240872	0.17166078720717198	0.09968962497415487	4077051.497352288	-744325.1580783756	1488656.3161567512
KY4_US-Vir17-VA2	dadi_objects_duos/probs.KY4.US-Vir17-VA2.delim	4434217	449066.23781321885	0.19522580649603039	3.8914710763796134	4.579972597924708	4077051.497352288	-1434782.2730812547	2869570.5461625094
KY4_US-Vir17-VA2	dadi_objects_duos/probs.KY4.US-Vir17-VA2.delim	4434217	423199.66669422894	9.869444105433558	1.8062480941538799	3.035849701760345	4077051.497352288	-854972.1099281061	1709950.2198562121
KY4_US-Vir17-VA2	dadi_objects_duos/probs.KY4.US-Vir17-VA2.delim	4434217	995501.7510572738	9.34269169781315	0.390563315759142	0.3535969474989464	4077051.497352288	-755933.9432943088	1511873.8865886177
KY4_US-Vir17-VA2	dadi_objects_duos/probs.KY4.US-Vir17-VA2.delim	4434217	371291.810160734	6.150105596992992	2.2550862208907962	4.968940671119579	4077051.497352288	-884599.7595062272	1769205.5190124544
KY4_US-Vir17-VA2	dadi_objects_duos/probs.KY4.US-Vir17-VA2.delim	4434217	1094116.762811031	9.772104337491548	0.1320140471698411	0.047559337025464436	4077051.497352288	-753858.5493215045	1507723.098643009
KY4_US-Vir17-VA2	dadi_objects_duos/probs.KY4.US-Vir17-VA2.delim	4434217	333225.8886936236	8.429146422970282	2.7699303603158842	3.3447556325649974	4077051.497352288	-933483.939486022	1866973.878972044
KY4_US-Vir17-VA2	dadi_objects_duos/probs.KY4.US-Vir17-VA2.delim	4434217	1165458.5331917866	0.0019191936086352971	0.0001929472151554946	2.810195378264266e-05	4077051.497352288	-734957.8824184526	1469921.7648369053
KY4_US-Vir17-VA2	dadi_objects_duos/probs.KY4.US-Vir17-VA2.delim	4434217	1078064.9970608028	8.097488733328518	0.257212588122506	0.15290608760623225	4077051.497352288	-750840.8169719307	1501687.6339438614
KY4_US-Vir17-VA2	dadi_objects_duos/probs.KY4.US-Vir17-VA2.delim	4434217	1105255.4194624224	9.850116503203523	0.22471166716420407	0.1527828337768336	4077051.497352288	-745538.85929499	1491083.71858998
KY4_US-Vir17-VA2	dadi_objects_duos/probs.KY4.US-Vir17-VA2.delim	4434217	245218.37481927167	8.294257293233033	4.282944274754711	4.60237048580691	4077051.497352288	-1009931.0702240512	2019868.1404481025
KY4_US-Vir17-VA2	dadi_objects_duos/probs.KY4.US-Vir17-VA2.delim	4434217	1167092.3397287372	0.051226675807264276	3.757016687373199e-05	1.5608006399368798e-05	4077051.497352288	-734927.9118406113	1469861.8236812225
KY4_US-Vir17-VA2	dadi_objects_duos/probs.KY4.US-Vir17-VA2.delim	4434217	304980.6347780021	2.6705136517076227	3.842983385464924	4.892444930265663	4077051.497352288	-1047321.219057706	2094648.438115412
KY4_US-Vir17-VA2	dadi_objects_duos/probs.KY4.US-Vir17-VA2.delim	4434217	1168420.406861939	0.7700361074739268	0.0001399717586469548	6.99192406367449e-05	4077051.497352288	-734942.1321110772	1469890.2642221544
KY4_US-Vir17-VA2	dadi_objects_duos/probs.KY4.US-Vir17-VA2.delim	4434217	1165414.8352664656	0.0021525106698410683	0.00014857889592281007	2.4321639264674988e-05	4077051.497352288	-734953.7385863503	1469913.4771727007
KY4_US-Vir17-VA2	dadi_objects_duos/probs.KY4.US-Vir17-VA2.delim	4434217	1165357.5493504913	0.0032238783834902477	0.0001875375186200525	3.2282463065044826e-05	4077051.497352288	-734957.8474475326	1469921.6948950652
KY4_US-Vir17-VA2	dadi_objects_duos/probs.KY4.US-Vir17-VA2.delim	4434217	3149991.1814659373	8.990763896823378	0.21381558280358848	3.3434197009260824	4077051.497352288	-870924.2097888748	1741854.4195777497
KY4_US-Vir17-VA2	dadi_objects_duos/probs.KY4.US-Vir17-VA2.delim	4434217	265695.3850808923	9.958390790067915	3.806897515828847	3.8601498188567747	4077051.497352288	-1004678.0268967454	2009362.0537934909
KY4_US-Vir17-VA2	dadi_objects_duos/probs.KY4.US-Vir17-VA2.delim	4434217	1169194.1561764611	0.00018136255041370243	0.00016327904645911518	1.0006428358029593e-05	4077051.497352288	-734971.8924411101	1469949.7848822202
KY4_US-Vir17-VA2	dadi_objects_duos/probs.KY4.US-Vir17-VA2.delim	4434217	421434.2594890307	8.958363897642158	1.7666899103101834	3.944781691229268	4077051.497352288	-855666.0858353563	1711338.1716707125
KY4_US-Vir17-VA2	dadi_objects_duos/probs.KY4.US-Vir17-VA2.delim	4434217	235139.37390971332	6.643202281061294	5.418421819414217	3.7872247115881077	4077051.497352288	-1203454.4904336196	2406914.980867239
KY4_US-Vir17-VA2	dadi_objects_duos/probs.KY4.US-Vir17-VA2.delim	4434217	312689.4439902299	6.5003520293842	3.1272734684422634	3.942042639421262	4077051.497352288	-953469.2848087816	1906944.5696175632
KY4_US-Vir17-VA2	dadi_objects_duos/probs.KY4.US-Vir17-VA2.delim	4434217	298463.8561626167	9.607808883977178	3.116946432966796	3.8211825858529975	4077051.497352288	-938415.6835513111	1876837.3671026223
KY4_US-Vir17-VA2	dadi_objects_duos/probs.KY4.US-Vir17-VA2.delim	4434217	1168536.8198129237	0.45795878014808294	6.99798659790952e-05	3.5659379380850355e-05	4077051.497352288	-734934.8992033912	1469875.7984067823
KY4_US-Vir17-VA2	dadi_objects_duos/probs.KY4.US-Vir17-VA2.delim	4434217	1170489.4113262955	0.001222995452431027	0.0002018772893403177	2.552399888529353e-05	4077051.497352288	-735003.7021415662	1470013.4042831324
KY4_US-Vir17-VA2	dadi_objects_duos/probs.KY4.US-Vir17-VA2.delim	4434217	340612810.2255973	0.00023089558828077252	0.0028004069427427693	4.969616140277595	4077051.497352288	-927679.0604362004	1855364.1208724007
KY4_US-Vir17-VA2	dadi_objects_duos/probs.KY4.US-Vir17-VA2.delim	4434217	258040.52915019068	1.353801993551863	6.327101591320815	4.829720117562583	4077051.497352288	-1352698.7636604556	2705403.527320911
KY4_US-Vir17-VA2	dadi_objects_duos/probs.KY4.US-Vir17-VA2.delim	4434217	186726.8396098106	8.281832301604343	7.075503167167529	4.796757278474688	4077051.497352288	-1256285.8911772645	2512577.782354529
KY4_US-Vir17-VA2	dadi_objects_duos/probs.KY4.US-Vir17-VA2.delim	4434217	327650.1283924853	9.916139165549007	2.550854833542336	4.200606094345685	4077051.497352288	-882554.6759020039	1765115.3518040078
KY4_US-Vir17-VA2	dadi_objects_duos/probs.KY4.US-Vir17-VA2.delim	4434217	227195.74476211335	9.494681566307667	4.6650567191418535	4.824630126200853	4077051.497352288	-1024537.974923135	2049081.94984627
KY4_US-Vir17-VA2	dadi_objects_duos/probs.KY4.US-Vir17-VA2.delim	4434217	304057.3836342357	9.079799457876588	2.98977548264653	4.07017567800804	4077051.497352288	-920076.4334082344	1840158.8668164688
KY4_US-Vir17-VA2	dadi_objects_duos/probs.KY4.US-Vir17-VA2.delim	4434217	353752.46537613025	8.853486108275941	2.2269568476935233	4.96825338810297	4077051.497352288	-868092.3884267906	1736190.7768535812
KY4_US-Vir17-VA2	dadi_objects_duos/probs.KY4.US-Vir17-VA2.delim	4434217	252941.83407806788	7.506465164434241	4.243756121964219	4.372050253907308	4077051.497352288	-1024629.7781509738	2049265.5563019477
KY4_US-Vir17-VA2	dadi_objects_duos/probs.KY4.US-Vir17-VA2.delim	4434217	730823.3113481805	5.841864688244724	6.0451423576108025	0.08684488749417772	4077051.497352288	-1522656.2697024364	3045318.539404873
KY4_US-Vir17-VA2	dadi_objects_duos/probs.KY4.US-Vir17-VA2.delim	4434217	1168914.7135784198	8.84543262354497e-05	0.00042272265772447693	1.0164283667966737e-05	4077051.497352288	-734972.1311442397	1469950.2622884794
KY4_US-Vir17-VA2	dadi_objects_duos/probs.KY4.US-Vir17-VA2.delim	4434217	1166929.071528545	0.0021928651728030115	6.450455099467101e-05	1.3467326456284607e-05	4077051.497352288	-734942.4959570743	1469890.9919141487
KY4_US-Vir17-VA2	dadi_objects_duos/probs.KY4.US-Vir17-VA2.delim	4434217	944717.5430739791	9.988461410357449	0.3970395624078631	0.1659609716331936	4077051.497352288	-810677.5764241362	1621361.1528482724
KY4_US-Vir17-VA2	dadi_objects_duos/probs.KY4.US-Vir17-VA2.delim	4434217	1102464.8837518804	9.985331018627031	0.3304917070605251	0.5088755617157221	4077051.497352288	-788601.8387140789	1577209.6774281578
KY4_US-Vir17-VA2	dadi_objects_duos/probs.KY4.US-Vir17-VA2.delim	4434217	924445.9272540611	4.829515846101332	7.736114188309699	0.007785508816585537	4077051.497352288	-992641.746821655	1985289.49364331
KY4_US-Vir17-VA2	dadi_objects_duos/probs.KY4.US-Vir17-VA2.delim	4434217	1163436.4889257094	0.0164424644988203	0.00023765688399890895	5.76489889220989e-05	4077051.497352288	-734982.6607333422	1469971.3214666843
KY4_US-Vir17-VA2	dadi_objects_duos/probs.KY4.US-Vir17-VA2.delim	4434217	317852.15963199944	3.0053364814127637	3.764682151129977	3.8815516926306772	4077051.497352288	-1071318.4042000184	2142642.8084000368
KY4_US-Vir17-VA2	dadi_objects_duos/probs.KY4.US-Vir17-VA2.delim	4434217	207879.44303843667	9.920954959452795	5.493548911242217	4.750556734289708	4077051.497352288	-1105377.323209506	2210760.646419012
KY4_US-Vir17-VA2	dadi_objects_duos/probs.KY4.US-Vir17-VA2.delim	4434217	1051566.6996512078	4.77612509371813	0.5345947085008901	1.5382525291547027	4077051.497352288	-854949.6512399829	1709905.3024799658
KY4_US-Vir17-VA2	dadi_objects_duos/probs.KY4.US-Vir17-VA2.delim	4434217	579510.7151292771	9.01317306105873	1.1277610283046362	2.819069386650146	4077051.497352288	-841369.2640013131	1682744.5280026263
KY4_US-Vir17-VA2	dadi_objects_duos/probs.KY4.US-Vir17-VA2.delim	4434217	488557.15173342486	5.267787037405368	1.6024131264237627	4.103706016549784	4077051.497352288	-870779.2263463021	1741564.4526926042
KY4_US-Vir17-VA2	dadi_objects_duos/probs.KY4.US-Vir17-VA2.delim	4434217	1166038.9023639113	9.13417680858354	0.013303054939008052	0.005497816571203741	4077051.497352288	-736258.1042018052	1472522.2084036104
KY4_US-Vir17-VA2	dadi_objects_duos/probs.KY4.US-Vir17-VA2.delim	4434217	247017.97070841317	7.862940382207575	4.5076761471552516	4.112305811273032	4077051.497352288	-1066771.2732209186	2133548.546441837
KY4_US-Vir17-VA2	dadi_objects_duos/probs.KY4.US-Vir17-VA2.delim	4434217	1025516.3236619461	9.904081545893538	0.3428857929701502	0.2940560609267745	4077051.497352288	-751298.3476266111	1502602.6952532222
