Pair_name	fs_name	L	theta	nuB	nuF	T	fs_sanitycheck	-2LL_model	AIC
KY6_US-Vir17-VA2	dadi_objects_duos/probs.KY6.US-Vir17-VA2.delim	4271332	641177.2953603085	7.982460685490646	1.0089563236858126	1.781750450680677	3814934.358043116	-820813.2274462342	1641632.4548924684
KY6_US-Vir17-VA2	dadi_objects_duos/probs.KY6.US-Vir17-VA2.delim	4271332	216409.56464881802	7.331047931180572	5.725275968139326	4.718356402708712	3814934.358043116	-1064031.4717677636	2128068.943535527
KY6_US-Vir17-VA2	dadi_objects_duos/probs.KY6.US-Vir17-VA2.delim	4271332	1128223.0352766763	0.019565993688013084	3.7016036618562335e-05	1.2565752250010895e-05	3814934.358043116	-769571.0716584481	1539148.1433168962
KY6_US-Vir17-VA2	dadi_objects_duos/probs.KY6.US-Vir17-VA2.delim	4271332	1128996.3524646193	0.0013442961859635452	0.0001698459813788698	2.1847452260004697e-05	3814934.358043116	-769589.6576468692	1539185.3152937384
KY6_US-Vir17-VA2	dadi_objects_duos/probs.KY6.US-Vir17-VA2.delim	4271332	1126009.0550004768	0.005023174981285592	0.00022729682226744536	3.927888247945568e-05	3814934.358043116	-769590.3913772772	1539186.7827545544
KY6_US-Vir17-VA2	dadi_objects_duos/probs.KY6.US-Vir17-VA2.delim	4271332	407445.18847425014	9.06324007399383	1.7842252150880826	4.815003676692236	3814934.358043116	-843655.9747327412	1687317.9494654825
KY6_US-Vir17-VA2	dadi_objects_duos/probs.KY6.US-Vir17-VA2.delim	4271332	401591.33765130583	7.473548130716913	1.9463826559638253	4.257898341830414	3814934.358043116	-848566.497749201	1697138.995498402
KY6_US-Vir17-VA2	dadi_objects_duos/probs.KY6.US-Vir17-VA2.delim	4271332	502327.9657910153	9.70334087656199	1.4297158684466984	2.2417629991427783	3814934.358043116	-829335.0665378058	1658676.1330756117
KY6_US-Vir17-VA2	dadi_objects_duos/probs.KY6.US-Vir17-VA2.delim	4271332	186395.9800738022	8.566825316169684	7.311704885789555	4.888949195503181	3814934.358043116	-1173936.824110171	2347879.648220342
KY6_US-Vir17-VA2	dadi_objects_duos/probs.KY6.US-Vir17-VA2.delim	4271332	260657.24435119802	8.342314389144803	3.8955595160223657	4.584828714127598	3814934.358043116	-932792.0303469483	1865590.0606938966
KY6_US-Vir17-VA2	dadi_objects_duos/probs.KY6.US-Vir17-VA2.delim	4271332	797776.7528953237	3.056712597596587	4.317693864011354	0.08040868915953756	3814934.358043116	-1188688.7537462728	2377383.5074925455
KY6_US-Vir17-VA2	dadi_objects_duos/probs.KY6.US-Vir17-VA2.delim	4271332	1129334.3301020542	0.001849041280520655	0.00016288004659687082	2.3624032259933975e-05	3814934.358043116	-769592.7033375485	1539191.406675097
KY6_US-Vir17-VA2	dadi_objects_duos/probs.KY6.US-Vir17-VA2.delim	4271332	563225.1760493004	3.0894089481670504	1.4917574725927498	4.828312954681994	3814934.358043116	-863236.1790723716	1726478.3581447431
KY6_US-Vir17-VA2	dadi_objects_duos/probs.KY6.US-Vir17-VA2.delim	4271332	1118644.0974665736	4.333662535081251	0.11538682345830804	0.03977211291264903	3814934.358043116	-775432.8414482103	1550871.6828964206
KY6_US-Vir17-VA2	dadi_objects_duos/probs.KY6.US-Vir17-VA2.delim	4271332	750204.2699166632	9.679286806646552	0.7713447178627187	0.6982507715723559	3814934.358043116	-810070.762484988	1620147.524969976
KY6_US-Vir17-VA2	dadi_objects_duos/probs.KY6.US-Vir17-VA2.delim	4271332	253621.2566600631	8.938522204726414	4.267186692246287	4.080658390124733	3814934.358043116	-985680.2188835727	1971366.4377671455
KY6_US-Vir17-VA2	dadi_objects_duos/probs.KY6.US-Vir17-VA2.delim	4271332	719048.8993025961	3.784734219447644	1.0526296031349371	4.7306106929069704	3814934.358043116	-853986.2642798389	1707978.5285596778
KY6_US-Vir17-VA2	dadi_objects_duos/probs.KY6.US-Vir17-VA2.delim	4271332	199679.70220823312	9.714591201108442	6.073573060485801	4.925779810178	3814934.358043116	-1072904.1256933871	2145814.2513867742
KY6_US-Vir17-VA2	dadi_objects_duos/probs.KY6.US-Vir17-VA2.delim	4271332	228815.85126458973	9.982944192575307	4.755373986417443	4.618519785030057	3814934.358043116	-989663.1287854379	1979332.2575708758
KY6_US-Vir17-VA2	dadi_objects_duos/probs.KY6.US-Vir17-VA2.delim	4271332	257290.4949014463	1.387094060493723	6.749364247935824	4.776845159053181	3814934.358043116	-1255533.5629954818	2511073.1259909635
KY6_US-Vir17-VA2	dadi_objects_duos/probs.KY6.US-Vir17-VA2.delim	4271332	997895.8644456171	9.819305940556855	0.35388865044865325	0.29508333828787986	3814934.358043116	-774573.8271643734	1549153.6543287467
KY6_US-Vir17-VA2	dadi_objects_duos/probs.KY6.US-Vir17-VA2.delim	4271332	488912.1138072892	5.0276490959704985	1.5982638342827156	4.453740219260286	3814934.358043116	-852670.0128609008	1705346.0257218017
KY6_US-Vir17-VA2	dadi_objects_duos/probs.KY6.US-Vir17-VA2.delim	4271332	951483.3797663085	9.179062181722221	0.44487304669994565	0.5014559973587952	3814934.358043116	-782242.3375560162	1564490.6751120323
KY6_US-Vir17-VA2	dadi_objects_duos/probs.KY6.US-Vir17-VA2.delim	4271332	533499.593747856	9.368790147913543	1.266571905850408	2.5611829799118353	3814934.358043116	-827985.9120354982	1655977.8240709964
KY6_US-Vir17-VA2	dadi_objects_duos/probs.KY6.US-Vir17-VA2.delim	4271332	524630.7976366073	8.62485715867422	1.330507235313915	2.551696202962617	3814934.358043116	-830257.0474968313	1660520.0949936626
KY6_US-Vir17-VA2	dadi_objects_duos/probs.KY6.US-Vir17-VA2.delim	4271332	1073014.1478867908	9.895528025299505	0.25145774471872845	0.1908587594462964	3814934.358043116	-773195.541155668	1546397.082311336
KY6_US-Vir17-VA2	dadi_objects_duos/probs.KY6.US-Vir17-VA2.delim	4271332	364055.89394595183	9.752162944337746	2.182412602600758	3.9020876226310377	3814934.358043116	-848284.2955649449	1696574.5911298897
KY6_US-Vir17-VA2	dadi_objects_duos/probs.KY6.US-Vir17-VA2.delim	4271332	303155.1280886412	9.905501122563518	3.2896659116188314	3.189589370442681	3814934.358043116	-955758.7808608274	1911523.5617216548
KY6_US-Vir17-VA2	dadi_objects_duos/probs.KY6.US-Vir17-VA2.delim	4271332	434717.26049692533	0.23907419391637377	4.107895077331985	4.768503188867351	3814934.358043116	-1281226.733291711	2562459.466583422
KY6_US-Vir17-VA2	dadi_objects_duos/probs.KY6.US-Vir17-VA2.delim	4271332	215631.42676278576	2.8929609632089472	7.4466743420080395	4.946413231770493	3814934.358043116	-1214018.2712989806	2428042.542597961
KY6_US-Vir17-VA2	dadi_objects_duos/probs.KY6.US-Vir17-VA2.delim	4271332	201036.3278350249	9.82630762598202	5.9976917722207865	4.889649300084899	3814934.358043116	-1069725.0087822736	2139456.0175645472
KY6_US-Vir17-VA2	dadi_objects_duos/probs.KY6.US-Vir17-VA2.delim	4271332	594042.0433513041	8.946995192776084	1.0722298954290328	2.6757350003408895	3814934.358043116	-833978.1075311495	1667962.215062299
KY6_US-Vir17-VA2	dadi_objects_duos/probs.KY6.US-Vir17-VA2.delim	4271332	224278.19992276773	9.768306910226336	4.931103810125104	4.697697925938281	3814934.358043116	-998814.884263214	1997635.768526428
KY6_US-Vir17-VA2	dadi_objects_duos/probs.KY6.US-Vir17-VA2.delim	4271332	833416.0570934791	2.730454507214259	5.643426220881022	0.05522733836516818	3814934.358043116	-1124259.5385501194	2248525.0771002388
KY6_US-Vir17-VA2	dadi_objects_duos/probs.KY6.US-Vir17-VA2.delim	4271332	216281.39859768472	8.361900765490796	5.856764683186494	4.284509955092336	3814934.358043116	-1110262.723462707	2220531.446925414
KY6_US-Vir17-VA2	dadi_objects_duos/probs.KY6.US-Vir17-VA2.delim	4271332	256376.9610697019	7.638133172726228	4.205838376431373	4.384015877744526	3814934.358043116	-966652.91131476	1933311.82262952
KY6_US-Vir17-VA2	dadi_objects_duos/probs.KY6.US-Vir17-VA2.delim	4271332	192481.11821348677	7.508219577674684	7.379096656304304	4.62253221407389	3814934.358043116	-1204447.3881483097	2408900.7762966193
KY6_US-Vir17-VA2	dadi_objects_duos/probs.KY6.US-Vir17-VA2.delim	4271332	423244.27220761834	9.666311155747396	1.9948244131354376	2.187178701666665	3814934.358043116	-881718.5597704707	1763443.1195409414
KY6_US-Vir17-VA2	dadi_objects_duos/probs.KY6.US-Vir17-VA2.delim	4271332	1129071.0625171054	0.04086755896596498	2.6164711215158722e-05	1.0460261309687799e-05	3814934.358043116	-769573.6599818071	1539153.3199636142
KY6_US-Vir17-VA2	dadi_objects_duos/probs.KY6.US-Vir17-VA2.delim	4271332	74310452.30970904	0.4340644730129224	0.012458618766718542	1.1326606643389647	3814934.358043116	-881670.1613827512	1763346.3227655024
KY6_US-Vir17-VA2	dadi_objects_duos/probs.KY6.US-Vir17-VA2.delim	4271332	675531.5570134633	0.39413511567563897	1.8363443738297158	4.936128610908706	3814934.358043116	-998591.7987965491	1997189.5975930982
KY6_US-Vir17-VA2	dadi_objects_duos/probs.KY6.US-Vir17-VA2.delim	4271332	2068912.7646133965	4.7215137809505165	0.36565934690799995	4.822949591027448	3814934.358043116	-856240.5534812518	1712487.1069625036
KY6_US-Vir17-VA2	dadi_objects_duos/probs.KY6.US-Vir17-VA2.delim	4271332	1126508.1637431183	0.006908775008634242	4.428508536075196e-05	1.2028028451301269e-05	3814934.358043116	-769573.9213280363	1539153.8426560727
KY6_US-Vir17-VA2	dadi_objects_duos/probs.KY6.US-Vir17-VA2.delim	4271332	987063.3952530173	9.18307848124391	0.36952269951028893	0.28571211664204565	3814934.358043116	-776560.4350019225	1553126.870003845
KY6_US-Vir17-VA2	dadi_objects_duos/probs.KY6.US-Vir17-VA2.delim	4271332	457274.3574798242	9.427597255587406	1.726563667899738	2.1891734790245048	3814934.358043116	-852660.1453382971	1705326.2906765942
KY6_US-Vir17-VA2	dadi_objects_duos/probs.KY6.US-Vir17-VA2.delim	4271332	955151.1239020097	0.22409152473921712	1.3702358699774606	3.2862631619694245	3814934.358043116	-1030917.9763914113	2061841.9527828225
KY6_US-Vir17-VA2	dadi_objects_duos/probs.KY6.US-Vir17-VA2.delim	4271332	892492.7045743322	9.369590351945934	0.5163770320662409	0.5117238301927487	3814934.358043116	-783080.1652362475	1566166.330472495
KY6_US-Vir17-VA2	dadi_objects_duos/probs.KY6.US-Vir17-VA2.delim	4271332	898860.1902450954	9.593766093938704	0.5022342372855438	0.48232395562355007	3814934.358043116	-782106.8823222475	1564219.764644495
KY6_US-Vir17-VA2	dadi_objects_duos/probs.KY6.US-Vir17-VA2.delim	4271332	1130251.9774514516	0.00012165476157292712	0.00034453203708370713	1.0718494961373321e-05	3814934.358043116	-769605.7314412748	1539217.4628825495
KY6_US-Vir17-VA2	dadi_objects_duos/probs.KY6.US-Vir17-VA2.delim	4271332	1011370.6179118062	9.055718250227025	0.3430057964701589	0.27612539962719923	3814934.358043116	-775119.1994553041	1550244.3989106081
KY6_US-Vir17-VA2	dadi_objects_duos/probs.KY6.US-Vir17-VA2.delim	4271332	3396215.8355254238	9.450816501032538	0.21585467790576074	4.1769890969527035	3814934.358043116	-856010.0529113985	1712026.105822797
KY6_US-Vir17-VA2	dadi_objects_duos/probs.KY6.US-Vir17-VA2.delim	4271332	678513.5460262824	9.414279376205476	0.9233501395120791	1.0715414120359457	3814934.358043116	-810705.8237654046	1621417.6475308093
KY6_US-Vir17-VA2	dadi_objects_duos/probs.KY6.US-Vir17-VA2.delim	4271332	1105273.539597156	2.1373644782090184	0.6517172541255952	2.1822732275308123	3814934.358043116	-851451.4084048505	1702908.816809701
KY6_US-Vir17-VA2	dadi_objects_duos/probs.KY6.US-Vir17-VA2.delim	4271332	377247.9290270354	2.6852469050673067	2.7474019066893716	4.91299007413046	3814934.358043116	-917402.226550854	1834810.453101708
KY6_US-Vir17-VA2	dadi_objects_duos/probs.KY6.US-Vir17-VA2.delim	4271332	352472.0464498274	9.340296523458397	2.7153423504310905	2.5924408935719216	3814934.358043116	-939787.0923697834	1879580.1847395669
KY6_US-Vir17-VA2	dadi_objects_duos/probs.KY6.US-Vir17-VA2.delim	4271332	1129187.9743123818	0.07114925719325013	3.24348220859933e-05	1.3574273877179986e-05	3814934.358043116	-769574.2422872465	1539154.484574493
KY6_US-Vir17-VA2	dadi_objects_duos/probs.KY6.US-Vir17-VA2.delim	4271332	841543.797168631	9.658143659921521	0.5923464803819772	0.5275523129895364	3814934.358043116	-791771.1412836992	1583548.2825673984
KY6_US-Vir17-VA2	dadi_objects_duos/probs.KY6.US-Vir17-VA2.delim	4271332	1072139.2746340933	8.976559398325776	0.23552657359790174	0.1472649092536763	3814934.358043116	-773795.4571761116	1547596.9143522233
KY6_US-Vir17-VA2	dadi_objects_duos/probs.KY6.US-Vir17-VA2.delim	4271332	375552.81536243355	2.210505601201699	2.9652480116078546	4.661677500053039	3814934.358043116	-946801.3756165734	1893608.7512331468
KY6_US-Vir17-VA2	dadi_objects_duos/probs.KY6.US-Vir17-VA2.delim	4271332	432966.6530309455	9.504152207278475	1.684110809538104	3.5346813807963438	3814934.358043116	-837290.1926828511	1674586.3853657022
KY6_US-Vir17-VA2	dadi_objects_duos/probs.KY6.US-Vir17-VA2.delim	4271332	755997.7826655959	9.162844161373574	0.7643960857989067	0.7477654734242581	3814934.358043116	-804795.9535853933	1609597.9071707865
KY6_US-Vir17-VA2	dadi_objects_duos/probs.KY6.US-Vir17-VA2.delim	4271332	1127196.280379493	0.008639287035127013	0.00017432757039260042	3.729768387513706e-05	3814934.358043116	-769581.7668483634	1539169.533696727
KY6_US-Vir17-VA2	dadi_objects_duos/probs.KY6.US-Vir17-VA2.delim	4271332	973341.9236119621	9.78840505977226	0.3990077064210224	0.39142946564376047	3814934.358043116	-776812.1521890829	1553630.3043781659
KY6_US-Vir17-VA2	dadi_objects_duos/probs.KY6.US-Vir17-VA2.delim	4271332	820083.9927170033	8.74704521301721	0.6461830842452095	0.6729314959739471	3814934.358043116	-792873.1646713418	1585752.3293426835
KY6_US-Vir17-VA2	dadi_objects_duos/probs.KY6.US-Vir17-VA2.delim	4271332	1047658.3994812127	9.69094257215344	0.2718788548288197	0.18729321059968668	3814934.358043116	-773352.9546385574	1546711.9092771148
KY6_US-Vir17-VA2	dadi_objects_duos/probs.KY6.US-Vir17-VA2.delim	4271332	682348.0570832073	9.917551199794532	0.8818503854589221	1.2810637470513295	3814934.358043116	-805168.3127623001	1610342.6255246003
KY6_US-Vir17-VA2	dadi_objects_duos/probs.KY6.US-Vir17-VA2.delim	4271332	234450.23972355845	7.280292782698117	5.045684501217008	4.4493585045188775	3814934.358043116	-1029441.2250330949	2058888.4500661897
KY6_US-Vir17-VA2	dadi_objects_duos/probs.KY6.US-Vir17-VA2.delim	4271332	261022.3034055387	8.864900842897308	3.810196068310534	4.620214883217833	3814934.358043116	-923818.8136836009	1847643.6273672017
KY6_US-Vir17-VA2	dadi_objects_duos/probs.KY6.US-Vir17-VA2.delim	4271332	1123774.335506779	9.904263663085482	0.016682502370843417	0.0063206494809758115	3814934.358043116	-770540.8038544426	1541087.607708885
KY6_US-Vir17-VA2	dadi_objects_duos/probs.KY6.US-Vir17-VA2.delim	4271332	453895.32307510887	4.425824798568439	1.8321218064929128	4.588108094524839	3814934.358043116	-860318.9957167102	1720643.9914334205
KY6_US-Vir17-VA2	dadi_objects_duos/probs.KY6.US-Vir17-VA2.delim	4271332	819619.0185256833	9.70585270694699	0.6292867001776367	0.6611779243538584	3814934.358043116	-790238.7568582938	1580483.5137165876
KY6_US-Vir17-VA2	dadi_objects_duos/probs.KY6.US-Vir17-VA2.delim	4271332	1129604.0628073101	0.0038963629871259604	0.000159173020375757	2.8944631742719158e-05	3814934.358043116	-769595.3920911832	1539196.7841823664
KY6_US-Vir17-VA2	dadi_objects_duos/probs.KY6.US-Vir17-VA2.delim	4271332	1871827553.870583	1.002090378443416e-05	0.0005104805575907335	2.3641497967526433	3814934.358043116	-889515.1894873199	1779036.3789746398
KY6_US-Vir17-VA2	dadi_objects_duos/probs.KY6.US-Vir17-VA2.delim	4271332	574634.7830025386	9.716254370673184	1.2793639181443517	1.1842984974823212	3814934.358043116	-859415.5178854347	1718837.0357708693
KY6_US-Vir17-VA2	dadi_objects_duos/probs.KY6.US-Vir17-VA2.delim	4271332	171287.20210282147	6.732505154922113	9.994111516726157	4.597466051475133	3814934.358043116	-1409177.9482393651	2818361.8964787303
KY6_US-Vir17-VA2	dadi_objects_duos/probs.KY6.US-Vir17-VA2.delim	4271332	260775.93564392827	9.362627121071275	3.990395458519503	4.077791980919954	3814934.358043116	-961484.128277295	1922974.25655459
KY6_US-Vir17-VA2	dadi_objects_duos/probs.KY6.US-Vir17-VA2.delim	4271332	62580713.670784645	0.5641975716193836	0.011792514449686957	0.29565763151779456	3814934.358043116	-857097.7797439782	1714201.5594879563
KY6_US-Vir17-VA2	dadi_objects_duos/probs.KY6.US-Vir17-VA2.delim	4271332	489481.0823873406	9.395623893270864	1.4708558827202751	2.5232190876187124	3814934.358043116	-830938.5356539721	1661883.0713079441
KY6_US-Vir17-VA2	dadi_objects_duos/probs.KY6.US-Vir17-VA2.delim	4271332	1122239.7955305446	0.4628531289881511	0.02468006377142365	0.004353821304899769	3814934.358043116	-771105.1433592936	1542216.2867185872
KY6_US-Vir17-VA2	dadi_objects_duos/probs.KY6.US-Vir17-VA2.delim	4271332	528058.0230367145	6.5460847371167565	1.443942365156615	2.2706728223407913	3814934.358043116	-840762.1899776736	1681530.3799553472
KY6_US-Vir17-VA2	dadi_objects_duos/probs.KY6.US-Vir17-VA2.delim	4271332	872997.447952473	5.243759685579964	6.280274005089931	0.03041162857633954	3814934.358043116	-1046406.7748957612	2092819.5497915223
KY6_US-Vir17-VA2	dadi_objects_duos/probs.KY6.US-Vir17-VA2.delim	4271332	195294.64105301048	9.663064902715035	6.357016773554836	4.939364518375608	3814934.358043116	-1094339.1664440653	2188684.3328881306
KY6_US-Vir17-VA2	dadi_objects_duos/probs.KY6.US-Vir17-VA2.delim	4271332	1188130.7908034888	7.141690344488085	0.5635860512633257	4.9933885209724265	3814934.358043116	-856366.268213047	1712738.536426094
KY6_US-Vir17-VA2	dadi_objects_duos/probs.KY6.US-Vir17-VA2.delim	4271332	315907.15172614617	0.4345490881802186	6.4624001809708655	4.763942605666291	3814934.358043116	-1414093.4216276933	2828192.8432553867
KY6_US-Vir17-VA2	dadi_objects_duos/probs.KY6.US-Vir17-VA2.delim	4271332	1130035.1809252424	0.00020404237288067367	0.00020048737803932712	1.1058180410860005e-05	3814934.358043116	-769600.9584408964	1539207.9168817927
KY6_US-Vir17-VA2	dadi_objects_duos/probs.KY6.US-Vir17-VA2.delim	4271332	932154.4870320038	9.080281977588319	0.4668111980448219	0.48722002721126056	3814934.358043116	-781191.8966762694	1562389.7933525387
KY6_US-Vir17-VA2	dadi_objects_duos/probs.KY6.US-Vir17-VA2.delim	4271332	930633.6614892627	9.584825950344461	0.4614318628221784	0.4821184304577247	3814934.358043116	-780058.6819022595	1560123.363804519
KY6_US-Vir17-VA2	dadi_objects_duos/probs.KY6.US-Vir17-VA2.delim	4271332	1129779.8635517766	9.700190125997251	0.00028759754706999516	0.00016413454530920415	3814934.358043116	-769588.0059866027	1539182.0119732055
KY6_US-Vir17-VA2	dadi_objects_duos/probs.KY6.US-Vir17-VA2.delim	4271332	684742.7647588447	8.175840255908946	0.9160525103516521	1.3466523064292606	3814934.358043116	-811670.4994252438	1623346.9988504876
KY6_US-Vir17-VA2	dadi_objects_duos/probs.KY6.US-Vir17-VA2.delim	4271332	559247.970218383	9.472952431724138	1.301222911661128	1.4277830057679313	3814934.358043116	-841583.4521791737	1683172.9043583474
KY6_US-Vir17-VA2	dadi_objects_duos/probs.KY6.US-Vir17-VA2.delim	4271332	608316.2375457681	5.802892624304418	1.1437713323816294	3.302106775909326	3814934.358043116	-844599.8054691216	1689205.610938243
KY6_US-Vir17-VA2	dadi_objects_duos/probs.KY6.US-Vir17-VA2.delim	4271332	490554.6686397889	9.979106888012417	1.3938519811420855	3.0554030057969213	3814934.358043116	-831510.6359961265	1663027.271992253
KY6_US-Vir17-VA2	dadi_objects_duos/probs.KY6.US-Vir17-VA2.delim	4271332	950963.2944454408	9.689614939065555	0.42553127891880593	0.39597790831507185	3814934.358043116	-777577.6011343147	1555161.2022686293
KY6_US-Vir17-VA2	dadi_objects_duos/probs.KY6.US-Vir17-VA2.delim	4271332	471398.4660267484	7.838610708677527	1.5397457818398024	3.5674873615579012	3814934.358043116	-840500.363021952	1681006.726043904
KY6_US-Vir17-VA2	dadi_objects_duos/probs.KY6.US-Vir17-VA2.delim	4271332	171988.2480804504	8.26139234691488	8.824720147345761	4.886980639883148	3814934.358043116	-1292386.5385205382	2584779.0770410765
KY6_US-Vir17-VA2	dadi_objects_duos/probs.KY6.US-Vir17-VA2.delim	4271332	639128.4861772074	5.088589962593735	1.1057936924793808	3.5217926280290137	3814934.358043116	-847476.7453168198	1694959.4906336395
KY6_US-Vir17-VA2	dadi_objects_duos/probs.KY6.US-Vir17-VA2.delim	4271332	1127195.2581937318	0.0008627839799258388	0.00030521145041666176	2.6354851468350097e-05	3814934.358043116	-769587.8878587848	1539181.7757175695
KY6_US-Vir17-VA2	dadi_objects_duos/probs.KY6.US-Vir17-VA2.delim	4271332	859262.6728051777	9.525039757717876	0.5659754388620558	0.5736762290824818	3814934.358043116	-786162.7415117923	1572331.4830235846
KY6_US-Vir17-VA2	dadi_objects_duos/probs.KY6.US-Vir17-VA2.delim	4271332	1129076.4198509054	1.4736878996596998	1.9815458206649465e-05	1.2075696093441277e-05	3814934.358043116	-769559.8104040858	1539125.6208081716
KY6_US-Vir17-VA2	dadi_objects_duos/probs.KY6.US-Vir17-VA2.delim	4271332	508196.7413968321	9.740804434195054	1.4564802241397745	1.8879332573678012	3814934.358043116	-837488.8888603046	1674983.7777206092
