Pair_name	fs_name	L	theta	nuB	nuF	T	fs_sanitycheck	-2LL_model	AIC
KY7_US-Vir17-VA2	dadi_objects_duos/probs.KY7.US-Vir17-VA2.delim	4396106	521468.2711272456	7.3406833146105175	1.3414202438188902	4.991122553994004	4064158.1649177796	-947740.1399449528	1895486.2798899056
KY7_US-Vir17-VA2	dadi_objects_duos/probs.KY7.US-Vir17-VA2.delim	4396106	233389.46420737612	8.298638818551295	4.5016832390258825	4.850081523388835	4064158.1649177796	-1109691.2076305936	2219388.415261187
KY7_US-Vir17-VA2	dadi_objects_duos/probs.KY7.US-Vir17-VA2.delim	4396106	1004390.3238648628	6.262872213228755	0.5405548244116938	1.784691191745315	4064158.1649177796	-942270.0843502146	1884546.1687004291
KY7_US-Vir17-VA2	dadi_objects_duos/probs.KY7.US-Vir17-VA2.delim	4396106	1167741.6021360997	4.514643799365447e-05	0.006529751863567029	1.358138980407398e-05	4064158.1649177796	-814356.0771389803	1628718.1542779605
KY7_US-Vir17-VA2	dadi_objects_duos/probs.KY7.US-Vir17-VA2.delim	4396106	1167696.7753648756	0.013132728346103864	0.00010893983171561063	3.161476725061295e-05	4064158.1649177796	-814332.9102783496	1628671.8205566993
KY7_US-Vir17-VA2	dadi_objects_duos/probs.KY7.US-Vir17-VA2.delim	4396106	1162067.1695103485	0.004105216844533646	5.374951031938485e-05	1.3758457112062465e-05	4064158.1649177796	-814300.683048482	1628607.366096964
KY7_US-Vir17-VA2	dadi_objects_duos/probs.KY7.US-Vir17-VA2.delim	4396106	582686.0019978683	9.275078612147206	1.1175421930360236	2.2763520290079553	4064158.1649177796	-916468.6256088384	1832943.2512176768
KY7_US-Vir17-VA2	dadi_objects_duos/probs.KY7.US-Vir17-VA2.delim	4396106	936768.4026597057	9.726680966856435	0.45687951233960067	0.44937873367591874	4064158.1649177796	-845068.499648067	1690142.999296134
KY7_US-Vir17-VA2	dadi_objects_duos/probs.KY7.US-Vir17-VA2.delim	4396106	954154.2275851632	9.904042359794667	0.42396352843424484	0.37311677681699384	4064158.1649177796	-842298.7989998283	1684603.5979996566
KY7_US-Vir17-VA2	dadi_objects_duos/probs.KY7.US-Vir17-VA2.delim	4396106	982970.5272574316	9.650806858132006	0.3913224074787472	0.3471475516625322	4064158.1649177796	-838798.0893132827	1677602.1786265655
KY7_US-Vir17-VA2	dadi_objects_duos/probs.KY7.US-Vir17-VA2.delim	4396106	1160077.6780633717	8.662483823858246	0.021235561734610886	0.008574644924407574	4064158.1649177796	-816548.594781468	1633103.189562936
KY7_US-Vir17-VA2	dadi_objects_duos/probs.KY7.US-Vir17-VA2.delim	4396106	427152.53265714756	9.727735000274818	1.64904081783191	4.580021815019117	4064158.1649177796	-940593.5248549691	1881193.0497099382
KY7_US-Vir17-VA2	dadi_objects_duos/probs.KY7.US-Vir17-VA2.delim	4396106	176450.51237296624	9.581511301642527	7.305642259785316	4.967279650492869	4064158.1649177796	-1358763.4331631688	2717532.8663263377
KY7_US-Vir17-VA2	dadi_objects_duos/probs.KY7.US-Vir17-VA2.delim	4396106	622089.791874168	4.193759781116264	1.2051332207760046	3.694934657175502	4064158.1649177796	-955121.8358969925	1910249.671793985
KY7_US-Vir17-VA2	dadi_objects_duos/probs.KY7.US-Vir17-VA2.delim	4396106	492056.66243529157	8.095033542575834	1.4293048664858956	3.639855003729548	4064158.1649177796	-938758.5748222572	1877523.1496445143
KY7_US-Vir17-VA2	dadi_objects_duos/probs.KY7.US-Vir17-VA2.delim	4396106	407765.099504215	9.009885577636068	2.091146113602964	2.3124540726167155	4064158.1649177796	-1003543.0873335236	2007092.174667047
KY7_US-Vir17-VA2	dadi_objects_duos/probs.KY7.US-Vir17-VA2.delim	4396106	1163103.7698039573	0.0033294080473258696	4.802215094047191e-05	1.2100999687961089e-05	4064158.1649177796	-814292.0006446057	1628590.0012892114
KY7_US-Vir17-VA2	dadi_objects_duos/probs.KY7.US-Vir17-VA2.delim	4396106	338402.34032194567	9.978540976332338	2.3564641443790815	4.371906777401576	4064158.1649177796	-959332.7115178601	1918671.4230357201
KY7_US-Vir17-VA2	dadi_objects_duos/probs.KY7.US-Vir17-VA2.delim	4396106	1076341.9585112361	9.687506043405408	0.2906477731806587	0.26824779138169946	4064158.1649177796	-832817.6528322775	1665641.305664555
KY7_US-Vir17-VA2	dadi_objects_duos/probs.KY7.US-Vir17-VA2.delim	4396106	1167066.089037839	0.00046537670356928154	0.00017895104902991183	1.6630283956910233e-05	4064158.1649177796	-814331.4390116035	1628668.878023207
KY7_US-Vir17-VA2	dadi_objects_duos/probs.KY7.US-Vir17-VA2.delim	4396106	3909652.3658964224	5.573806381088279	0.17549925230047433	2.6732480986157596	4064158.1649177796	-956169.6531930848	1912345.3063861695
KY7_US-Vir17-VA2	dadi_objects_duos/probs.KY7.US-Vir17-VA2.delim	4396106	1166556.2963741831	0.0008352229876242254	0.00010563612999578279	1.4923283644950695e-05	4064158.1649177796	-814317.4835832155	1628640.967166431
KY7_US-Vir17-VA2	dadi_objects_duos/probs.KY7.US-Vir17-VA2.delim	4396106	412271.97213928914	0.546806919496184	3.842379105470723	3.8613868421093334	4064158.1649177796	-1426970.2690950448	2853946.5381900896
KY7_US-Vir17-VA2	dadi_objects_duos/probs.KY7.US-Vir17-VA2.delim	4396106	349225.4113705965	9.093104944908102	2.2273997042557463	4.987570544438707	4064158.1649177796	-955189.5043701055	1910385.008740211
KY7_US-Vir17-VA2	dadi_objects_duos/probs.KY7.US-Vir17-VA2.delim	4396106	836976.5793652511	9.96297103629672	0.6536682159441736	2.600678559794143	4064158.1649177796	-945575.3108203616	1891156.6216407232
KY7_US-Vir17-VA2	dadi_objects_duos/probs.KY7.US-Vir17-VA2.delim	4396106	297897.4803863854	9.543436547691686	3.1385362365162552	3.6377358364337593	4064158.1649177796	-1042988.6406236244	2085983.2812472489
KY7_US-Vir17-VA2	dadi_objects_duos/probs.KY7.US-Vir17-VA2.delim	4396106	1151240.2664389184	3.421410285853295	0.459086948484127	0.9224829324577097	4064158.1649177796	-926097.8193529387	1852201.6387058774
KY7_US-Vir17-VA2	dadi_objects_duos/probs.KY7.US-Vir17-VA2.delim	4396106	1166538.350523758	5.484995544344762e-05	0.0013503331378675945	1.092962771490519e-05	4064158.1649177796	-814328.5603702399	1628663.1207404798
KY7_US-Vir17-VA2	dadi_objects_duos/probs.KY7.US-Vir17-VA2.delim	4396106	630884.9552984904	7.533191352120309	1.038581930043091	2.130221021477675	4064158.1649177796	-920657.9368624476	1841321.8737248953
KY7_US-Vir17-VA2	dadi_objects_duos/probs.KY7.US-Vir17-VA2.delim	4396106	5469356.883538927	0.011811653947522722	0.18385002007008547	4.9893592096258965	4064158.1649177796	-1046700.6540536702	2093407.3081073405
KY7_US-Vir17-VA2	dadi_objects_duos/probs.KY7.US-Vir17-VA2.delim	4396106	497255.3028837737	8.052705810852533	1.3960738589646984	4.988998108568143	4064158.1649177796	-946012.5266984472	1892031.0533968944
KY7_US-Vir17-VA2	dadi_objects_duos/probs.KY7.US-Vir17-VA2.delim	4396106	1167102.0491890267	0.0013172116551128103	0.00012255267274755488	1.9207681080935652e-05	4064158.1649177796	-814327.7117780717	1628661.4235561434
KY7_US-Vir17-VA2	dadi_objects_duos/probs.KY7.US-Vir17-VA2.delim	4396106	166149.53540258505	8.231560100548345	8.579808862386598	4.991913535252647	4064158.1649177796	-1474884.5772783924	2949775.154556785
KY7_US-Vir17-VA2	dadi_objects_duos/probs.KY7.US-Vir17-VA2.delim	4396106	479877.3084813375	7.413595477669714	1.4890139346197693	4.884318496518408	4064158.1649177796	-947728.8518387906	1895463.7036775812
KY7_US-Vir17-VA2	dadi_objects_duos/probs.KY7.US-Vir17-VA2.delim	4396106	467461.62847154296	8.334770947357795	1.7682712416693167	1.8179574232069586	4064158.1649177796	-994880.0740536108	1989766.1481072216
KY7_US-Vir17-VA2	dadi_objects_duos/probs.KY7.US-Vir17-VA2.delim	4396106	1166241.2888100194	4.6614507173412376e-05	0.0019733970078321893	1.0654522597880177e-05	4064158.1649177796	-814324.3494401027	1628654.6988802054
KY7_US-Vir17-VA2	dadi_objects_duos/probs.KY7.US-Vir17-VA2.delim	4396106	686415.5783864106	3.6393049027274067	1.1203164001615868	4.757316517879124	4064158.1649177796	-961861.845338841	1923729.690677682
KY7_US-Vir17-VA2	dadi_objects_duos/probs.KY7.US-Vir17-VA2.delim	4396106	1188740.6337768887	4.0745021974309115	0.41427684449056357	0.918725494603676	4064158.1649177796	-931526.1028059553	1863058.2056119107
KY7_US-Vir17-VA2	dadi_objects_duos/probs.KY7.US-Vir17-VA2.delim	4396106	183177.9946246269	8.581286495603413	7.090386675701224	4.840350898627483	4064158.1649177796	-1352377.0235394235	2704760.047078847
KY7_US-Vir17-VA2	dadi_objects_duos/probs.KY7.US-Vir17-VA2.delim	4396106	1167004.8992442458	0.00023639726333132862	0.00021913856314634993	1.3612885935482676e-05	4064158.1649177796	-814330.9129800273	1628667.8259600545
KY7_US-Vir17-VA2	dadi_objects_duos/probs.KY7.US-Vir17-VA2.delim	4396106	1165863.2590036478	0.15524589847017697	2.9236377840319327e-05	1.4911937748066956e-05	4064158.1649177796	-814277.767860716	1628561.535721432
KY7_US-Vir17-VA2	dadi_objects_duos/probs.KY7.US-Vir17-VA2.delim	4396106	745426.6201375023	5.541385529682662	0.8723545287364602	1.3080972565867992	4064158.1649177796	-911123.4985147072	1822252.9970294144
KY7_US-Vir17-VA2	dadi_objects_duos/probs.KY7.US-Vir17-VA2.delim	4396106	1077474.6222953873	4.6606695205183835	0.4474625291728711	0.7100380890377777	4064158.1649177796	-898587.6375525146	1797181.275105029
KY7_US-Vir17-VA2	dadi_objects_duos/probs.KY7.US-Vir17-VA2.delim	4396106	812359.3824027568	9.729162022075421	0.645318255574325	0.6753983759641284	4064158.1649177796	-867065.1362642276	1734136.2725284551
KY7_US-Vir17-VA2	dadi_objects_duos/probs.KY7.US-Vir17-VA2.delim	4396106	310218.4604035981	9.71172261307874	2.7849610102819917	4.130348755712191	4064158.1649177796	-990612.1868753624	1981230.3737507248
KY7_US-Vir17-VA2	dadi_objects_duos/probs.KY7.US-Vir17-VA2.delim	4396106	864208.0406496965	4.3882513507389875	0.7409915379523736	2.0965731874831404	4064158.1649177796	-938303.2022364879	1876612.4044729758
KY7_US-Vir17-VA2	dadi_objects_duos/probs.KY7.US-Vir17-VA2.delim	4396106	237221.2767882615	9.117041349391464	4.534574385295026	4.2354364853287185	4064158.1649177796	-1150378.7995778453	2300763.5991556905
KY7_US-Vir17-VA2	dadi_objects_duos/probs.KY7.US-Vir17-VA2.delim	4396106	846731.6805333662	0.3673731337809654	5.558930481429276	0.12801740421446248	4064158.1649177796	-1357486.442784893	2714978.885569786
KY7_US-Vir17-VA2	dadi_objects_duos/probs.KY7.US-Vir17-VA2.delim	4396106	1162845.091302789	0.0027818891635031234	0.00012178564589558643	2.3319416175601903e-05	4064158.1649177796	-814304.0693020432	1628614.1386040864
KY7_US-Vir17-VA2	dadi_objects_duos/probs.KY7.US-Vir17-VA2.delim	4396106	1091264.4325616846	6.04570997852732	0.6288460021213927	4.959710860705682	4064158.1649177796	-953908.4424383501	1907822.8848767001
KY7_US-Vir17-VA2	dadi_objects_duos/probs.KY7.US-Vir17-VA2.delim	4396106	1163238.368241716	0.02244304144791731	0.00015419109230431805	4.536680069654524e-05	4064158.1649177796	-814301.4424804256	1628608.8849608512
KY7_US-Vir17-VA2	dadi_objects_duos/probs.KY7.US-Vir17-VA2.delim	4396106	1073350.5663562433	4.615890113014823	0.5025452641251754	1.2876047523292653	4064158.1649177796	-933620.2756342436	1867246.5512684872
KY7_US-Vir17-VA2	dadi_objects_duos/probs.KY7.US-Vir17-VA2.delim	4396106	414237.2310232856	8.356094002150153	1.8940940167266034	3.2243234793030116	4064158.1649177796	-954157.9233072561	1908321.8466145121
KY7_US-Vir17-VA2	dadi_objects_duos/probs.KY7.US-Vir17-VA2.delim	4396106	667526.2315546148	8.998142306555483	0.93472275831457	1.4210728025747654	4064158.1649177796	-897275.7800838997	1794557.5601677995
KY7_US-Vir17-VA2	dadi_objects_duos/probs.KY7.US-Vir17-VA2.delim	4396106	2864216.6645706347	3.63621720094107	0.23271079399456387	2.4688138113652687	4064158.1649177796	-955098.3837031301	1910202.7674062601
KY7_US-Vir17-VA2	dadi_objects_duos/probs.KY7.US-Vir17-VA2.delim	4396106	1166677.0216548152	1.4873470603701413	9.184962212633133e-05	5.3193883034287324e-05	4064158.1649177796	-814288.0667640598	1628582.1335281197
KY7_US-Vir17-VA2	dadi_objects_duos/probs.KY7.US-Vir17-VA2.delim	4396106	1165377.4579640788	0.047583511935977416	2.6426921508599754e-05	1.1753175765641007e-05	4064158.1649177796	-814279.2446862559	1628564.4893725119
KY7_US-Vir17-VA2	dadi_objects_duos/probs.KY7.US-Vir17-VA2.delim	4396106	1168003.414543522	0.00035496810554109295	0.00017436726895257474	1.4651448769150905e-05	4064158.1649177796	-814348.7991511805	1628703.598302361
KY7_US-Vir17-VA2	dadi_objects_duos/probs.KY7.US-Vir17-VA2.delim	4396106	235046.8169170014	7.315231002297629	4.680623467634272	4.636980095551134	4064158.1649177796	-1144759.5267183653	2289525.0534367305
KY7_US-Vir17-VA2	dadi_objects_duos/probs.KY7.US-Vir17-VA2.delim	4396106	1162534.4846925556	0.018123583484985162	0.0001409231004341799	4.0313164876441904e-05	4064158.1649177796	-814304.7169673071	1628615.4339346143
KY7_US-Vir17-VA2	dadi_objects_duos/probs.KY7.US-Vir17-VA2.delim	4396106	1152232.399869334	0.3936760603900896	0.0324969430528633	0.0054672564846900635	4064158.1649177796	-818182.9415297299	1636371.8830594597
KY7_US-Vir17-VA2	dadi_objects_duos/probs.KY7.US-Vir17-VA2.delim	4396106	286023.0015813613	7.457761748773865	3.5056747136255155	3.8787698259011276	4064158.1649177796	-1077524.7853452447	2155055.5706904894
KY7_US-Vir17-VA2	dadi_objects_duos/probs.KY7.US-Vir17-VA2.delim	4396106	954816.8337426219	9.049719649350841	0.4427775991090782	0.43296424595680716	4064158.1649177796	-844982.587884531	1689971.175769062
KY7_US-Vir17-VA2	dadi_objects_duos/probs.KY7.US-Vir17-VA2.delim	4396106	241746.01303510132	8.4319667187047	4.404580763276654	4.36282698463987	4064158.1649177796	-1130308.0321234772	2260622.0642469544
KY7_US-Vir17-VA2	dadi_objects_duos/probs.KY7.US-Vir17-VA2.delim	4396106	1145674.6995788943	9.561908176679266	0.11659314188521226	0.058364438643129485	4064158.1649177796	-823189.375804345	1646384.75160869
KY7_US-Vir17-VA2	dadi_objects_duos/probs.KY7.US-Vir17-VA2.delim	4396106	711676.5384789619	2.67203851684362	1.1235198953298662	2.57602166259488	4064158.1649177796	-965981.2169302892	1931968.4338605783
KY7_US-Vir17-VA2	dadi_objects_duos/probs.KY7.US-Vir17-VA2.delim	4396106	1163779.628202726	0.03056815417034258	0.00012517002420481743	4.065434734833777e-05	4064158.1649177796	-814294.7853590345	1628595.570718069
KY7_US-Vir17-VA2	dadi_objects_duos/probs.KY7.US-Vir17-VA2.delim	4396106	382361.29269167	6.556612076594859	2.0982463881648927	4.994620577849166	4064158.1649177796	-964814.2543913432	1929634.5087826864
KY7_US-Vir17-VA2	dadi_objects_duos/probs.KY7.US-Vir17-VA2.delim	4396106	445984.2047098789	6.2881355296390495	1.7210750556674488	4.356250007249336	4064158.1649177796	-955463.9961674316	1910933.9923348632
KY7_US-Vir17-VA2	dadi_objects_duos/probs.KY7.US-Vir17-VA2.delim	4396106	1163849.986026152	0.0013079106261324614	0.00016526855043160458	2.3025605960901164e-05	4064158.1649177796	-814305.5343516828	1628617.0687033655
KY7_US-Vir17-VA2	dadi_objects_duos/probs.KY7.US-Vir17-VA2.delim	4396106	1058396.0135226618	5.653101439378346	0.48921635375796435	1.3218086755691063	4064158.1649177796	-934837.5022983549	1869681.0045967097
KY7_US-Vir17-VA2	dadi_objects_duos/probs.KY7.US-Vir17-VA2.delim	4396106	1164916.103115487	0.04014498665685991	3.7938030943155226e-05	1.5645255866991145e-05	4064158.1649177796	-814280.3945198348	1628566.7890396696
KY7_US-Vir17-VA2	dadi_objects_duos/probs.KY7.US-Vir17-VA2.delim	4396106	1162866.5928415572	0.015391154658271206	4.3166900850055935e-05	1.4885406904073626e-05	4064158.1649177796	-814287.2810696526	1628580.5621393053
KY7_US-Vir17-VA2	dadi_objects_duos/probs.KY7.US-Vir17-VA2.delim	4396106	1166786.8078833772	0.0002323486467715721	0.00017088782675271703	1.1859671161189272e-05	4064158.1649177796	-814324.5515095558	1628655.1030191116
KY7_US-Vir17-VA2	dadi_objects_duos/probs.KY7.US-Vir17-VA2.delim	4396106	289367.7065359629	0.6577750297878532	6.0451566665748055	4.992493198327007	4064158.1649177796	-1550287.2093037076	3100580.418607415
KY7_US-Vir17-VA2	dadi_objects_duos/probs.KY7.US-Vir17-VA2.delim	4396106	201374.0061379324	9.723561539736544	5.942110310334287	4.477124900268262	4064158.1649177796	-1275977.6344718614	2551961.268943723
KY7_US-Vir17-VA2	dadi_objects_duos/probs.KY7.US-Vir17-VA2.delim	4396106	1168002.2246912902	0.00022397243572674027	0.0002111899219597967	1.307730534029995e-05	4064158.1649177796	-814349.6041377702	1628705.2082755405
KY7_US-Vir17-VA2	dadi_objects_duos/probs.KY7.US-Vir17-VA2.delim	4396106	1166580.8444717212	4.120771793894264e-05	0.0037260683305865685	1.1203385103810333e-05	4064158.1649177796	-814330.0586678659	1628666.1173357319
KY7_US-Vir17-VA2	dadi_objects_duos/probs.KY7.US-Vir17-VA2.delim	4396106	350011.54810471984	6.8800292150527795	2.3700246272800447	4.97176880036995	4064158.1649177796	-972971.611459804	1945949.222919608
KY7_US-Vir17-VA2	dadi_objects_duos/probs.KY7.US-Vir17-VA2.delim	4396106	889211.1626303102	9.409093580378197	0.5283838849027108	0.5328714506328874	4064158.1649177796	-853666.7735788991	1707339.5471577982
KY7_US-Vir17-VA2	dadi_objects_duos/probs.KY7.US-Vir17-VA2.delim	4396106	391919.74137250416	9.94714658163897	1.9482477001346827	3.5622894988285423	4064158.1649177796	-946375.9856527264	1892757.9713054528
KY7_US-Vir17-VA2	dadi_objects_duos/probs.KY7.US-Vir17-VA2.delim	4396106	1166930.7348956203	0.0006129226886673306	0.00013546586223768276	1.5698221090413326e-05	4064158.1649177796	-814325.9834615939	1628657.9669231877
KY7_US-Vir17-VA2	dadi_objects_duos/probs.KY7.US-Vir17-VA2.delim	4396106	226434.76989023114	6.571186219679041	4.988467274563712	4.982740380070794	4064158.1649177796	-1156821.3312439707	2313648.6624879413
KY7_US-Vir17-VA2	dadi_objects_duos/probs.KY7.US-Vir17-VA2.delim	4396106	222030.13992896106	9.362333454259481	5.121011205998328	4.216201099289372	4064158.1649177796	-1214915.019893274	2429836.039786548
KY7_US-Vir17-VA2	dadi_objects_duos/probs.KY7.US-Vir17-VA2.delim	4396106	599219.0735121068	9.311500331525226	1.055361792146652	2.6778194617880464	4064158.1649177796	-924719.6778069378	1849445.3556138757
KY7_US-Vir17-VA2	dadi_objects_duos/probs.KY7.US-Vir17-VA2.delim	4396106	1134807.1329823963	9.943152385477145	0.10023856560943832	0.04425661221178608	4064158.1649177796	-823242.0140396379	1646490.0280792757
KY7_US-Vir17-VA2	dadi_objects_duos/probs.KY7.US-Vir17-VA2.delim	4396106	1166327.3459927747	0.00013478751371062984	0.0002205587330285211	1.0174080922149615e-05	4064158.1649177796	-814318.4970998475	1628642.994199695
KY7_US-Vir17-VA2	dadi_objects_duos/probs.KY7.US-Vir17-VA2.delim	4396106	561676.0371296742	8.704108875513317	1.169520749805776	3.164820050157429	4064158.1649177796	-932030.4775334767	1864066.9550669533
KY7_US-Vir17-VA2	dadi_objects_duos/probs.KY7.US-Vir17-VA2.delim	4396106	216907.26532233882	9.364837750315546	5.085184648474087	4.677301736682328	4064158.1649177796	-1169681.0523604825	2339368.104720965
KY7_US-Vir17-VA2	dadi_objects_duos/probs.KY7.US-Vir17-VA2.delim	4396106	344440.10634569346	8.374606212303034	2.830377151179643	2.5648950261159698	4064158.1649177796	-1094938.345747044	2189882.691494088
KY7_US-Vir17-VA2	dadi_objects_duos/probs.KY7.US-Vir17-VA2.delim	4396106	2040249.1936846646	1.4698382254578595	0.3355297712875425	1.6745936542992503	4064158.1649177796	-953535.2446319072	1907076.4892638144
KY7_US-Vir17-VA2	dadi_objects_duos/probs.KY7.US-Vir17-VA2.delim	4396106	1167634.5457701765	0.00028993273885353084	0.00012853856145046412	1.1273031683500753e-05	4064158.1649177796	-814337.2704724619	1628680.5409449239
KY7_US-Vir17-VA2	dadi_objects_duos/probs.KY7.US-Vir17-VA2.delim	4396106	1195299.0453319014	9.811207282399105	0.15092460482874642	0.11879779065635565	4064158.1649177796	-833617.7987976626	1667241.5975953252
KY7_US-Vir17-VA2	dadi_objects_duos/probs.KY7.US-Vir17-VA2.delim	4396106	450438.06780717935	6.75560671717627	1.6640424786930887	4.495398612782515	4064158.1649177796	-951682.3593454978	1903370.7186909956
KY7_US-Vir17-VA2	dadi_objects_duos/probs.KY7.US-Vir17-VA2.delim	4396106	357262.96994939033	7.735241779607208	2.2437120789430556	4.861135015991393	4064158.1649177796	-963094.2032345426	1926194.4064690853
KY7_US-Vir17-VA2	dadi_objects_duos/probs.KY7.US-Vir17-VA2.delim	4396106	558330.178235669	9.286339236321968	1.2170794385151555	2.0319247705636294	4064158.1649177796	-916131.5764344515	1832269.152868903
KY7_US-Vir17-VA2	dadi_objects_duos/probs.KY7.US-Vir17-VA2.delim	4396106	640137.4479802198	2.7886847097482232	1.285577796997985	3.2354793957924994	4064158.1649177796	-973341.1217119169	1946688.2434238337
KY7_US-Vir17-VA2	dadi_objects_duos/probs.KY7.US-Vir17-VA2.delim	4396106	1166393.923580873	0.0005673659128698146	0.00014928903124994148	1.613024553398311e-05	4064158.1649177796	-814319.1974006287	1628644.3948012574
KY7_US-Vir17-VA2	dadi_objects_duos/probs.KY7.US-Vir17-VA2.delim	4396106	1166784.04807851	5.244894865499873e-05	0.0018481527853150793	1.148978594428771e-05	4064158.1649177796	-814333.73062883	1628673.46125766
KY7_US-Vir17-VA2	dadi_objects_duos/probs.KY7.US-Vir17-VA2.delim	4396106	1162803.333000483	0.0020187430908814217	5.824005062858149e-05	1.2438261061348115e-05	4064158.1649177796	-814296.5823183662	1628599.1646367323
