Pair_name	fs_name	L	theta	nuB	nuF	T	fs_sanitycheck	-2LL_model	AIC
KY8_US-Vir18-VA4	dadi_objects_duos/probs.KY8.US-Vir18-VA4.delim	3936129	573986.7742490346	6.161356163968301	1.0737699677410855	1.286252586396163	3696876.6666197837	-1053188.0853269617	2106382.1706539234
KY8_US-Vir18-VA4	dadi_objects_duos/probs.KY8.US-Vir18-VA4.delim	3936129	1027732.1790460031	0.0014047761181458897	5.572882618754682e-05	1.0636869547384776e-05	3696876.6666197837	-931311.1015805432	1862628.2031610864
KY8_US-Vir18-VA4	dadi_objects_duos/probs.KY8.US-Vir18-VA4.delim	3936129	1030161.3489964651	0.27807578003096606	8.242353402737508e-05	3.859811258095871e-05	3696876.6666197837	-931300.6526112738	1862607.3052225476
KY8_US-Vir18-VA4	dadi_objects_duos/probs.KY8.US-Vir18-VA4.delim	3936129	1031085.1743077819	0.5035469063102468	2.826432415684666e-05	1.602024960163075e-05	3696876.6666197837	-931293.9218803069	1862593.8437606138
KY8_US-Vir18-VA4	dadi_objects_duos/probs.KY8.US-Vir18-VA4.delim	3936129	288193.75816387654	3.07017124947445	3.4655700176407653	3.59548978971697	3696876.6666197837	-1276005.0543023255	2552016.108604651
KY8_US-Vir18-VA4	dadi_objects_duos/probs.KY8.US-Vir18-VA4.delim	3936129	475361.9410881175	7.215152102157641	1.2784762017304723	3.5657888942387075	3696876.6666197837	-1077710.0595769507	2155426.1191539015
KY8_US-Vir18-VA4	dadi_objects_duos/probs.KY8.US-Vir18-VA4.delim	3936129	441616.78650842415	9.05307682920391	1.3586874612905484	3.2902044855286485	3696876.6666197837	-1068171.2741154563	2136348.5482309125
KY8_US-Vir18-VA4	dadi_objects_duos/probs.KY8.US-Vir18-VA4.delim	3936129	198026.19265406596	7.414007332021771	5.095221844139985	4.209065472571382	3696876.6666197837	-1330891.0693720444	2661788.138744089
KY8_US-Vir18-VA4	dadi_objects_duos/probs.KY8.US-Vir18-VA4.delim	3936129	997142.7276986613	9.804647631904963	0.16540009272820658	0.09500234699200459	3696876.6666197837	-944953.8772804444	1889913.7545608887
KY8_US-Vir18-VA4	dadi_objects_duos/probs.KY8.US-Vir18-VA4.delim	3936129	798212.4392968066	9.447565671750015	0.49644452573599146	0.4505388768456889	3696876.6666197837	-973720.8301073766	1947447.6602147531
KY8_US-Vir18-VA4	dadi_objects_duos/probs.KY8.US-Vir18-VA4.delim	3936129	394243.60846698144	9.803244918369158	1.7749023382568414	1.9204886458060446	3696876.6666197837	-1103891.8395464248	2207789.6790928496
KY8_US-Vir18-VA4	dadi_objects_duos/probs.KY8.US-Vir18-VA4.delim	3936129	228325.68286333772	0.6431101076612504	7.193478067719996	4.718262830465319	3696876.6666197837	-1788895.2657371617	3577796.5314743235
KY8_US-Vir18-VA4	dadi_objects_duos/probs.KY8.US-Vir18-VA4.delim	3936129	1028243.8198107273	0.028731446673819522	9.24538389702055e-05	3.033478066071214e-05	3696876.6666197837	-931305.9816386672	1862617.9632773343
KY8_US-Vir18-VA4	dadi_objects_duos/probs.KY8.US-Vir18-VA4.delim	3936129	225630.2054273893	9.531146294561495	3.694065553282639	4.491566145042379	3696876.6666197837	-1175315.61672138	2350637.23344276
KY8_US-Vir18-VA4	dadi_objects_duos/probs.KY8.US-Vir18-VA4.delim	3936129	205482.92058015883	9.98328478228133	4.291502197070353	4.532362317022049	3696876.6666197837	-1220194.3908355406	2440394.781671081
KY8_US-Vir18-VA4	dadi_objects_duos/probs.KY8.US-Vir18-VA4.delim	3936129	494775.6108844776	8.258037126224561	1.17785640928641	4.302419858146766	3696876.6666197837	-1081364.5763083515	2162735.152616703
KY8_US-Vir18-VA4	dadi_objects_duos/probs.KY8.US-Vir18-VA4.delim	3936129	293157.661954727	7.740755906616178	2.600433392317978	3.9012555762625554	3696876.6666197837	-1124558.2646568404	2249122.5293136807
KY8_US-Vir18-VA4	dadi_objects_duos/probs.KY8.US-Vir18-VA4.delim	3936129	608985.7219245217	9.105907284682429	0.902342057620811	4.408649282229785	3696876.6666197837	-1086351.772709052	2172709.545418104
KY8_US-Vir18-VA4	dadi_objects_duos/probs.KY8.US-Vir18-VA4.delim	3936129	549747.1894023536	9.853898908704473	0.9808317903775111	3.4248671849207213	3696876.6666197837	-1075487.7925325914	2150981.5850651828
KY8_US-Vir18-VA4	dadi_objects_duos/probs.KY8.US-Vir18-VA4.delim	3936129	209920.95749243582	9.250114854163826	4.259391479393778	4.393649066185018	3696876.6666197837	-1228953.817030338	2457913.634060676
KY8_US-Vir18-VA4	dadi_objects_duos/probs.KY8.US-Vir18-VA4.delim	3936129	296326.93972716306	9.166937564836788	2.419020811667263	4.150666869773306	3696876.6666197837	-1101105.6860557576	2202217.372111515
KY8_US-Vir18-VA4	dadi_objects_duos/probs.KY8.US-Vir18-VA4.delim	3936129	178253.89447249207	8.797485926999762	5.629713491220196	4.712397652997786	3696876.6666197837	-1332830.9617521293	2665667.9235042585
KY8_US-Vir18-VA4	dadi_objects_duos/probs.KY8.US-Vir18-VA4.delim	3936129	400292.6716411037	9.308252722729373	1.518652604042081	4.502188628205054	3696876.6666197837	-1078143.5069929017	2156293.0139858034
KY8_US-Vir18-VA4	dadi_objects_duos/probs.KY8.US-Vir18-VA4.delim	3936129	311542.39417843684	8.403429499914306	2.508199068419008	2.893537212888678	3696876.6666197837	-1144991.5100774087	2289989.0201548175
KY8_US-Vir18-VA4	dadi_objects_duos/probs.KY8.US-Vir18-VA4.delim	3936129	1030098.8065058981	0.000521764731579929	0.00011052130954619505	1.2532748835486803e-05	3696876.6666197837	-931327.4171454756	1862660.8342909513
KY8_US-Vir18-VA4	dadi_objects_duos/probs.KY8.US-Vir18-VA4.delim	3936129	1031147.9235807599	9.730071243078504	9.82589119635325e-05	6.552910020084697e-05	3696876.6666197837	-931289.3395546637	1862584.6791093275
KY8_US-Vir18-VA4	dadi_objects_duos/probs.KY8.US-Vir18-VA4.delim	3936129	759102.2579262458	9.45865548061141	0.5611866631673005	0.4973554064920792	3696876.6666197837	-983123.9220443723	1966253.8440887446
KY8_US-Vir18-VA4	dadi_objects_duos/probs.KY8.US-Vir18-VA4.delim	3936129	311064.39603624237	2.0043799678565226	3.340300999303388	3.8422918214134048	3696876.6666197837	-1296464.7953122263	2592935.5906244526
KY8_US-Vir18-VA4	dadi_objects_duos/probs.KY8.US-Vir18-VA4.delim	3936129	1031502.3576931428	0.00027655746730198446	0.00019369380923017334	1.3366415156146986e-05	3696876.6666197837	-931356.720911322	1862719.441822644
KY8_US-Vir18-VA4	dadi_objects_duos/probs.KY8.US-Vir18-VA4.delim	3936129	342605.4237958872	8.869199930204479	2.084513153891231	2.9675574648041327	3696876.6666197837	-1099412.0013689047	2198830.0027378094
KY8_US-Vir18-VA4	dadi_objects_duos/probs.KY8.US-Vir18-VA4.delim	3936129	1027879.2052192756	0.001018754289318304	0.00019178230491545984	2.2435770760104762e-05	3696876.6666197837	-931328.6847368705	1862663.369473741
KY8_US-Vir18-VA4	dadi_objects_duos/probs.KY8.US-Vir18-VA4.delim	3936129	274294.10851559864	6.232544288953795	3.094776051788027	3.7769047505852944	3696876.6666197837	-1179272.7008762513	2358551.4017525027
KY8_US-Vir18-VA4	dadi_objects_duos/probs.KY8.US-Vir18-VA4.delim	3936129	691868.7913324339	5.6828630744913475	0.8111832370978643	2.8430537533796465	3696876.6666197837	-1080684.3229946934	2161374.645989387
KY8_US-Vir18-VA4	dadi_objects_duos/probs.KY8.US-Vir18-VA4.delim	3936129	877495.147495765	9.31798617263738	0.3728363222835226	0.30463052378045924	3696876.6666197837	-960166.8574814323	1920339.7149628645
KY8_US-Vir18-VA4	dadi_objects_duos/probs.KY8.US-Vir18-VA4.delim	3936129	460207.5528600481	9.3883843831784	1.4616800380505173	1.3262219617129407	3696876.6666197837	-1103311.0511413275	2206628.102282655
KY8_US-Vir18-VA4	dadi_objects_duos/probs.KY8.US-Vir18-VA4.delim	3936129	623173.1660406401	7.805126090322776	0.8828938319306407	3.5924647951253603	3696876.6666197837	-1082618.043198863	2165242.086397726
KY8_US-Vir18-VA4	dadi_objects_duos/probs.KY8.US-Vir18-VA4.delim	3936129	192387.30388706963	9.993282310322599	6.463124277555878	2.6191347256522715	3696876.6666197837	-1778776.3216359722	3557558.6432719445
KY8_US-Vir18-VA4	dadi_objects_duos/probs.KY8.US-Vir18-VA4.delim	3936129	1031156.7811314956	1.733349597240311	3.5871470843305665e-05	2.2414790608448618e-05	3696876.6666197837	-931287.502497997	1862581.004995994
KY8_US-Vir18-VA4	dadi_objects_duos/probs.KY8.US-Vir18-VA4.delim	3936129	15656197.20546778	5.950508456593542	0.04940583510203842	3.104419013806397	3696876.6666197837	-1133404.4922148131	2266814.9844296263
KY8_US-Vir18-VA4	dadi_objects_duos/probs.KY8.US-Vir18-VA4.delim	3936129	182701.3363306779	3.998094706784331	6.985509568080693	4.230667193724488	3696876.6666197837	-1541982.0123469033	3083970.0246938067
KY8_US-Vir18-VA4	dadi_objects_duos/probs.KY8.US-Vir18-VA4.delim	3936129	427111.1333112138	9.349950484402143	1.6429663430242898	1.5014634630799728	3696876.6666197837	-1120537.633121658	2241081.266243316
KY8_US-Vir18-VA4	dadi_objects_duos/probs.KY8.US-Vir18-VA4.delim	3936129	1053796.2068236554	3.2583369132486204e-05	0.003851035044193153	1.028640792644946e-05	3696876.6666197837	-933447.7289082257	1866901.4578164513
KY8_US-Vir18-VA4	dadi_objects_duos/probs.KY8.US-Vir18-VA4.delim	3936129	905215.5821296651	6.882383713197109	0.49673552746470906	1.4620586613011748	3696876.6666197837	-1074475.403842988	2148956.807685976
KY8_US-Vir18-VA4	dadi_objects_duos/probs.KY8.US-Vir18-VA4.delim	3936129	589468.8290955734	6.367169279768309	0.9876185664619265	3.5513601252534395	3696876.6666197837	-1082192.1480216999	2164390.2960433997
KY8_US-Vir18-VA4	dadi_objects_duos/probs.KY8.US-Vir18-VA4.delim	3936129	270405.92668763874	9.829984396594847	2.7062523771588016	4.495761522058799	3696876.6666197837	-1108191.8868324095	2216389.773664819
KY8_US-Vir18-VA4	dadi_objects_duos/probs.KY8.US-Vir18-VA4.delim	3936129	905186.7670984999	9.498770462042756	0.33987731202055776	0.29312648373914035	3696876.6666197837	-957129.5160888495	1914265.032177699
KY8_US-Vir18-VA4	dadi_objects_duos/probs.KY8.US-Vir18-VA4.delim	3936129	483042.84499682905	9.500272357198368	1.3102158117784926	1.416484285893753	3696876.6666197837	-1065473.9305160972	2130953.8610321945
KY8_US-Vir18-VA4	dadi_objects_duos/probs.KY8.US-Vir18-VA4.delim	3936129	621842.835117445	6.7912525176277585	0.9284632861039187	4.17360896698102	3696876.6666197837	-1086298.1383641225	2172602.276728245
KY8_US-Vir18-VA4	dadi_objects_duos/probs.KY8.US-Vir18-VA4.delim	3936129	1025451.9928884836	9.971512091689775	0.011181627617642818	0.004651736774106662	3696876.6666197837	-932794.044284221	1865594.088568442
KY8_US-Vir18-VA4	dadi_objects_duos/probs.KY8.US-Vir18-VA4.delim	3936129	575585.5614375963	5.72353535584	1.0392081012880743	3.318462911844104	3696876.6666197837	-1081628.5775356821	2163263.1550713643
KY8_US-Vir18-VA4	dadi_objects_duos/probs.KY8.US-Vir18-VA4.delim	3936129	261547.22487042876	5.04805884737982	3.494296890311428	3.9309704432547035	3696876.6666197837	-1222151.9895296015	2444309.979059203
KY8_US-Vir18-VA4	dadi_objects_duos/probs.KY8.US-Vir18-VA4.delim	3936129	1030433.4510937767	5.6415299579427666e-05	0.0014008415835499728	1.0894919286410777e-05	3696876.6666197837	-931346.7437574854	1862699.4875149708
KY8_US-Vir18-VA4	dadi_objects_duos/probs.KY8.US-Vir18-VA4.delim	3936129	515828.4871734049	9.89580434222965	1.1962031257124517	1.092002812743738	3696876.6666197837	-1071227.0877027826	2142460.175405565
KY8_US-Vir18-VA4	dadi_objects_duos/probs.KY8.US-Vir18-VA4.delim	3936129	559289.755145666	4.561895048554437	1.138561688952626	2.8605712139859953	3696876.6666197837	-1084380.9435741024	2168767.8871482047
KY8_US-Vir18-VA4	dadi_objects_duos/probs.KY8.US-Vir18-VA4.delim	3936129	581403.3587315334	3.237013559475723	5.1923762178980315	0.127026040213932	3696876.6666197837	-1852969.0344342533	3705944.0688685067
KY8_US-Vir18-VA4	dadi_objects_duos/probs.KY8.US-Vir18-VA4.delim	3936129	381146.3559974869	9.363364770830604	1.632198047770699	4.247793194666674	3696876.6666197837	-1076679.6828784042	2153365.3657568083
KY8_US-Vir18-VA4	dadi_objects_duos/probs.KY8.US-Vir18-VA4.delim	3936129	1030581.3836870816	5.210138193833846e-05	0.0032461341335623	1.263642367087292e-05	3696876.6666197837	-931355.193795698	1862716.387591396
KY8_US-Vir18-VA4	dadi_objects_duos/probs.KY8.US-Vir18-VA4.delim	3936129	396014.2980021177	8.009149908188954	1.7327658420844685	2.5249511808667267	3696876.6666197837	-1085157.4088550166	2170320.817710033
KY8_US-Vir18-VA4	dadi_objects_duos/probs.KY8.US-Vir18-VA4.delim	3936129	271059.86490827764	9.677170146956493	3.02117112179215	3.1574437663651858	3696876.6666197837	-1180568.3672321385	2361142.734464277
KY8_US-Vir18-VA4	dadi_objects_duos/probs.KY8.US-Vir18-VA4.delim	3936129	151790.41921076077	9.017938262518522	7.469388063016505	4.859953034265257	3696876.6666197837	-1485567.0669533792	2971140.1339067584
KY8_US-Vir18-VA4	dadi_objects_duos/probs.KY8.US-Vir18-VA4.delim	3936129	1031166.805579346	9.981533242987876	0.0024593011752768942	0.0012109999012504514	3696876.6666197837	-931647.601854376	1863301.203708752
KY8_US-Vir18-VA4	dadi_objects_duos/probs.KY8.US-Vir18-VA4.delim	3936129	608988.7682584769	9.514688351570248	0.8853230513150016	0.9320893564840949	3696876.6666197837	-1020610.7667148204	2041227.5334296408
KY8_US-Vir18-VA4	dadi_objects_duos/probs.KY8.US-Vir18-VA4.delim	3936129	900398.8650539865	9.467928457267607	0.3398786837959427	0.27630428661530393	3696876.6666197837	-956705.4260079069	1913416.8520158138
KY8_US-Vir18-VA4	dadi_objects_duos/probs.KY8.US-Vir18-VA4.delim	3936129	596787.4576657029	6.268040556202211	0.9690608328529521	3.1993709284816156	3696876.6666197837	-1079589.1550318147	2159184.3100636294
KY8_US-Vir18-VA4	dadi_objects_duos/probs.KY8.US-Vir18-VA4.delim	3936129	1030737.2730413179	7.025670582965796e-05	0.001067740467989529	1.1829251907591732e-05	3696876.6666197837	-931352.7500082325	1862711.500016465
KY8_US-Vir18-VA4	dadi_objects_duos/probs.KY8.US-Vir18-VA4.delim	3936129	481046.9032958626	8.920642138195399	1.3346826665642668	1.4531222319940371	3696876.6666197837	-1069033.5354385157	2138073.0708770314
KY8_US-Vir18-VA4	dadi_objects_duos/probs.KY8.US-Vir18-VA4.delim	3936129	1031358.9163735592	5.2884764559519106e-05	0.00252090784550916	1.2109365570586522e-05	3696876.6666197837	-931366.817804579	1862739.635609158
KY8_US-Vir18-VA4	dadi_objects_duos/probs.KY8.US-Vir18-VA4.delim	3936129	832180.8554322277	0.17007474663888097	1.4910697648074318	2.3935302472830053	3696876.6666197837	-1451385.347550826	2902776.695101652
KY8_US-Vir18-VA4	dadi_objects_duos/probs.KY8.US-Vir18-VA4.delim	3936129	172318.9577863379	7.574106124691884	6.296808741763596	4.610101058192281	3696876.6666197837	-1408279.6652018458	2816565.3304036916
KY8_US-Vir18-VA4	dadi_objects_duos/probs.KY8.US-Vir18-VA4.delim	3936129	132393.04692213726	8.89275554344018	9.859305414944457	4.852454073021886	3696876.6666197837	-1699384.5749720954	3398775.149944191
KY8_US-Vir18-VA4	dadi_objects_duos/probs.KY8.US-Vir18-VA4.delim	3936129	1027056.1523310476	0.027631194136737806	3.826847363835569e-05	1.4270009782028251e-05	3696876.6666197837	-931300.529397602	1862607.058795204
KY8_US-Vir18-VA4	dadi_objects_duos/probs.KY8.US-Vir18-VA4.delim	3936129	1024611.4148307865	9.679201191602257	0.0026351489523149863	0.0012356301109969165	3696876.6666197837	-931692.0684241069	1863390.1368482138
KY8_US-Vir18-VA4	dadi_objects_duos/probs.KY8.US-Vir18-VA4.delim	3936129	439857.92457122885	5.883215462549188	1.5075599113143823	3.3019679797134383	3696876.6666197837	-1086614.4956028347	2173234.9912056695
KY8_US-Vir18-VA4	dadi_objects_duos/probs.KY8.US-Vir18-VA4.delim	3936129	780918.9853203158	9.705297243990096	0.5240987975891057	0.508317858691017	3696876.6666197837	-976049.8607522751	1952105.7215045502
KY8_US-Vir18-VA4	dadi_objects_duos/probs.KY8.US-Vir18-VA4.delim	3936129	263384.496859677	4.214404624779954	3.3568625995513073	4.9552416661978835	3696876.6666197837	-1192946.251733354	2385898.503466708
KY8_US-Vir18-VA4	dadi_objects_duos/probs.KY8.US-Vir18-VA4.delim	3936129	724778.9890782117	9.554160093205983	0.6714319827574334	2.4900847148475487	3696876.6666197837	-1079846.4228772353	2159698.8457544707
KY8_US-Vir18-VA4	dadi_objects_duos/probs.KY8.US-Vir18-VA4.delim	3936129	570380.9878011554	9.425359253193157	0.9884895017550839	1.1468149169850497	3696876.6666197837	-1028822.2368619896	2057650.4737239792
KY8_US-Vir18-VA4	dadi_objects_duos/probs.KY8.US-Vir18-VA4.delim	3936129	1032057.1641896921	0.0005410486046058521	0.0002101315363872132	1.8927155474893454e-05	3696876.6666197837	-931373.3108407522	1862752.6216815044
KY8_US-Vir18-VA4	dadi_objects_duos/probs.KY8.US-Vir18-VA4.delim	3936129	1030946.5668606093	0.0003041660622593421	0.00015535014244414812	1.2346101098528271e-05	3696876.6666197837	-931343.2311161148	1862692.4622322295
KY8_US-Vir18-VA4	dadi_objects_duos/probs.KY8.US-Vir18-VA4.delim	3936129	1032401.1304177955	4.619369298088365e-05	0.002246607172622354	1.0690771482638459e-05	3696876.6666197837	-931386.9953623388	1862779.9907246777
KY8_US-Vir18-VA4	dadi_objects_duos/probs.KY8.US-Vir18-VA4.delim	3936129	448365.64060395095	9.850286043246562	1.5318757007374135	1.2848316478791562	3696876.6666197837	-1124992.5905877822	2249991.1811755644
KY8_US-Vir18-VA4	dadi_objects_duos/probs.KY8.US-Vir18-VA4.delim	3936129	567881.5867011072	9.399881351062	0.9730230378186902	4.463905312961503	3696876.6666197837	-1084853.7514388834	2169713.5028777667
KY8_US-Vir18-VA4	dadi_objects_duos/probs.KY8.US-Vir18-VA4.delim	3936129	293690.0414078032	8.775384208020414	2.3891275319923566	4.884750764306181	3696876.6666197837	-1097399.921488335	2194805.84297667
KY8_US-Vir18-VA4	dadi_objects_duos/probs.KY8.US-Vir18-VA4.delim	3936129	831270.288386189	4.428211498338214	0.6143409222131404	1.1817095502388317	3696876.6666197837	-1052597.4171809028	2105200.8343618056
KY8_US-Vir18-VA4	dadi_objects_duos/probs.KY8.US-Vir18-VA4.delim	3936129	258801.19369804312	0.3601349772496501	6.380362014199749	4.962240379003175	3696876.6666197837	-1801549.6711114692	3603105.3422229383
KY8_US-Vir18-VA4	dadi_objects_duos/probs.KY8.US-Vir18-VA4.delim	3936129	232264.4958017396	9.35279995212906	3.4230440572206704	4.923239057097852	3696876.6666197837	-1144233.4266117555	2288472.853223511
KY8_US-Vir18-VA4	dadi_objects_duos/probs.KY8.US-Vir18-VA4.delim	3936129	995117.1231918683	9.971164312040447	0.1647924776296883	0.09373337791552483	3696876.6666197837	-944797.4295810073	1889600.8591620147
KY8_US-Vir18-VA4	dadi_objects_duos/probs.KY8.US-Vir18-VA4.delim	3936129	1027349.7179963993	0.019162020970395394	4.370008970202511e-05	1.5100543088079273e-05	3696876.6666197837	-931301.3941719397	1862608.7883438794
KY8_US-Vir18-VA4	dadi_objects_duos/probs.KY8.US-Vir18-VA4.delim	3936129	199645.61093134753	8.898265954774281	4.593512738205549	4.65203441200361	3696876.6666197837	-1245023.041483921	2490052.082967842
KY8_US-Vir18-VA4	dadi_objects_duos/probs.KY8.US-Vir18-VA4.delim	3936129	1027849.6881533897	0.0009265240378272241	0.00019132173357302757	2.1624261146209077e-05	3696876.6666197837	-931328.596009374	1862663.192018748
KY8_US-Vir18-VA4	dadi_objects_duos/probs.KY8.US-Vir18-VA4.delim	3936129	193935.43952383744	3.4451986732407796	6.331776561977654	4.421783365784725	3696876.6666197837	-1478683.8673593749	2957373.7347187498
KY8_US-Vir18-VA4	dadi_objects_duos/probs.KY8.US-Vir18-VA4.delim	3936129	1026756.5295291722	9.782971447256466	0.011956996390456057	0.004975433287896833	3696876.6666197837	-932878.3074281254	1865762.6148562508
KY8_US-Vir18-VA4	dadi_objects_duos/probs.KY8.US-Vir18-VA4.delim	3936129	864903.7449744927	5.312497916599984	0.46090806128653755	0.34169102000447965	3696876.6666197837	-982671.0273955136	1965348.0547910272
KY8_US-Vir18-VA4	dadi_objects_duos/probs.KY8.US-Vir18-VA4.delim	3936129	517127.1154431528	9.261276089977049	1.0999735757425557	4.8824163404704874	3696876.6666197837	-1084612.233435354	2169230.466870708
KY8_US-Vir18-VA4	dadi_objects_duos/probs.KY8.US-Vir18-VA4.delim	3936129	739440.7665795108	4.671435214715282	0.8154015725726499	3.848304512991933	3696876.6666197837	-1089806.0346030153	2179618.0692060306
KY8_US-Vir18-VA4	dadi_objects_duos/probs.KY8.US-Vir18-VA4.delim	3936129	197704.00120772675	9.069204628013953	4.88357292594762	4.165370569127258	3696876.6666197837	-1305618.779221057	2611243.558442114
KY8_US-Vir18-VA4	dadi_objects_duos/probs.KY8.US-Vir18-VA4.delim	3936129	343487.0924768646	2.694012695648155	2.829819472027199	2.9192087656574732	3696876.6666197837	-1255178.6656262118	2510363.3312524236
KY8_US-Vir18-VA4	dadi_objects_duos/probs.KY8.US-Vir18-VA4.delim	3936129	1030740.2661218338	0.00035498064591010434	0.00010938911028343449	1.0757670692424433e-05	3696876.6666197837	-931335.7542552222	1862677.5085104443
KY8_US-Vir18-VA4	dadi_objects_duos/probs.KY8.US-Vir18-VA4.delim	3936129	644804.0049543112	8.020140015307302	0.8808849322957625	4.789029390678785	3696876.6666197837	-1088585.743438547	2177177.486877094
KY8_US-Vir18-VA4	dadi_objects_duos/probs.KY8.US-Vir18-VA4.delim	3936129	568880.2825801555	5.278904837824835	1.0820054781513193	2.189694127712677	3696876.6666197837	-1070706.862408166	2141419.724816332
